4326;POLYGON((16.483840052342963 47.88396440433564,16.58554134526237 47.88396440433564,16.58554134526237 47.793486040405405,16.483840052342963 47.793486040405405,16.483840052342963 47.88396440433564))
31254;POLYGON((459952 323386,467554 323998,468371 313944,460755 313331,459952 323386))
31255;POLYGON((235681 309847,243287 310162,243710 300103,236091 299788,235681 309847))
31256;POLYGON((11345 305047,18951 305067,18984 295006,11364 294987,11345 305047))
31257;POLYGON((609952 323386,617554 323998,618371 313944,610755 313331,609952 323386))
31258;POLYGON((685681 309847,693287 310162,693710 300103,686091 299788,685681 309847))
31259;POLYGON((761345 305047,768951 305067,768984 295006,761364 294987,761345 305047))
31284;POLYGON((609952 5323386,617554 5323998,618371 5313944,610755 5313331,609952 5323386))
31285;POLYGON((685681 5309847,693287 5310162,693710 5300103,686091 5299788,685681 5309847))
31286;POLYGON((761345 5305047,768951 5305067,768984 5295006,761364 5294987,761345 5305047))
31287;POLYGON((635553 447501,643151 447813,643571 437765,635960 437452,635553 447501))
