4326;POLYGON((16.642036664322085 47.82586903914444,16.731780965590968 47.82586903914444,16.731780965590968 47.781773037016045,16.642036664322085 47.781773037016045,16.642036664322085 47.82586903914444))
31254;POLYGON((472306 317887,479022 318441,479429 313541,472707 312987,472306 317887))
31255;POLYGON((247788 303883,254507 304174,254722 299272,247998 298981,247788 303883))
31256;POLYGON((23202 298622,29922 298653,29947 293750,23222 293719,23202 298622))
31257;POLYGON((622306 317887,629022 318441,629429 313541,622707 312987,622306 317887))
31258;POLYGON((697788 303883,704507 304174,704722 299272,697998 298981,697788 303883))
31259;POLYGON((773202 298622,779922 298653,779947 293750,773222 293719,773202 298622))
31284;POLYGON((622306 5317887,629022 5318441,629429 5313541,622707 5312987,622306 5317887))
31285;POLYGON((697788 5303883,704507 5304174,704722 5299272,697998 5298981,697788 5303883))
31286;POLYGON((773202 5298622,779922 5298653,779947 5293750,773222 5293719,773202 5298622))
31287;POLYGON((647646 441540,654357 441830,654571 436933,647854 436643,647646 441540))
25833;POLYGON((622898 5298251,629615 5298398,629725 5293497,623002 5293351,622898 5298251))
25832;POLYGON((1071807 5325287,1078518 5325959,1079011 5321062,1072294 5320391,1071807 5325287))
