4326;POLYGON((16.34795622363361 47.973808750909,16.80418044930093 47.973808750909,16.80418044930093 47.735334695960276,16.34795622363361 47.735334695960276,16.34795622363361 47.973808750909))
31254;POLYGON((449014 332567,483057 335332,485284 308834,451084 306066,449014 332567))
31255;POLYGON((225130 319429,259187 320862,260379 294351,226164 292917,225130 319429))
31256;POLYGON((1180 315026,35244 315132,35404 288617,1184 288511,1180 315026))
31257;POLYGON((599014 332567,633057 335332,635284 308834,601084 306066,599014 332567))
31258;POLYGON((675130 319429,709187 320862,710379 294351,676164 292917,675130 319429))
31259;POLYGON((751180 315026,785244 315132,785404 288617,751184 288511,751180 315026))
31284;POLYGON((599014 5332567,633057 5335332,635284 5308834,601084 5306066,599014 5332567))
31285;POLYGON((675130 5319429,709187 5320862,710379 5294351,676164 5292917,675130 5319429))
31286;POLYGON((751180 5315026,785244 5315132,785404 5288617,751184 5288511,751180 5315026))
31287;POLYGON((625014 457077,659038 458497,660220 432016,626041 430590,625014 457077))
25833;POLYGON((600601 5314268,634649 5314964,635268 5288460,601063 5287764,600601 5314268))
25832;POLYGON((1048244 5339572,1082261 5342933,1084952 5316453,1050776 5313089,1048244 5339572))
