4326;POLYGON((16.07927322379016 47.23489268434738,16.529330435911294 47.23489268434738,16.529330435911294 46.992669993771244,16.07927322379016 46.992669993771244,16.07927322379016 47.23489268434738))
31254;POLYGON((435064 248916,469129 251531,471269 224614,437048 221998,435064 248916))
31255;POLYGON((207978 236533,242054 237831,243155 210905,208923 209607,207978 236533))
31256;POLYGON((-19152 232903,14927 232889,14993 205960,-19240 205974,-19152 232903))
31257;POLYGON((585064 248916,619129 251531,621269 224614,587048 221998,585064 248916))
31258;POLYGON((657978 236533,692054 237831,693155 210905,658923 209607,657978 236533))
31259;POLYGON((730847 232903,764927 232889,764993 205960,730759 205974,730847 232903))
31284;POLYGON((585064 5248916,619129 5251531,621269 5224614,587048 5221998,585064 5248916))
31285;POLYGON((657978 5236533,692054 5237831,693155 5210905,658923 5209607,657978 5236533))
31286;POLYGON((730847 5232903,764927 5232889,764993 5205960,730759 5205974,730847 5232903))
31287;POLYGON((607872 374258,641915 375559,643021 348661,608822 347354,607872 374258))
