4326;POLYGON((15.996236066263876 47.133191358442815,16.28954312614306 47.133191358442815,16.28954312614306 46.830633298901496,15.996236066263876 46.830633298901496,15.996236066263876 47.133191358442815))
31254;POLYGON((429600 237153,451844 238811,454408 205188,432037 203529,429600 237153))
31255;POLYGON((202076 225010,224327 225809,225595 192176,203219 191376,202076 225010))
31256;POLYGON((-25489 221620,-3236 221565,-3256 187929,-25635 187984,-25489 221620))
31257;POLYGON((579600 237153,601844 238811,604408 205188,582037 203529,579600 237153))
31258;POLYGON((652076 225010,674327 225809,675595 192176,653219 191376,652076 225010))
31259;POLYGON((724510 221620,746763 221565,746743 187929,724364 187984,724510 221620))
31284;POLYGON((579600 5237153,601844 5238811,604408 5205188,582037 5203529,579600 5237153))
31285;POLYGON((652076 5225010,674327 5225809,675595 5192176,653219 5191376,652076 5225010))
31286;POLYGON((724510 5221620,746763 5221565,746743 5187929,724364 5187984,724510 5221620))
31287;POLYGON((601977 362743,624208 363546,625486 329945,603128 329137,601977 362743))
