4326;POLYGON((16.268583814505668 47.82327768324293,16.55222850512642 47.82327768324293,16.55222850512642 47.632838960257544,16.268583814505668 47.632838960257544,16.268583814505668 47.82327768324293))
31254;POLYGON((444381 315379,465609 317053,467315 295891,446009 294216,444381 315379))
31255;POLYGON((219840 302466,241077 303311,241957 282140,220643 281294,219840 302466))
31256;POLYGON((-4760 298291,16479 298311,16538 277137,-4778 277117,-4760 298291))
31257;POLYGON((594381 315379,615609 317053,617315 295891,596009 294216,594381 315379))
31258;POLYGON((669840 302466,691077 303311,691957 282140,670643 281294,669840 302466))
31259;POLYGON((745239 298291,766479 298311,766538 277137,745221 277117,745239 298291))
31284;POLYGON((594381 5315379,615609 5317053,617315 5295891,596009 5294216,594381 5315379))
31285;POLYGON((669840 5302466,691077 5303311,691957 5282140,670643 5281294,669840 5302466))
31286;POLYGON((745239 5298291,766479 5298311,766538 5277137,745221 5277117,745239 5298291))
31287;POLYGON((619725 440130,640941 440970,641817 419821,620524 418978,619725 440130))
