4326;POLYGON((16.695548421979893 48.118681599402585,17.160767061197664 48.118681599402585,17.160767061197664 47.68142970189146,16.695548421979893 47.68142970189146,16.695548421979893 48.118681599402585))
31254;POLYGON((473617 350754,508229 353732,512543 305150,477635 302167,473617 350754))
31255;POLYGON((250375 336608,285005 338227,287416 289620,252492 287999,250375 336608))
31256;POLYGON((27058 331197,61695 331464,62214 282847,27284 282580,27058 331197))
31257;POLYGON((623617 350754,658229 353732,662543 305150,627635 302167,623617 350754))
31258;POLYGON((700375 336608,735005 338227,737416 289620,702492 287999,700375 336608))
31259;POLYGON((777058 331197,811695 331464,812214 282847,777284 282580,777058 331197))
31284;POLYGON((623617 5350754,658229 5353732,662543 5305150,627635 5302167,623617 5350754))
31285;POLYGON((700375 5336608,735005 5338227,737416 5289620,702492 5287999,700375 5336608))
31286;POLYGON((777058 5331197,811695 5331464,812214 5282847,777284 5282580,777058 5331197))
31287;POLYGON((650241 474229,684832 475830,687223 427286,652342 425672,650241 474229))
