4326;POLYGON((16.281080820912894 47.664704348326666,16.714527387145708 47.664704348326666,16.714527387145708 47.34432224835488,16.281080820912894 47.34432224835488,16.281080820912894 47.664704348326666))
31254;POLYGON((446675 297829,479213 300426,482147 264825,449409 262225,446675 297829))
31255;POLYGON((221447 284872,253998 286201,255548 250586,222798 249256,221447 284872))
31256;POLYGON((-3836 280659,28718 280727,28891 245106,-3862 245038,-3836 280659))
31257;POLYGON((596675 297829,629213 300426,632147 264825,599409 262225,596675 297829))
31258;POLYGON((671447 284872,703998 286201,705548 250586,672798 249256,671447 284872))
31259;POLYGON((746163 280659,778718 280727,778891 245106,746137 245038,746163 280659))
31284;POLYGON((596675 5297829,629213 5300426,632147 5264825,599409 5262225,596675 5297829))
31285;POLYGON((671447 5284872,703998 5286201,705548 5250586,672798 5249256,671447 5284872))
31286;POLYGON((746163 5280659,778718 5280727,778891 5245106,746137 5245038,746163 5280659))
31287;POLYGON((621328 422553,653846 423877,655393 388302,622677 386970,621328 422553))
25833;POLYGON((596179 5279829,628720 5280458,629506 5244853,596766 5244224,596179 5279829))
25832;POLYGON((1046507 5304770,1079022 5307933,1082576 5272356,1049859 5269189,1046507 5304770))
