4326;POLYGON((16.015158111150487 47.456821102542456,16.489425805810868 47.456821102542456,16.489425805810868 47.118061580084905,16.015158111150487 47.118061580084905,16.015158111150487 47.456821102542456))
31254;POLYGON((428407 273224,464153 275953,467135 238308,431158 235576,428407 273224))
31255;POLYGON((202274 261036,238033 262378,239558 224720,203569 223377,202274 261036))
31256;POLYGON((-23905 257594,11857 257556,11931 219893,-24060 219932,-23905 257594))
31257;POLYGON((578407 273224,614153 275953,617135 238308,581158 235576,578407 273224))
31258;POLYGON((652274 261036,688033 262378,689558 224720,653569 223377,652274 261036))
31259;POLYGON((726094 257594,761857 257556,761931 219893,725939 219932,726094 257594))
31284;POLYGON((578407 5273224,614153 5275953,617135 5238308,581158 5235576,578407 5273224))
31285;POLYGON((652274 5261036,688033 5262378,689558 5224720,653569 5223377,652274 5261036))
31286;POLYGON((726094 5257594,761857 5257556,761931 5219893,725939 5219932,726094 5257594))
31287;POLYGON((602171 398739,637897 400081,639424 362462,603469 361112,602171 398739))
25833;POLYGON((576517 5256430,612264 5257006,612983 5219360,577007 5218783,576517 5256430))
25832;POLYGON((1028654 5279832,1064376 5283182,1068010 5245561,1032056 5242209,1028654 5279832))
