4326;POLYGON((10.5 49.5,11.25 49.5,11.25 48.75,10.5 48.75,10.5 49.5))
31254;POLYGON((12103 484781,66431 485169,67437 401761,12284 401371,12103 484781))
31255;POLYGON((-205162 488625,-150842 486850,-153139 403448,-208286 405230,-205162 488625))
31256;POLYGON((-422340 501141,-368051 497194,-373661 413832,-428782 417794,-422340 501141))
31257;POLYGON((162103 484781,216431 485169,217437 401761,162284 401371,162103 484781))
31258;POLYGON((244837 488625,299157 486850,296860 403448,241713 405230,244837 488625))
31259;POLYGON((327659 501141,381948 497194,376338 413832,321217 417794,327659 501141))
31284;POLYGON((162103 5484781,216431 5485169,217437 5401761,162284 5401371,162103 5484781))
31285;POLYGON((244837 5488625,299157 5486850,296860 5403448,241713 5405230,244837 5488625))
31286;POLYGON((327659 5501141,381948 5497194,376338 5413832,321217 5417794,327659 5501141))
31287;POLYGON((194814 626178,249129 624457,246890 541072,191770 542818,194814 626178))
25833;POLYGON((174218 5492778,228501 5489801,224370 5406451,169258 5409439,174218 5492778))
25832;POLYGON((608609 5484122,662910 5485473,665387 5402107,610260 5400750,608609 5484122))
