4326;POLYGON((10.0 47.5,10.25 47.5,10.25 47.25,10.0 47.25,10.0 47.5))
31254;POLYGON((-25091 262420,-6255 262369,-6286 234574,-25211 234625,-25091 262420))
31255;POLYGON((-251079 267754,-232246 266975,-233348 239183,-252271 239963,-251079 267754))
31256;POLYGON((-477007 281841,-458181 280331,-460361 252549,-479277 254061,-477007 281841))
31257;POLYGON((124908 262420,143744 262369,143713 234574,124788 234625,124908 262420))
31258;POLYGON((198920 267754,217753 266975,216651 239183,197728 239963,198920 267754))
31259;POLYGON((272992 281841,291818 280331,289638 252549,270722 254061,272992 281841))
31284;POLYGON((124908 5262420,143744 5262369,143713 5234574,124788 5234625,124908 5262420))
31285;POLYGON((198920 5267754,217753 5266975,216651 5239183,197728 5239963,198920 5267754))
31286;POLYGON((272992 5281841,291818 5280331,289638 5252549,270722 5254061,272992 5281841))
31287;POLYGON((149070 405450,167884 404672,166780 376909,147878 377690,149070 405450))
25833;POLYGON((123474 5272857,142296 5271673,140598 5243898,121686 5245082,123474 5272857))
25832;POLYGON((575313 5261214,594141 5261486,594587 5233704,575669 5233431,575313 5261214))
