4326;POLYGON((10.5 46.5,11.25 46.5,11.25 45.75,10.5 45.75,10.5 46.5))
31254;POLYGON((12813 151206,70385 151599,71344 68233,12985 67840,12813 151206))
31255;POLYGON((-217440 155094,-159870 153299,-162059 69935,-220417 71732,-217440 155094))
31256;POLYGON((-447661 167750,-390103 163759,-395451 80406,-453803 84402,-447661 167750))
31257;POLYGON((162813 151206,220385 151599,221344 68233,162985 67840,162813 151206))
31258;POLYGON((232559 155094,290129 153299,287940 69935,229582 71732,232559 155094))
31259;POLYGON((302338 167750,359896 163759,354548 80406,296196 84402,302338 167750))
31284;POLYGON((162813 5151206,220385 5151599,221344 5068233,162985 5067840,162813 5151206))
31285;POLYGON((232559 5155094,290129 5153299,287940 5069935,229582 5071732,232559 5155094))
31286;POLYGON((302338 5167750,359896 5163759,354548 5080406,296196 5084402,302338 5167750))
31287;POLYGON((182644 292889,240177 291066,237939 207734,179602 209583,182644 292889))
25833;POLYGON((154724 5159448,212265 5156438,208329 5073113,149997 5076126,154724 5159448))
25832;POLYGON((615097 5150696,672644 5152062,675004 5068733,616670 5067365,615097 5150696))
