4326;POLYGON((10.0 50.0,10.25 50.0,10.25 49.75,10.0 49.75,10.0 50.0))
31254;POLYGON((-23865 540434,-5941 540384,-5973 512577,-23990 512628,-23865 540434))
31255;POLYGON((-238899 545707,-220980 544937,-222126 517137,-240138 517908,-238899 545707))
31256;POLYGON((-453818 559630,-435912 558137,-438177 530357,-456176 531852,-453818 559630))
31257;POLYGON((126134 540434,144058 540384,144026 512577,126009 512628,126134 540434))
31258;POLYGON((211100 545707,229019 544937,227873 517137,209861 517908,211100 545707))
31259;POLYGON((296181 559630,314087 558137,311822 530357,293823 531852,296181 559630))
31284;POLYGON((126134 5540434,144058 5540384,144026 5512577,126009 5512628,126134 5540434))
31285;POLYGON((211100 5545707,229019 5544937,227873 5517137,209861 5517908,211100 5545707))
31286;POLYGON((296181 5559630,314087 5558137,311822 5530357,293823 5531852,296181 5559630))
31287;POLYGON((161002 683202,178922 682461,177817 654662,159808 655406,161002 683202))
25833;POLYGON((141743 5550619,159649 5549449,157884 5521670,139885 5522841,141743 5550619))
25832;POLYGON((571666 5539109,589582 5539379,590046 5511584,572037 5511314,571666 5539109))
