4326;POLYGON((10.0 47.0,10.25 47.0,10.25 46.75,10.0 46.75,10.0 47.0))
31254;POLYGON((-25330 206832,-6316 206781,-6347 178988,-25449 179039,-25330 206832))
31255;POLYGON((-253459 212173,-234447 211393,-235540 183603,-254641 184383,-253459 212173))
31256;POLYGON((-481538 226280,-462531 224767,-464693 196986,-483789 198499,-481538 226280))
31257;POLYGON((124669 206832,143683 206781,143652 178988,124550 179039,124669 206832))
31258;POLYGON((196540 212173,215552 211393,214459 183603,195358 184383,196540 212173))
31259;POLYGON((268461 226280,287468 224767,285306 196986,266210 198499,268461 226280))
31284;POLYGON((124669 5206832,143683 5206781,143652 5178988,124550 5179039,124669 5206832))
31285;POLYGON((196540 5212173,215552 5211393,214459 5183603,195358 5184383,196540 5212173))
31286;POLYGON((268461 5226280,287468 5224767,285306 5196986,266210 5198499,268461 5226280))
31287;POLYGON((146685 349931,165677 349146,164574 321383,145492 322172,146685 349931))
25833;POLYGON((119905 5217308,138907 5216123,137222 5188348,118132 5189534,119905 5217308))
25832;POLYGON((576025 5205649,595031 5205922,595473 5178141,576379 5177868,576025 5205649))
