4326;POLYGON((10.5 46.25,11.25 46.25,11.25 45.5,10.5 45.5,10.5 46.25))
31254;POLYGON((12870 123417,70706 123809,71660 40447,13041 40054,12870 123417))
31255;POLYGON((-218436 127306,-160603 125510,-162782 42149,-221401 43946,-218436 127306))
31256;POLYGON((-449717 139968,-391893 135974,-397218 52622,-455833 56619,-449717 139968))
31257;POLYGON((162870 123417,220706 123809,221660 40447,163041 40054,162870 123417))
31258;POLYGON((231563 127306,289396 125510,287217 42149,228598 43946,231563 127306))
31259;POLYGON((300282 139968,358106 135974,352781 52622,294166 56619,300282 139968))
31284;POLYGON((162870 5123417,220706 5123809,221660 5040447,163041 5040054,162870 5123417))
31285;POLYGON((231563 5127306,289396 5125510,287217 5042149,228598 5043946,231563 5127306))
31286;POLYGON((300282 5139968,358106 5135974,352781 5052622,294166 5056619,300282 5139968))
31287;POLYGON((181630 265122,239431 263291,237193 179953,178588 181809,181630 265122))
25833;POLYGON((153142 5131674,210948 5128662,207027 5045339,148435 5048353,153142 5131674))
25832;POLYGON((615623 5122918,673434 5124285,675784 5040958,617189 5039590,615623 5122918))
