4326;POLYGON((10.0 47.25,10.75 47.25,10.75 46.5,10.0 46.5,10.0 47.25))
31254;POLYGON((-25211 234625,31564 234654,32004 151277,-25568 151248,-25211 234625))
31255;POLYGON((-252271 239963,-195502 237806,-198250 154435,-255818 156595,-252271 239963))
31256;POLYGON((-479277 254061,-422526 249709,-428476 166359,-486031 170718,-479277 254061))
31257;POLYGON((124788 234625,181564 234654,182004 151277,124431 151248,124788 234625))
31258;POLYGON((197728 239963,254497 237806,251749 154435,194181 156595,197728 239963))
31259;POLYGON((270722 254061,327473 249709,321523 166359,263968 170718,270722 254061))
31284;POLYGON((124788 5234625,181564 5234654,182004 5151277,124431 5151248,124788 5234625))
31285;POLYGON((197728 5239963,254497 5237806,251749 5154435,194181 5156595,197728 5239963))
31286;POLYGON((270722 5254061,327473 5249709,321523 5166359,263968 5170718,270722 5254061))
31287;POLYGON((147878 377690,204593 375528,201820 292220,144300 294413,147878 377690))
25833;POLYGON((121686 5245082,178424 5241712,173904 5158384,116365 5161760,121686 5245082))
25832;POLYGON((575669 5233431,632421 5234431,634279 5151091,576731 5150089,575669 5233431))
