4326;POLYGON((10.5 48.0,10.75 48.0,10.75 47.75,10.5 47.75,10.5 48.0))
31254;POLYGON((12462 317972,31119 318042,31268 290244,12521 290174,12462 317972))
31255;POLYGON((-211374 321843,-192719 321187,-193650 293392,-212395 294049,-211374 321843))
31256;POLYGON((-435150 334446,-416503 333060,-418519 305277,-437256 306664,-435150 334446))
31257;POLYGON((162462 317972,181119 318042,181268 290244,162521 290174,162462 317972))
31258;POLYGON((238625 321843,257280 321187,256349 293392,237604 294049,238625 321843))
31259;POLYGON((314849 334446,333496 333060,331480 305277,312743 306664,314849 334446))
31284;POLYGON((162462 5317972,181119 5318042,181268 5290244,162521 5290174,162462 5317972))
31285;POLYGON((238625 5321843,257280 5321187,256349 5293392,237604 5294049,238625 5321843))
31286;POLYGON((314849 5334446,333496 5333060,331480 5305277,312743 5306664,314849 5334446))
31287;POLYGON((188728 459493,207367 458842,206442 431069,187714 431723,188728 459493))
25833;POLYGON((164356 5326105,182999 5325045,181468 5297266,162734 5298327,164356 5326105))
25832;POLYGON((611891 5317388,630540 5317781,631169 5289997,612431 5289603,611891 5317388))
