4326;POLYGON((10.5 48.0,11.25 48.0,11.25 47.25,10.5 47.25,10.5 48.0))
31254;POLYGON((12462 317972,68432 318363,69414 234976,12639 234584,12462 317972))
31255;POLYGON((-211374 321843,-155410 320056,-157653 236673,-214425 238464,-211374 321843))
31256;POLYGON((-435150 334446,-379207 330472,-384688 247114,-441443 251099,-435150 334446))
31257;POLYGON((162462 317972,218432 318363,219414 234976,162639 234584,162462 317972))
31258;POLYGON((238625 321843,294589 320056,292346 236673,235574 238464,238625 321843))
31259;POLYGON((314849 334446,370792 330472,365311 247114,308556 251099,314849 334446))
31284;POLYGON((162462 5317972,218432 5318363,219414 5234976,162639 5234584,162462 5317972))
31285;POLYGON((238625 5321843,294589 5320056,292346 5236673,235574 5238464,238625 5321843))
31286;POLYGON((314849 5334446,370792 5330472,365311 5247114,308556 5251099,314849 5334446))
31287;POLYGON((188728 459493,244652 457721,242414 374391,185686 376188,188728 459493))
25833;POLYGON((164356 5326105,220287 5323107,216252 5239769,159511 5242774,164356 5326105))
25832;POLYGON((611891 5317388,667835 5318749,670254 5235401,613504 5234037,611891 5317388))
