4326;POLYGON((9.75 50.0,10.5 50.0,10.5 49.25,9.75 49.25,9.75 50.0))
31254;POLYGON((-41789 540545,11982 540393,12164 456976,-42439 457128,-41789 540545))
31255;POLYGON((-256817 546537,-203060 544227,-206207 460826,-260799 463146,-256817 546537))
31256;POLYGON((-471722 561183,-418005 556705,-424495 473358,-479051 477856,-471722 561183))
31257;POLYGON((108210 540545,161982 540393,162164 456976,107560 457128,108210 540545))
31258;POLYGON((193182 546537,246939 544227,243792 460826,189200 463146,193182 546537))
31259;POLYGON((278277 561183,331994 556705,325504 473358,270948 477856,278277 561183))
31284;POLYGON((108210 5540545,161982 5540393,162164 5456976,107560 5457128,108210 5540545))
31285;POLYGON((193182 5546537,246939 5544227,243792 5460826,189200 5463146,193182 5546537))
31286;POLYGON((278277 5561183,331994 5556705,325504 5473358,270948 5477856,278277 5561183))
31287;POLYGON((143085 684001,196844 681778,193799 598387,139235 600643,143085 684001))
25833;POLYGON((123839 5551849,177555 5548339,172558 5464998,118006 5468523,123839 5551849))
25832;POLYGON((553750 5538900,607498 5539708,609161 5456330,554581 5455518,553750 5538900))
