4326;POLYGON((10.25 48.75,11.0 48.75,11.0 48.0,10.25 48.0,10.25 48.75))
31254;POLYGON((-6100 401361,49053 401570,49775 318172,-6193 317962,-6100 401361))
31255;POLYGON((-226667 405945,-171522 403982,-174065 320591,-230028 322560,-226667 405945))
31256;POLYGON((-447153 419236,-392036 415091,-397856 331736,-453796 335893,-447153 419236))
31257;POLYGON((143899 401361,199053 401570,199775 318172,143806 317962,143899 401361))
31258;POLYGON((223332 405945,278477 403982,275934 320591,219971 322560,223332 405945))
31259;POLYGON((302846 419236,357963 415091,352143 331736,296203 335893,302846 419236))
31284;POLYGON((143899 5401361,199053 5401570,199775 5318172,143806 5317962,143899 5401361))
31285;POLYGON((223332 5405945,278477 5403982,275934 5320591,219971 5322560,223332 5405945))
31286;POLYGON((302846 5419236,357963 5415091,352143 5331736,296203 5335893,302846 5419236))
31287;POLYGON((173401 543518,228515 541595,226009 458252,170090 460203,173401 543518))
25833;POLYGON((150889 5410556,205999 5407386,201643 5324045,145713 5327225,150889 5410556))
25832;POLYGON((591883 5400418,647011 5401594,649187 5318235,593243 5317056,591883 5400418))
