4326;POLYGON((10.25 47.75,11.0 47.75,11.0 47.0,10.25 47.0,10.25 47.75))
31254;POLYGON((-6224 290165,50014 290375,50725 206991,-6316 206781,-6224 290165))
31255;POLYGON((-231139 294767,-174906 292796,-177408 209417,-234447 211393,-231139 294767))
31256;POLYGON((-455993 308112,-399780 303951,-405509 220597,-462531 224767,-455993 308112))
31257;POLYGON((143775 290165,200014 290375,200725 206991,143683 206781,143775 290165))
31258;POLYGON((218860 294767,275093 292796,272591 209417,215552 211393,218860 294767))
31259;POLYGON((294006 308112,350219 303951,344490 220597,287468 224767,294006 308112))
31284;POLYGON((143775 5290165,200014 5290375,200725 5206991,143683 5206781,143775 5290165))
31285;POLYGON((218860 5294767,275093 5292796,272591 5209417,215552 5211393,218860 5294767))
31286;POLYGON((294006 5308112,350219 5303951,344490 5220597,287468 5224767,294006 5308112))
31287;POLYGON((168987 432437,225173 430476,222668 347157,165677 349146,168987 432437))
25833;POLYGON((144001 5299449,200202 5296266,195914 5212933,138907 5216123,144001 5299449))
25832;POLYGON((593693 5289270,649907 5290451,652049 5207105,595031 5205922,593693 5289270))
