4326;POLYGON((10.25 46.75,11.0 46.75,11.0 46.0,10.25 46.0,10.25 46.75))
31254;POLYGON((-6347 178988,50960 179199,51660 95829,-6438 95618,-6347 178988))
31255;POLYGON((-235540 183603,-178236 181626,-180698 98260,-238794 100239,-235540 183603))
31256;POLYGON((-464693 196986,-407403 192812,-413039 109460,-471126 113639,-464693 196986))
31257;POLYGON((143652 178988,200960 179199,201660 95829,143561 95618,143652 178988))
31258;POLYGON((214459 183603,271763 181626,269301 98260,211205 100239,214459 183603))
31259;POLYGON((285306 196986,342596 192812,336960 109460,278873 113639,285306 196986))
31284;POLYGON((143652 5178988,200960 5179199,201660 5095829,143561 5095618,143652 5178988))
31285;POLYGON((214459 5183603,271763 5181626,269301 5098260,211205 5100239,214459 5183603))
31286;POLYGON((285306 5196986,342596 5192812,336960 5109460,278873 5113639,285306 5196986))
31287;POLYGON((164574 321383,221832 319385,219327 236064,161264 238091,164574 321383))
25833;POLYGON((137222 5188348,194497 5185156,190279 5101830,132211 5105026,137222 5188348))
25832;POLYGON((595473 5178141,652757 5179325,654863 5095992,596790 5094807,595473 5178141))
