4326;POLYGON((10.0 49.25,10.75 49.25,10.75 48.5,10.0 48.5,10.0 49.25))
31254;POLYGON((-24238 457017,30365 457046,30819 373640,-24606 373611,-24238 457017))
31255;POLYGON((-242602 462313,-188009 460173,-190846 376778,-246264 378925,-242602 462313))
31256;POLYGON((-460867 476296,-406307 471980,-412448 388628,-467838 392960,-460867 476296))
31257;POLYGON((125761 457017,180365 457046,180819 373640,125393 373611,125761 457017))
31258;POLYGON((207397 462313,261990 460173,259153 376778,203735 378925,207397 462313))
31259;POLYGON((289132 476296,343692 471980,337551 388628,282161 392960,289132 476296))
31284;POLYGON((125761 5457017,180365 5457046,180819 5373640,125393 5373611,125761 5457017))
31285;POLYGON((207397 5462313,261990 5460173,259153 5376778,203735 5378925,207397 5462313))
31286;POLYGON((289132 5476296,343692 5471980,337551 5388628,282161 5392960,289132 5476296))
31287;POLYGON((157421 599832,211992 597752,209217 514396,153841 516507,157421 599832))
25833;POLYGON((136189 5467287,190744 5463944,186079 5380603,130697 5383958,136189 5467287))
25832;POLYGON((572775 5455728,627354 5456721,629273 5373354,573871 5372358,572775 5455728))
