4326;POLYGON((10.5 50.25,11.25 50.25,11.25 49.5,10.5 49.5,10.5 50.25))
31254;POLYGON((11921 568201,65413 568588,66431 485169,12103 484781,11921 568201))
31255;POLYGON((-202003 572029,-148519 570261,-150842 486850,-205162 488625,-202003 572029))
31256;POLYGON((-415826 584487,-362378 580558,-368051 497194,-422340 501141,-415826 584487))
31257;POLYGON((161921 568201,215413 568588,216431 485169,162103 484781,161921 568201))
31258;POLYGON((247996 572029,301480 570261,299157 486850,244837 488625,247996 572029))
31259;POLYGON((334173 584487,387621 580558,381948 497194,327659 501141,334173 584487))
31284;POLYGON((161921 5568201,215413 5568588,216431 5485169,162103 5484781,161921 5568201))
31285;POLYGON((247996 5572029,301480 5570261,299157 5486850,244837 5488625,247996 5572029))
31286;POLYGON((334173 5584487,387621 5580558,381948 5497194,327659 5501141,334173 5584487))
31287;POLYGON((197860 709588,251370 707892,249129 624457,194814 626178,197860 709588))
25833;POLYGON((179233 5576121,232679 5573157,228501 5489801,174218 5492778,179233 5576121))
25832;POLYGON((606939 5567503,660405 5568849,662910 5485473,608609 5484122,606939 5567503))
