4326;POLYGON((10.0 48.75,10.75 48.75,10.75 48.0,10.0 48.0,10.0 48.75))
31254;POLYGON((-24484 401412,30668 401440,31119 318042,-24850 318013,-24484 401412))
31255;POLYGON((-245048 406720,-189904 404576,-192719 321187,-248681 323338,-245048 406720))
31256;POLYGON((-465523 420739,-410409 416412,-416503 333060,-472440 337401,-465523 420739))
31257;POLYGON((125515 401412,180668 401440,181119 318042,125149 318013,125515 401412))
31258;POLYGON((204951 406720,260095 404576,257280 321187,201318 323338,204951 406720))
31259;POLYGON((284476 420739,339590 416412,333496 333060,277559 337401,284476 420739))
31284;POLYGON((125515 5401412,180668 5401440,181119 5318042,125149 5318013,125515 5401412))
31285;POLYGON((204951 5406720,260095 5404576,257280 5321187,201318 5323338,204951 5406720))
31286;POLYGON((284476 5420739,339590 5416412,333496 5333060,277559 5337401,284476 5420739))
31287;POLYGON((155034 544278,210142 542177,207367 458842,151455 460974,155034 544278))
25833;POLYGON((132521 5411734,187628 5408382,182999 5325045,127071 5328407,132521 5411734))
25832;POLYGON((573507 5400147,628636 5401142,630540 5317781,574595 5316784,573507 5400147))
