4326;POLYGON((10.25 49.75,11.0 49.75,11.0 49.0,10.25 49.0,10.25 49.75))
31254;POLYGON((-5973 512577,48076 512785,48810 429372,-6068 429163,-5973 512577))
31255;POLYGON((-222126 517137,-168085 515184,-170667 431781,-225538 433742,-222126 517137))
31256;POLYGON((-438177 530357,-384171 526235,-390081 442877,-444922 447016,-438177 530357))
31257;POLYGON((144026 512577,198076 512785,198810 429372,143931 429163,144026 512577))
31258;POLYGON((227873 517137,281914 515184,279332 431781,224461 433742,227873 517137))
31259;POLYGON((311822 530357,365828 526235,359918 442877,305077 447016,311822 530357))
31284;POLYGON((144026 5512577,198076 5512785,198810 5429372,143931 5429163,144026 5512577))
31285;POLYGON((227873 5517137,281914 5515184,279332 5431781,224461 5433742,227873 5517137))
31286;POLYGON((311822 5530357,365828 5526235,359918 5442877,305077 5447016,311822 5530357))
31287;POLYGON((177817 654662,231858 652776,229351 569383,174505 571297,177817 654662))
25833;POLYGON((157884 5521670,211886 5518516,207462 5435168,152628 5438334,157884 5521670))
25832;POLYGON((590046 5511584,644071 5512754,646280 5429382,591427 5428208,590046 5511584))
