4326;POLYGON((10.0 48.75,10.25 48.75,10.25 48.5,10.0 48.5,10.0 48.75))
31254;POLYGON((-24484 401412,-6100 401361,-6131 373560,-24606 373611,-24484 401412))
31255;POLYGON((-245048 406720,-226667 405945,-227792 378149,-246264 378925,-245048 406720))
31256;POLYGON((-465523 420739,-447153 419236,-449376 391455,-467838 392960,-465523 420739))
31257;POLYGON((125515 401412,143899 401361,143868 373560,125393 373611,125515 401412))
31258;POLYGON((204951 406720,223332 405945,222207 378149,203735 378925,204951 406720))
31259;POLYGON((284476 420739,302846 419236,300623 391455,282161 392960,284476 420739))
31284;POLYGON((125515 5401412,143899 5401361,143868 5373560,125393 5373611,125515 5401412))
31285;POLYGON((204951 5406720,223332 5405945,222207 5378149,203735 5378925,204951 5406720))
31286;POLYGON((284476 5420739,302846 5419236,300623 5391455,282161 5392960,284476 5420739))
31287;POLYGON((155034 544278,173401 543518,172297 515744,153841 516507,155034 544278))
25833;POLYGON((132521 5411734,150889 5410556,149157 5382779,130697 5383958,132521 5411734))
25832;POLYGON((573507 5400147,591883 5400418,592338 5372630,573871 5372358,573507 5400147))
