4326;POLYGON((9.75 46.75,10.5 46.75,10.5 46.0,9.75 46.0,9.75 46.75))
31254;POLYGON((-44552 179151,12755 178998,12928 95628,-45170 95782,-44552 179151))
31255;POLYGON((-273741 185225,-216439 182883,-219428 99518,-277523 101863,-273741 185225))
31256;POLYGON((-502884 200074,-445597 195533,-451764 112185,-509850 116732,-502884 200074))
31257;POLYGON((105447 179151,162755 178998,162928 95628,104829 95782,105447 179151))
31258;POLYGON((176258 185225,233560 182883,230571 99518,172476 101863,176258 185225))
31259;POLYGON((247115 200074,304402 195533,298235 112185,240149 116732,247115 200074))
31284;POLYGON((105447 5179151,162755 5178998,162928 5095628,104829 5095782,105447 5179151))
31285;POLYGON((176258 5185225,233560 5182883,230571 5099518,172476 5101863,176258 5185225))
31286;POLYGON((247115 5200074,304402 5195533,298235 5112185,240149 5116732,247115 5200074))
31287;POLYGON((126414 323023,183658 320656,180616 237353,122568 239753,126414 323023))
25833;POLYGON((99041 5190781,156313 5187223,151566 5103900,93500 5107462,99041 5190781))
25832;POLYGON((557284 5177656,614568 5178475,616148 5095141,558074 5094320,557284 5177656))
