4326;POLYGON((10.5 47.25,11.25 47.25,11.25 46.5,10.5 46.5,10.5 47.25))
31254;POLYGON((12639 234584,69414 234976,70385 151599,12813 151206,12639 234584))
31255;POLYGON((-214425 238464,-157653 236673,-159870 153299,-217440 155094,-214425 238464))
31256;POLYGON((-441443 251099,-384688 247114,-390103 163759,-447661 167750,-441443 251099))
31257;POLYGON((162639 234584,219414 234976,220385 151599,162813 151206,162639 234584))
31258;POLYGON((235574 238464,292346 236673,290129 153299,232559 155094,235574 238464))
31259;POLYGON((308556 251099,365311 247114,359896 163759,302338 167750,308556 251099))
31284;POLYGON((162639 5234584,219414 5234976,220385 5151599,162813 5151206,162639 5234584))
31285;POLYGON((235574 5238464,292346 5236673,290129 5153299,232559 5155094,235574 5238464))
31286;POLYGON((308556 5251099,365311 5247114,359896 5163759,302338 5167750,308556 5251099))
31287;POLYGON((185686 376188,242414 374391,240177 291066,182644 292889,185686 376188))
25833;POLYGON((159511 5242774,216252 5239769,212265 5156438,154724 5159448,159511 5242774))
25832;POLYGON((613504 5234037,670254 5235401,672644 5152062,615097 5150696,613504 5234037))
