4326;POLYGON((10.5 50.0,11.25 50.0,11.25 49.25,10.5 49.25,10.5 50.0))
31254;POLYGON((11982 540393,65754 540781,66768 457365,12164 456976,11982 540393))
31255;POLYGON((-203060 544227,-149296 542457,-151611 459048,-206207 460826,-203060 544227))
31256;POLYGON((-418005 556705,-364276 552770,-369928 469406,-424495 473358,-418005 556705))
31257;POLYGON((161982 540393,215754 540781,216768 457365,162164 456976,161982 540393))
31258;POLYGON((246939 544227,300703 542457,298388 459048,243792 460826,246939 544227))
31259;POLYGON((331994 556705,385723 552770,380071 469406,325504 473358,331994 556705))
31284;POLYGON((161982 5540393,215754 5540781,216768 5457365,162164 5456976,161982 5540393))
31285;POLYGON((246939 5544227,300703 5542457,298388 5459048,243792 5460826,246939 5544227))
31286;POLYGON((331994 5556705,385723 5552770,380071 5469406,325504 5473358,331994 5556705))
31287;POLYGON((196844 681778,250623 680074,248383 596657,193799 598387,196844 681778))
25833;POLYGON((177555 5548339,231281 5545371,227119 5462017,172558 5464998,177555 5548339))
25832;POLYGON((607498 5539708,661243 5541056,663739 5457683,609161 5456330,607498 5539708))
