4326;POLYGON((10.5 48.5,11.25 48.5,11.25 47.75,10.5 47.75,10.5 48.5))
31254;POLYGON((12344 373570,67770 373960,68761 290566,12521 290174,12344 373570))
31255;POLYGON((-209319 377434,-153899 375650,-156161 292260,-212395 294049,-209319 377434))
31256;POLYGON((-430913 390011,-375517 386045,-381041 302685,-437256 306664,-430913 390011))
31257;POLYGON((162344 373570,217770 373960,218761 290566,162521 290174,162344 373570))
31258;POLYGON((240680 377434,296100 375650,293838 292260,237604 294049,240680 377434))
31259;POLYGON((319086 390011,374482 386045,368958 302685,312743 306664,319086 390011))
31284;POLYGON((162344 5373570,217770 5373960,218761 5290566,162521 5290174,162344 5373570))
31285;POLYGON((240680 5377434,296100 5375650,293838 5292260,237604 5294049,240680 5377434))
31286;POLYGON((319086 5390011,374482 5386045,368958 5302685,312743 5306664,319086 5390011))
31287;POLYGON((190756 515040,246144 513285,243906 429943,187714 431723,190756 515040))
25833;POLYGON((167618 5381660,223004 5378669,218937 5295327,162734 5298327,167618 5381660))
25832;POLYGON((610806 5372962,666206 5374320,668645 5290966,612431 5289603,610806 5372962))
