4326;POLYGON((10.5 49.0,11.25 49.0,11.25 48.25,10.5 48.25,10.5 49.0))
31254;POLYGON((12224 429173,67103 429562,68101 346161,12403 345770,12224 429173))
31255;POLYGON((-207249 433028,-152376 431248,-154656 347852,-210348 349638,-207249 433028))
31256;POLYGON((-426643 445576,-371798 441619,-377366 358258,-433035 362229,-426643 445576))
31257;POLYGON((162224 429173,217103 429562,218101 346161,162403 345770,162224 429173))
31258;POLYGON((242750 433028,297623 431248,295343 347852,239651 349638,242750 433028))
31259;POLYGON((323356 445576,378201 441619,372633 358258,316964 362229,323356 445576))
31284;POLYGON((162224 5429173,217103 5429562,218101 5346161,162403 5345770,162224 5429173))
31285;POLYGON((242750 5433028,297623 5431248,295343 5347852,239651 5349638,242750 5433028))
31286;POLYGON((323356 5445576,378201 5441619,372633 5358258,316964 5362229,323356 5445576))
31287;POLYGON((192785 570600,247636 568862,245398 485502,189742 487265,192785 570600))
25833;POLYGON((170905 5437218,225742 5434233,221643 5350887,165984 5353882,170905 5437218))
25832;POLYGON((609712 5428539,664564 5429895,667022 5346534,611350 5345174,609712 5428539))
