4326;POLYGON((10.0 47.0,10.75 47.0,10.75 46.25,10.0 46.25,10.0 47.0))
31254;POLYGON((-25330 206832,31711 206860,32149 123487,-25686 123458,-25330 206832))
31255;POLYGON((-253459 212173,-196421 210015,-199158 126646,-256991 128807,-253459 212173))
31256;POLYGON((-481538 226280,-424517 221926,-430443 138575,-488264 142937,-481538 226280))
31257;POLYGON((124669 206832,181711 206860,182149 123487,124313 123458,124669 206832))
31258;POLYGON((196540 212173,253578 210015,250841 126646,193008 128807,196540 212173))
31259;POLYGON((268461 226280,325482 221926,319556 138575,261735 142937,268461 226280))
31284;POLYGON((124669 5206832,181711 5206860,182149 5123487,124313 5123458,124669 5206832))
31285;POLYGON((196540 5212173,253578 5210015,250841 5126646,193008 5128807,196540 5212173))
31286;POLYGON((268461 5226280,325482 5221926,319556 5138575,261735 5142937,268461 5226280))
31287;POLYGON((146685 349931,203669 347759,200895 264449,143107 266653,146685 349931))
25833;POLYGON((119905 5217308,176911 5213935,172410 5130609,114606 5133987,119905 5217308))
25832;POLYGON((576025 5205649,633043 5206650,634894 5123313,577082 5122310,576025 5205649))
