4326;POLYGON((10.25 46.5,11.0 46.5,11.0 45.75,10.25 45.75,10.25 46.5))
31254;POLYGON((-6377 151197,51194 151408,51891 68042,-6468 67831,-6377 151197))
31255;POLYGON((-236629 155814,-179060 153837,-181512 70473,-239869 72453,-236629 155814))
31256;POLYGON((-466847 169204,-409290 165028,-414902 81677,-473253 85857,-466847 169204))
31257;POLYGON((143622 151197,201194 151408,201891 68042,143531 67831,143622 151197))
31258;POLYGON((213370 155814,270939 153837,268487 70473,210130 72453,213370 155814))
31259;POLYGON((283152 169204,340709 165028,335097 81677,276746 85857,283152 169204))
31284;POLYGON((143622 5151197,201194 5151408,201891 5068042,143531 5067831,143622 5151197))
31285;POLYGON((213370 5155814,270939 5153837,268487 5070473,210130 5072453,213370 5155814))
31286;POLYGON((283152 5169204,340709 5165028,335097 5081677,276746 5085857,283152 5169204))
31287;POLYGON((163471 293620,220997 291612,218491 208288,160161 210324,163471 293620))
25833;POLYGON((135545 5160574,193085 5157380,188885 5074056,130554 5077253,135545 5160574))
25832;POLYGON((595914 5150362,653462 5151546,655559 5068216,597225 5067031,595914 5150362))
