4326;POLYGON((10.0 46.0,10.25 46.0,10.25 45.75,10.0 45.75,10.0 46.0))
31254;POLYGON((-25804 95670,-6438 95618,-6468 67831,-25921 67882,-25804 95670))
31255;POLYGON((-258159 101020,-238794 100239,-239869 72453,-259321 73234,-258159 101020))
31256;POLYGON((-490488 115155,-471126 113639,-473253 85857,-492703 87373,-490488 115155))
31257;POLYGON((124195 95670,143561 95618,143531 67831,124078 67882,124195 95670))
31258;POLYGON((191840 101020,211205 100239,210130 72453,190678 73234,191840 101020))
31259;POLYGON((259511 115155,278873 113639,276746 85857,257296 87373,259511 115155))
31284;POLYGON((124195 5095670,143561 5095618,143531 5067831,124078 5067882,124195 5095670))
31285;POLYGON((191840 5101020,211205 5100239,210130 5072453,190678 5073234,191840 5101020))
31286;POLYGON((259511 5115155,278873 5113639,276746 5085857,257296 5087373,259511 5115155))
31287;POLYGON((141915 238891,161264 238091,160161 210324,140722 211128,141915 238891))
25833;POLYGON((112855 5106214,132211 5105026,130554 5077253,111111 5078441,112855 5106214))
25832;POLYGON((577432 5094533,596790 5094807,597225 5067031,577780 5066757,577432 5094533))
