4326;POLYGON((10.5 46.75,10.75 46.75,10.75 46.5,10.5 46.5,10.5 46.75))
31254;POLYGON((12755 178998,31858 179068,32004 151277,12813 151206,12755 178998))
31255;POLYGON((-216439 182883,-197338 182224,-198250 154435,-217440 155094,-216439 182883))
31256;POLYGON((-445597 195533,-426500 194142,-428476 166359,-447661 167750,-445597 195533))
31257;POLYGON((162755 178998,181858 179068,182004 151277,162813 151206,162755 178998))
31258;POLYGON((233560 182883,252661 182224,251749 154435,232559 155094,233560 182883))
31259;POLYGON((304402 195533,323499 194142,321523 166359,302338 167750,304402 195533))
31284;POLYGON((162755 5178998,181858 5179068,182004 5151277,162813 5151206,162755 5178998))
31285;POLYGON((233560 5182883,252661 5182224,251749 5154435,232559 5155094,233560 5182883))
31286;POLYGON((304402 5195533,323499 5194142,321523 5166359,302338 5167750,304402 5195533))
31287;POLYGON((183658 320656,202744 319990,201820 292220,182644 292889,183658 320656))
25833;POLYGON((156313 5187223,175405 5186159,173904 5158384,154724 5159448,156313 5187223))
25832;POLYGON((614568 5178475,633662 5178870,634279 5151091,615097 5150696,614568 5178475))
