4326;POLYGON((10.0 47.5,10.75 47.5,10.75 46.75,10.0 46.75,10.0 47.5))
31254;POLYGON((-25091 262420,31416 262448,31858 179068,-25449 179039,-25091 262420))
31255;POLYGON((-251079 267754,-194578 265599,-197338 182224,-254641 184383,-251079 267754))
31256;POLYGON((-477007 281841,-420526 277493,-426500 194142,-483789 198499,-477007 281841))
31257;POLYGON((124908 262420,181416 262448,181858 179068,124550 179039,124908 262420))
31258;POLYGON((198920 267754,255421 265599,252661 182224,195358 184383,198920 267754))
31259;POLYGON((272992 281841,329473 277493,323499 194142,266210 198499,272992 281841))
31284;POLYGON((124908 5262420,181416 5262448,181858 5179068,124550 5179039,124908 5262420))
31285;POLYGON((198920 5267754,255421 5265599,252661 5182224,195358 5184383,198920 5267754))
31286;POLYGON((272992 5281841,329473 5277493,323499 5194142,266210 5198499,272992 5281841))
31287;POLYGON((149070 405450,205518 403298,202744 319990,145492 322172,149070 405450))
25833;POLYGON((123474 5272857,179943 5269489,175405 5186159,118132 5189534,123474 5272857))
25832;POLYGON((575313 5261214,631796 5262213,633662 5178870,576379 5177868,575313 5261214))
