4326;POLYGON((10.0 46.25,10.75 46.25,10.75 45.5,10.0 45.5,10.0 46.25))
31254;POLYGON((-25686 123458,32149 123487,32581 40124,-26037 40096,-25686 123458))
31255;POLYGON((-256991 128807,-199158 126646,-201861 43286,-260479 45449,-256991 128807))
31256;POLYGON((-488264 142937,-430443 138575,-436295 55225,-494908 59591,-488264 142937))
31257;POLYGON((124313 123458,182149 123487,182581 40124,123962 40096,124313 123458))
31258;POLYGON((193008 128807,250841 126646,248138 43286,189520 45449,193008 128807))
31259;POLYGON((261735 142937,319556 138575,313704 55225,255091 59591,261735 142937))
31284;POLYGON((124313 5123458,182149 5123487,182581 5040124,123962 5040096,124313 5123458))
31285;POLYGON((193008 5128807,250841 5126646,248138 5043286,189520 5045449,193008 5128807))
31286;POLYGON((261735 5142937,319556 5138575,313704 5055225,255091 5059591,261735 5142937))
31287;POLYGON((143107 266653,200895 264449,198121 181128,139529 183362,143107 266653))
25833;POLYGON((114606 5133987,172410 5130609,167966 5047287,109374 5050668,114606 5133987))
25832;POLYGON((577082 5122310,634894 5123313,636721 5039985,578126 5038982,577082 5122310))
