4326;POLYGON((9.75 49.5,10.5 49.5,10.5 48.75,9.75 48.75,9.75 49.5))
31254;POLYGON((-42223 484933,12103 484781,12284 401371,-42868 401523,-42223 484933))
31255;POLYGON((-259477 490942,-205162 488625,-208286 405230,-263428 407556,-259477 490942))
31256;POLYGON((-476617 505632,-422340 501141,-428782 417794,-483892 422303,-476617 505632))
31257;POLYGON((107776 484933,162103 484781,162284 401371,107131 401523,107776 484933))
31258;POLYGON((190522 490942,244837 488625,241713 405230,186571 407556,190522 490942))
31259;POLYGON((273382 505632,327659 501141,321217 417794,266107 422303,273382 505632))
31284;POLYGON((107776 5484933,162103 5484781,162284 5401371,107131 5401523,107776 5484933))
31285;POLYGON((190522 5490942,244837 5488625,241713 5405230,186571 5407556,190522 5490942))
31286;POLYGON((273382 5505632,327659 5501141,321217 5417794,266107 5422303,273382 5505632))
31287;POLYGON((140518 628423,194814 626178,191770 542818,136670 545096,140518 628423))
25833;POLYGON((119943 5496298,174218 5492778,169258 5409439,114154 5412973,119943 5496298))
25832;POLYGON((554305 5483311,608609 5484122,610260 5400750,555130 5399936,554305 5483311))
