4326;POLYGON((10.0 50.0,10.75 50.0,10.75 49.25,10.0 49.25,10.0 50.0))
31254;POLYGON((-23865 540434,29906 540462,30365 457046,-24238 457017,-23865 540434))
31255;POLYGON((-238899 545707,-185139 543577,-188009 460173,-242602 462313,-238899 545707))
31256;POLYGON((-453818 559630,-400097 555333,-406307 471980,-460867 476296,-453818 559630))
31257;POLYGON((126134 540434,179906 540462,180365 457046,125761 457017,126134 540434))
31258;POLYGON((211100 545707,264860 543577,261990 460173,207397 462313,211100 545707))
31259;POLYGON((296181 559630,349902 555333,343692 471980,289132 476296,296181 559630))
31284;POLYGON((126134 5540434,179906 5540462,180365 5457046,125761 5457017,126134 5540434))
31285;POLYGON((211100 5545707,264860 5543577,261990 5460173,207397 5462313,211100 5545707))
31286;POLYGON((296181 5559630,349902 5555333,343692 5471980,289132 5476296,296181 5559630))
31287;POLYGON((161002 683202,214769 681152,211992 597752,157421 599832,161002 683202))
25833;POLYGON((141743 5550619,195463 5547290,190744 5463944,136189 5467287,141743 5550619))
25832;POLYGON((571666 5539109,625414 5540098,627354 5456721,572775 5455728,571666 5539109))
