4326;POLYGON((10.5 46.75,11.25 46.75,11.25 46.0,10.5 46.0,10.5 46.75))
31254;POLYGON((12755 178998,70063 179390,71025 96021,12928 95628,12755 178998))
31255;POLYGON((-216439 182883,-159134 181089,-161332 97722,-219428 99518,-216439 182883))
31256;POLYGON((-445597 195533,-388305 191544,-393676 108190,-451764 112185,-445597 195533))
31257;POLYGON((162755 178998,220063 179390,221025 96021,162928 95628,162755 178998))
31258;POLYGON((233560 182883,290865 181089,288667 97722,230571 99518,233560 182883))
31259;POLYGON((304402 195533,361694 191544,356323 108190,298235 112185,304402 195533))
31284;POLYGON((162755 5178998,220063 5179390,221025 5096021,162928 5095628,162755 5178998))
31285;POLYGON((233560 5182883,290865 5181089,288667 5097722,230571 5099518,233560 5182883))
31286;POLYGON((304402 5195533,361694 5191544,356323 5108190,298235 5112185,304402 5195533))
31287;POLYGON((183658 320656,240922 318841,238685 235513,180616 237353,183658 320656))
25833;POLYGON((156313 5187223,213589 5184214,209635 5100887,151566 5103900,156313 5187223))
25832;POLYGON((614568 5178475,671851 5179841,674221 5096508,616148 5095141,614568 5178475))
