4326;POLYGON((9.75 47.5,10.5 47.5,10.5 46.75,9.75 46.75,9.75 47.5))
31254;POLYGON((-43927 262532,12580 262378,12755 178998,-44552 179151,-43927 262532))
31255;POLYGON((-269913 268594,-213412 266256,-216439 182883,-273741 185225,-269913 268594))
31256;POLYGON((-495832 283413,-439354 278881,-445597 195533,-502884 200074,-495832 283413))
31257;POLYGON((106072 262532,162580 262378,162755 178998,105447 179151,106072 262532))
31258;POLYGON((180086 268594,236587 266256,233560 182883,176258 185225,180086 268594))
31259;POLYGON((254167 283413,310645 278881,304402 195533,247115 200074,254167 283413))
31284;POLYGON((106072 5262532,162580 5262378,162755 5178998,105447 5179151,106072 5262532))
31285;POLYGON((180086 5268594,236587 5266256,233560 5182883,176258 5185225,180086 5268594))
31286;POLYGON((254167 5283413,310645 5278881,304402 5195533,247115 5200074,254167 5283413))
31287;POLYGON((130259 406289,186700 403955,183658 320656,126414 323023,130259 406289))
25833;POLYGON((104652 5274101,161119 5270550,156313 5187223,99041 5190781,104652 5274101))
25832;POLYGON((556484 5261002,612969 5261820,614568 5178475,557284 5177656,556484 5261002))
