4326;POLYGON((10.0 48.5,10.25 48.5,10.25 48.25,10.0 48.25,10.0 48.5))
31254;POLYGON((-24606 373611,-6131 373560,-6162 345761,-24728 345812,-24606 373611))
31255;POLYGON((-246264 378925,-227792 378149,-228912 350354,-247475 351131,-246264 378925))
31256;POLYGON((-467838 392960,-449376 391455,-451590 363674,-470144 365181,-467838 392960))
31257;POLYGON((125393 373611,143868 373560,143837 345761,125271 345812,125393 373611))
31258;POLYGON((203735 378925,222207 378149,221087 350354,202524 351131,203735 378925))
31259;POLYGON((282161 392960,300623 391455,298409 363674,279855 365181,282161 392960))
31284;POLYGON((125393 5373611,143868 5373560,143837 5345761,125271 5345812,125393 5373611))
31285;POLYGON((203735 5378925,222207 5378149,221087 5350354,202524 5351131,203735 5378925))
31286;POLYGON((282161 5392960,300623 5391455,298409 5363674,279855 5365181,282161 5392960))
31287;POLYGON((153841 516507,172297 515744,171194 487972,152648 488739,153841 516507))
25833;POLYGON((130697 5383958,149157 5382779,147432 5355002,128881 5356182,130697 5383958))
25832;POLYGON((573871 5372358,592338 5372630,592792 5344842,574233 5344570,573871 5372358))
