4326;POLYGON((10.0 49.75,10.75 49.75,10.75 49.0,10.0 49.0,10.0 49.75))
31254;POLYGON((-23990 512628,30060 512656,30517 429242,-24361 429214,-23990 512628))
31255;POLYGON((-240138 517908,-186099 515775,-188958 432374,-243827 434516,-240138 517908))
31256;POLYGON((-456176 531852,-402175 527549,-408362 444196,-463200 448518,-456176 531852))
31257;POLYGON((126009 512628,180060 512656,180517 429242,125638 429214,126009 512628))
31258;POLYGON((209861 517908,263900 515775,261041 432374,206172 434516,209861 517908))
31259;POLYGON((293823 531852,347824 527549,341637 444196,286799 448518,293823 531852))
31284;POLYGON((126009 5512628,180060 5512656,180517 5429242,125638 5429214,126009 5512628))
31285;POLYGON((209861 5517908,263900 5515775,261041 5432374,206172 5434516,209861 5517908))
31286;POLYGON((293823 5531852,347824 5527549,341637 5444196,286799 5448518,293823 5531852))
31287;POLYGON((159808 655406,213843 653346,211067 569962,156227 572053,159808 655406))
25833;POLYGON((139885 5522841,193884 5519507,189183 5436163,134351 5439511,139885 5522841))
25832;POLYGON((572037 5511314,626063 5512304,627996 5428931,573142 5427937,572037 5511314))
