4326;POLYGON((10.5 48.25,11.25 48.25,11.25 47.5,10.5 47.5,10.5 48.25))
31254;POLYGON((12403 345770,68101 346161,69088 262770,12580 262378,12403 345770))
31255;POLYGON((-210348 349638,-154656 347852,-156908 264466,-213412 266256,-210348 349638))
31256;POLYGON((-433035 362229,-377366 358258,-382868 274900,-439354 278881,-433035 362229))
31257;POLYGON((162403 345770,218101 346161,219088 262770,162580 262378,162403 345770))
31258;POLYGON((239651 349638,295343 347852,293091 264466,236587 266256,239651 349638))
31259;POLYGON((316964 362229,372633 358258,367131 274900,310645 278881,316964 362229))
31284;POLYGON((162403 5345770,218101 5346161,219088 5262770,162580 5262378,162403 5345770))
31285;POLYGON((239651 5349638,295343 5347852,293091 5264466,236587 5266256,239651 5349638))
31286;POLYGON((316964 5362229,372633 5358258,367131 5274900,310645 5278881,316964 5362229))
31287;POLYGON((189742 487265,245398 485502,243160 402166,186700 403955,189742 487265))
25833;POLYGON((165984 5353882,221643 5350887,217592 5267548,161119 5270550,165984 5353882))
25832;POLYGON((611350 5345174,667022 5346534,669451 5263183,612969 5261820,611350 5345174))
