4326;POLYGON((10.0 46.75,10.25 46.75,10.25 46.5,10.0 46.5,10.0 46.75))
31254;POLYGON((-25449 179039,-6347 178988,-6377 151197,-25568 151248,-25449 179039))
31255;POLYGON((-254641 184383,-235540 183603,-236629 155814,-255818 156595,-254641 184383))
31256;POLYGON((-483789 198499,-464693 196986,-466847 169204,-486031 170718,-483789 198499))
31257;POLYGON((124550 179039,143652 178988,143622 151197,124431 151248,124550 179039))
31258;POLYGON((195358 184383,214459 183603,213370 155814,194181 156595,195358 184383))
31259;POLYGON((266210 198499,285306 196986,283152 169204,263968 170718,266210 198499))
31284;POLYGON((124550 5179039,143652 5178988,143622 5151197,124431 5151248,124550 5179039))
31285;POLYGON((195358 5184383,214459 5183603,213370 5155814,194181 5156595,195358 5184383))
31286;POLYGON((266210 5198499,285306 5196986,283152 5169204,263968 5170718,266210 5198499))
31287;POLYGON((145492 322172,164574 321383,163471 293620,144300 294413,145492 322172))
25833;POLYGON((118132 5189534,137222 5188348,135545 5160574,116365 5161760,118132 5189534))
25832;POLYGON((576379 5177868,595473 5178141,595914 5150362,576731 5150089,576379 5177868))
