4326;POLYGON((10.25 50.0,11.0 50.0,11.0 49.25,10.25 49.25,10.25 50.0))
31254;POLYGON((-5941 540384,47830 540592,48566 457175,-6037 456967,-5941 540384))
31255;POLYGON((-220980 544937,-167218 542987,-169810 459581,-224405 461539,-220980 544937))
31256;POLYGON((-435912 558137,-382187 554021,-388118 470663,-442682 474797,-435912 558137))
31257;POLYGON((144058 540384,197830 540592,198566 457175,143962 456967,144058 540384))
31258;POLYGON((229019 544937,282781 542987,280189 459581,225594 461539,229019 544937))
31259;POLYGON((314087 558137,367812 554021,361881 470663,307317 474797,314087 558137))
31284;POLYGON((144058 5540384,197830 5540592,198566 5457175,143962 5456967,144058 5540384))
31285;POLYGON((229019 5544937,282781 5542987,280189 5459581,225594 5461539,229019 5544937))
31286;POLYGON((314087 5558137,367812 5554021,361881 5470663,307317 5474797,314087 5558137))
31287;POLYGON((178922 682461,232695 680584,230186 597175,175609 599080,178922 682461))
25833;POLYGON((159649 5549449,213372 5546300,208931 5462950,154373 5466112,159649 5549449))
25832;POLYGON((589582 5539379,643329 5540547,645547 5457172,590968 5455999,589582 5539379))
