4326;POLYGON((10.5 49.0,10.75 49.0,10.75 48.75,10.5 48.75,10.5 49.0))
31254;POLYGON((12224 429173,30517 429242,30668 401440,12284 401371,12224 429173))
31255;POLYGON((-207249 433028,-188958 432374,-189904 404576,-208286 405230,-207249 433028))
31256;POLYGON((-426643 445576,-408362 444196,-410409 416412,-428782 417794,-426643 445576))
31257;POLYGON((162224 429173,180517 429242,180668 401440,162284 401371,162224 429173))
31258;POLYGON((242750 433028,261041 432374,260095 404576,241713 405230,242750 433028))
31259;POLYGON((323356 445576,341637 444196,339590 416412,321217 417794,323356 445576))
31284;POLYGON((162224 5429173,180517 5429242,180668 5401440,162284 5401371,162224 5429173))
31285;POLYGON((242750 5433028,261041 5432374,260095 5404576,241713 5405230,242750 5433028))
31286;POLYGON((323356 5445576,341637 5444196,339590 5416412,321217 5417794,323356 5445576))
31287;POLYGON((192785 570600,211067 569962,210142 542177,191770 542818,192785 570600))
25833;POLYGON((170905 5437218,189183 5436163,187628 5408382,169258 5409439,170905 5437218))
25832;POLYGON((609712 5428539,627996 5428931,628636 5401142,610260 5400750,609712 5428539))
