4326;POLYGON((10.0 48.5,10.75 48.5,10.75 47.75,10.0 47.75,10.0 48.5))
31254;POLYGON((-24606 373611,30819 373640,31268 290244,-24971 290216,-24606 373611))
31255;POLYGON((-246264 378925,-190846 376778,-193650 293392,-249883 295545,-246264 378925))
31256;POLYGON((-467838 392960,-412448 388628,-418519 305277,-474728 309621,-467838 392960))
31257;POLYGON((125393 373611,180819 373640,181268 290244,125028 290216,125393 373611))
31258;POLYGON((203735 378925,259153 376778,256349 293392,200116 295545,203735 378925))
31259;POLYGON((282161 392960,337551 388628,331480 305277,275271 309621,282161 392960))
31284;POLYGON((125393 5373611,180819 5373640,181268 5290244,125028 5290216,125393 5373611))
31285;POLYGON((203735 5378925,259153 5376778,256349 5293392,200116 5295545,203735 5378925))
31286;POLYGON((282161 5392960,337551 5388628,331480 5305277,275271 5309621,282161 5392960))
31287;POLYGON((153841 516507,209217 514396,206442 431069,150263 433211,153841 516507))
25833;POLYGON((130697 5383958,186079 5380603,181468 5297266,125269 5300632,130697 5383958))
25832;POLYGON((573871 5372358,629273 5373354,631169 5289997,574954 5288998,573871 5372358))
