4326;POLYGON((9.75 49.75,10.5 49.75,10.5 49.0,9.75 49.0,9.75 49.75))
31254;POLYGON((-42007 512738,12043 512586,12224 429173,-42654 429325,-42007 512738))
31255;POLYGON((-258149 518739,-204113 516426,-207249 433028,-262116 435351,-258149 518739))
31256;POLYGON((-474174 533408,-420177 528923,-426643 445576,-481476 450080,-474174 533408))
31257;POLYGON((107992 512738,162043 512586,162224 429173,107345 429325,107992 512738))
31258;POLYGON((191850 518739,245886 516426,242750 433028,187883 435351,191850 518739))
31259;POLYGON((275825 533408,329822 528923,323356 445576,268523 450080,275825 533408))
31284;POLYGON((107992 5512738,162043 5512586,162224 5429173,107345 5429325,107992 5512738))
31285;POLYGON((191850 5518739,245886 5516426,242750 5433028,187883 5435351,191850 5518739))
31286;POLYGON((275825 5533408,329822 5528923,323356 5445576,268523 5450080,275825 5533408))
31287;POLYGON((141801 656209,195829 653975,192785 570600,137952 572867,141801 656209))
25833;POLYGON((121887 5524073,175883 5520558,170905 5437218,116076 5440748,121887 5524073))
25832;POLYGON((554028 5511105,608055 5511914,609712 5428539,554856 5427726,554028 5511105))
