4326;POLYGON((10.0 46.5,10.75 46.5,10.75 45.75,10.0 45.75,10.0 46.5))
31254;POLYGON((-25568 151248,32004 151277,32438 67911,-25921 67882,-25568 151248))
31255;POLYGON((-255818 156595,-198250 154435,-200964 71072,-259321 73234,-255818 156595))
31256;POLYGON((-486031 170718,-428476 166359,-434352 83009,-492703 87373,-486031 170718))
31257;POLYGON((124431 151248,182004 151277,182438 67911,124078 67882,124431 151248))
31258;POLYGON((194181 156595,251749 154435,249035 71072,190678 73234,194181 156595))
31259;POLYGON((263968 170718,321523 166359,315647 83009,257296 87373,263968 170718))
31284;POLYGON((124431 5151248,182004 5151277,182438 5067911,124078 5067882,124431 5151248))
31285;POLYGON((194181 5156595,251749 5154435,249035 5071072,190678 5073234,194181 5156595))
31286;POLYGON((263968 5170718,321523 5166359,315647 5083009,257296 5087373,263968 5170718))
31287;POLYGON((144300 294413,201820 292220,199046 208904,140722 211128,144300 294413))
25833;POLYGON((116365 5161760,173904 5158384,169441 5075061,111111 5078441,116365 5161760))
25832;POLYGON((576731 5150089,634279 5151091,636115 5067760,577780 5066757,576731 5150089))
