4326;POLYGON((10.0 50.25,10.75 50.25,10.75 49.5,10.0 49.5,10.0 50.25))
31254;POLYGON((-23740 568242,29752 568270,30213 484850,-24114 484822,-23740 568242))
31255;POLYGON((-237655 573507,-184175 571380,-187056 487973,-241372 490110,-237655 573507))
31256;POLYGON((-451451 587408,-398011 583117,-404245 499764,-458526 504074,-451451 587408))
31257;POLYGON((126259 568242,179752 568270,180213 484850,125885 484822,126259 568242))
31258;POLYGON((212344 573507,265824 571380,262943 487973,208627 490110,212344 573507))
31259;POLYGON((298548 587408,351988 583117,345754 499764,291473 504074,298548 587408))
31284;POLYGON((126259 5568242,179752 5568270,180213 5484850,125885 5484822,126259 5568242))
31285;POLYGON((212344 5573507,265824 5571380,262943 5487973,208627 5490110,212344 5573507))
31286;POLYGON((298548 5587408,351988 5583117,345754 5499764,291473 5504074,298548 5587408))
31287;POLYGON((162197 711005,215695 708965,212917 625546,158614 627617,162197 711005))
25833;POLYGON((143608 5578397,197047 5575073,192311 5491725,138033 5495064,143608 5578397))
25832;POLYGON((571294 5566905,624762 5567892,626710 5484512,572407 5483521,571294 5566905))
