4326;POLYGON((10.25 46.25,11.0 46.25,11.0 45.5,10.25 45.5,10.25 46.25))
31254;POLYGON((-6407 123407,51427 123618,52121 40255,-6497 40045,-6407 123407))
31255;POLYGON((-237714 128026,-179881 126048,-182322 42687,-240940 44667,-237714 128026))
31256;POLYGON((-468991 141421,-411168 137244,-416757 53893,-475370 58074,-468991 141421))
31257;POLYGON((143592 123407,201427 123618,202121 40255,143502 40045,143592 123407))
31258;POLYGON((212285 128026,270118 126048,267677 42687,209059 44667,212285 128026))
31259;POLYGON((281008 141421,338831 137244,333242 53893,274629 58074,281008 141421))
31284;POLYGON((143592 5123407,201427 5123618,202121 5040255,143502 5040045,143592 5123407))
31285;POLYGON((212285 5128026,270118 5126048,267677 5042687,209059 5044667,212285 5128026))
31286;POLYGON((281008 5141421,338831 5137244,333242 5053893,274629 5058074,281008 5141421))
31287;POLYGON((162368 265856,220162 263839,217656 180509,159057 182554,162368 265856))
25833;POLYGON((133874 5132800,191679 5129605,187497 5046283,128904 5049480,133874 5132800))
25832;POLYGON((596353 5122584,654164 5123768,656253 5040442,597658 5039256,596353 5122584))
