4326;POLYGON((9.75 48.5,10.5 48.5,10.5 47.75,9.75 47.75,9.75 48.5))
31254;POLYGON((-43082 373723,12344 373570,12521 290174,-43717 290328,-43082 373723))
31255;POLYGON((-264735 379762,-209319 377434,-212395 294049,-268626 296385,-264735 379762))
31256;POLYGON((-486299 394526,-430913 390011,-437256 306664,-493463 311192,-486299 394526))
31257;POLYGON((106917 373723,162344 373570,162521 290174,106282 290328,106917 373723))
31258;POLYGON((185264 379762,240680 377434,237604 294049,181373 296385,185264 379762))
31259;POLYGON((263700 394526,319086 390011,312743 306664,256536 311192,263700 394526))
31284;POLYGON((106917 5373723,162344 5373570,162521 5290174,106282 5290328,106917 5373723))
31285;POLYGON((185264 5379762,240680 5377434,237604 5294049,181373 5296385,185264 5379762))
31286;POLYGON((263700 5394526,319086 5390011,312743 5306664,256536 5311192,263700 5394526))
31287;POLYGON((135387 517329,190756 515040,187714 431723,131541 434046,135387 517329))
25833;POLYGON((112238 5385198,167618 5381660,162734 5298327,106538 5301875,112238 5385198))
25832;POLYGON((555403 5372147,610806 5372962,612431 5289603,556216 5288786,555403 5372147))
