4326;POLYGON((10.0 48.25,10.75 48.25,10.75 47.5,10.0 47.5,10.0 48.25))
31254;POLYGON((-24728 345812,30969 345840,31416 262448,-25091 262420,-24728 345812))
31255;POLYGON((-247475 351131,-191785 348982,-194578 265599,-251079 267754,-247475 351131))
31256;POLYGON((-470144 365181,-414480 360844,-420526 277493,-477007 281841,-470144 365181))
31257;POLYGON((125271 345812,180969 345840,181416 262448,124908 262420,125271 345812))
31258;POLYGON((202524 351131,258214 348982,255421 265599,198920 267754,202524 351131))
31259;POLYGON((279855 365181,335519 360844,329473 277493,272992 281841,279855 365181))
31284;POLYGON((125271 5345812,180969 5345840,181416 5262448,124908 5262420,125271 5345812))
31285;POLYGON((202524 5351131,258214 5348982,255421 5265599,198920 5267754,202524 5351131))
31286;POLYGON((279855 5365181,335519 5360844,329473 5277493,272992 5281841,279855 5365181))
31287;POLYGON((152648 488739,208292 486617,205518 403298,149070 405450,152648 488739))
25833;POLYGON((128881 5356182,184536 5352823,179943 5269489,123474 5272857,128881 5356182))
25832;POLYGON((574233 5344570,629907 5345567,631796 5262213,575313 5261214,574233 5344570))
