4326;POLYGON((10.5 48.75,11.25 48.75,11.25 48.0,10.5 48.0,10.5 48.75))
31254;POLYGON((12284 401371,67437 401761,68432 318363,12462 317972,12284 401371))
31255;POLYGON((-208286 405230,-153139 403448,-155410 320056,-211374 321843,-208286 405230))
31256;POLYGON((-428782 417794,-373661 413832,-379207 330472,-435150 334446,-428782 417794))
31257;POLYGON((162284 401371,217437 401761,218432 318363,162462 317972,162284 401371))
31258;POLYGON((241713 405230,296860 403448,294589 320056,238625 321843,241713 405230))
31259;POLYGON((321217 417794,376338 413832,370792 330472,314849 334446,321217 417794))
31284;POLYGON((162284 5401371,217437 5401761,218432 5318363,162462 5317972,162284 5401371))
31285;POLYGON((241713 5405230,296860 5403448,294589 5320056,238625 5321843,241713 5405230))
31286;POLYGON((321217 5417794,376338 5413832,370792 5330472,314849 5334446,321217 5417794))
31287;POLYGON((191770 542818,246890 541072,244652 457721,188728 459493,191770 542818))
25833;POLYGON((169258 5409439,224370 5406451,220287 5323107,164356 5326105,169258 5409439))
25832;POLYGON((610260 5400750,665387 5402107,667835 5318749,611891 5317388,610260 5400750))
