4326;POLYGON((10.0 48.0,10.25 48.0,10.25 47.75,10.0 47.75,10.0 48.0))
31254;POLYGON((-24850 318013,-6193 317962,-6224 290165,-24971 290216,-24850 318013))
31255;POLYGON((-248681 323338,-230028 322560,-231139 294767,-249883 295545,-248681 323338))
31256;POLYGON((-472440 337401,-453796 335893,-455993 308112,-474728 309621,-472440 337401))
31257;POLYGON((125149 318013,143806 317962,143775 290165,125028 290216,125149 318013))
31258;POLYGON((201318 323338,219971 322560,218860 294767,200116 295545,201318 323338))
31259;POLYGON((277559 337401,296203 335893,294006 308112,275271 309621,277559 337401))
31284;POLYGON((125149 5318013,143806 5317962,143775 5290165,125028 5290216,125149 5318013))
31285;POLYGON((201318 5323338,219971 5322560,218860 5294767,200116 5295545,201318 5323338))
31286;POLYGON((277559 5337401,296203 5335893,294006 5308112,275271 5309621,277559 5337401))
31287;POLYGON((151455 460974,170090 460203,168987 432437,150263 433211,151455 460974))
25833;POLYGON((127071 5328407,145713 5327225,144001 5299449,125269 5300632,127071 5328407))
25832;POLYGON((574595 5316784,593243 5317056,593693 5289270,574954 5288998,574595 5316784))
