4326;POLYGON((10.25 47.5,11.0 47.5,11.0 46.75,10.25 46.75,10.25 47.5))
31254;POLYGON((-6255 262369,50252 262579,50960 179199,-6347 178988,-6255 262369))
31255;POLYGON((-232246 266975,-175743 265002,-178236 181626,-235540 183603,-232246 266975))
31256;POLYGON((-458181 280331,-401698 276166,-407403 192812,-464693 196986,-458181 280331))
31257;POLYGON((143744 262369,200252 262579,200960 179199,143652 178988,143744 262369))
31258;POLYGON((217753 266975,274256 265002,271763 181626,214459 183603,217753 266975))
31259;POLYGON((291818 280331,348301 276166,342596 192812,285306 196986,291818 280331))
31284;POLYGON((143744 5262369,200252 5262579,200960 5179199,143652 5178988,143744 5262369))
31285;POLYGON((217753 5266975,274256 5265002,271763 5181626,214459 5183603,217753 5266975))
31286;POLYGON((291818 5280331,348301 5276166,342596 5192812,285306 5196986,291818 5280331))
31287;POLYGON((167884 404672,224338 402702,221832 319385,164574 321383,167884 404672))
25833;POLYGON((142296 5271673,198767 5268488,194497 5185156,137222 5188348,142296 5271673))
25832;POLYGON((594141 5261486,650624 5262668,652757 5179325,595473 5178141,594141 5261486))
