4326;POLYGON((10.0 49.0,10.75 49.0,10.75 48.25,10.0 48.25,10.0 49.0))
31254;POLYGON((-24361 429214,30517 429242,30969 345840,-24728 345812,-24361 429214))
31255;POLYGON((-243827 434516,-188958 432374,-191785 348982,-247475 351131,-243827 434516))
31256;POLYGON((-463200 448518,-408362 444196,-414480 360844,-470144 365181,-463200 448518))
31257;POLYGON((125638 429214,180517 429242,180969 345840,125271 345812,125638 429214))
31258;POLYGON((206172 434516,261041 432374,258214 348982,202524 351131,206172 434516))
31259;POLYGON((286799 448518,341637 444196,335519 360844,279855 365181,286799 448518))
31284;POLYGON((125638 5429214,180517 5429242,180969 5345840,125271 5345812,125638 5429214))
31285;POLYGON((206172 5434516,261041 5432374,258214 5348982,202524 5351131,206172 5434516))
31286;POLYGON((286799 5448518,341637 5444196,335519 5360844,279855 5365181,286799 5448518))
31287;POLYGON((156227 572053,211067 569962,208292 486617,152648 488739,156227 572053))
25833;POLYGON((134351 5439511,189183 5436163,184536 5352823,128881 5356182,134351 5439511))
25832;POLYGON((573142 5427937,627996 5428931,629907 5345567,574233 5344570,573142 5427937))
