4326;POLYGON((10.5 47.5,11.25 47.5,11.25 46.75,10.5 46.75,10.5 47.5))
31254;POLYGON((12580 262378,69088 262770,70063 179390,12755 178998,12580 262378))
31255;POLYGON((-213412 266256,-156908 264466,-159134 181089,-216439 182883,-213412 266256))
31256;POLYGON((-439354 278881,-382868 274900,-388305 191544,-445597 195533,-439354 278881))
31257;POLYGON((162580 262378,219088 262770,220063 179390,162755 178998,162580 262378))
31258;POLYGON((236587 266256,293091 264466,290865 181089,233560 182883,236587 266256))
31259;POLYGON((310645 278881,367131 274900,361694 191544,304402 195533,310645 278881))
31284;POLYGON((162580 5262378,219088 5262770,220063 5179390,162755 5178998,162580 5262378))
31285;POLYGON((236587 5266256,293091 5264466,290865 5181089,233560 5182883,236587 5266256))
31286;POLYGON((310645 5278881,367131 5274900,361694 5191544,304402 5195533,310645 5278881))
31287;POLYGON((186700 403955,243160 402166,240922 318841,183658 320656,186700 403955))
25833;POLYGON((161119 5270550,217592 5267548,213589 5184214,156313 5187223,161119 5270550))
25832;POLYGON((612969 5261820,669451 5263183,671851 5179841,614568 5178475,612969 5261820))
