4326;POLYGON((10.5 47.75,11.25 47.75,11.25 47.0,10.5 47.0,10.5 47.75))
31254;POLYGON((12521 290174,68761 290566,69739 207182,12697 206790,12521 290174))
31255;POLYGON((-212395 294049,-156161 292260,-158395 208880,-215434 210673,-212395 294049))
31256;POLYGON((-437256 306664,-381041 302685,-386500 219329,-443525 223316,-437256 306664))
31257;POLYGON((162521 290174,218761 290566,219739 207182,162697 206790,162521 290174))
31258;POLYGON((237604 294049,293838 292260,291604 208880,234565 210673,237604 294049))
31259;POLYGON((312743 306664,368958 302685,363499 219329,306474 223316,312743 306664))
31284;POLYGON((162521 5290174,218761 5290566,219739 5207182,162697 5206790,162521 5290174))
31285;POLYGON((237604 5294049,293838 5292260,291604 5208880,234565 5210673,237604 5294049))
31286;POLYGON((312743 5306664,368958 5302685,363499 5219329,306474 5223316,312743 5306664))
31287;POLYGON((187714 431723,243906 429943,241668 346616,184672 348422,187714 431723))
25833;POLYGON((162734 5298327,218937 5295327,214918 5211991,157909 5214998,162734 5298327))
25832;POLYGON((612431 5289603,668645 5290966,671054 5207621,614037 5206255,612431 5289603))
