4326;POLYGON((10.5 47.0,10.75 47.0,10.75 46.75,10.5 46.75,10.5 47.0))
31254;POLYGON((12697 206790,31711 206860,31858 179068,12755 178998,12697 206790))
31255;POLYGON((-215434 210673,-196421 210015,-197338 182224,-216439 182883,-215434 210673))
31256;POLYGON((-443525 223316,-424517 221926,-426500 194142,-445597 195533,-443525 223316))
31257;POLYGON((162697 206790,181711 206860,181858 179068,162755 178998,162697 206790))
31258;POLYGON((234565 210673,253578 210015,252661 182224,233560 182883,234565 210673))
31259;POLYGON((306474 223316,325482 221926,323499 194142,304402 195533,306474 223316))
31284;POLYGON((162697 5206790,181711 5206860,181858 5179068,162755 5178998,162697 5206790))
31285;POLYGON((234565 5210673,253578 5210015,252661 5182224,233560 5182883,234565 5210673))
31286;POLYGON((306474 5223316,325482 5221926,323499 5194142,304402 5195533,306474 5223316))
31287;POLYGON((184672 348422,203669 347759,202744 319990,183658 320656,184672 348422))
25833;POLYGON((157909 5214998,176911 5213935,175405 5186159,156313 5187223,157909 5214998))
25832;POLYGON((614037 5206255,633043 5206650,633662 5178870,614568 5178475,614037 5206255))
