4326;POLYGON((10.0 46.75,10.75 46.75,10.75 46.0,10.0 46.0,10.0 46.75))
31254;POLYGON((-25449 179039,31858 179068,32294 95698,-25804 95670,-25449 179039))
31255;POLYGON((-254641 184383,-197338 182224,-200063 98859,-258159 101020,-254641 184383))
31256;POLYGON((-483789 198499,-426500 194142,-432402 110792,-490488 115155,-483789 198499))
31257;POLYGON((124550 179039,181858 179068,182294 95698,124195 95670,124550 179039))
31258;POLYGON((195358 184383,252661 182224,249936 98859,191840 101020,195358 184383))
31259;POLYGON((266210 198499,323499 194142,317597 110792,259511 115155,266210 198499))
31284;POLYGON((124550 5179039,181858 5179068,182294 5095698,124195 5095670,124550 5179039))
31285;POLYGON((195358 5184383,252661 5182224,249936 5098859,191840 5101020,195358 5184383))
31286;POLYGON((266210 5198499,323499 5194142,317597 5110792,259511 5115155,266210 5198499))
31287;POLYGON((145492 322172,202744 319990,199970 236678,141915 238891,145492 322172))
25833;POLYGON((118132 5189534,175405 5186159,170922 5102834,112855 5106214,118132 5189534))
25832;POLYGON((576379 5177868,633662 5178870,635505 5095536,577432 5094533,576379 5177868))
