4326;POLYGON((10.25 48.5,11.0 48.5,11.0 47.75,10.25 47.75,10.25 48.5))
31254;POLYGON((-6131 373560,49295 373770,50014 290375,-6224 290165,-6131 373560))
31255;POLYGON((-227792 378149,-172373 376184,-174906 292796,-231139 294767,-227792 378149))
31256;POLYGON((-449376 391455,-393983 387306,-399780 303951,-455993 308112,-449376 391455))
31257;POLYGON((143868 373560,199295 373770,200014 290375,143775 290165,143868 373560))
31258;POLYGON((222207 378149,277626 376184,275093 292796,218860 294767,222207 378149))
31259;POLYGON((300623 391455,356016 387306,350219 303951,294006 308112,300623 391455))
31284;POLYGON((143868 5373560,199295 5373770,200014 5290375,143775 5290165,143868 5373560))
31285;POLYGON((222207 5378149,277626 5376184,275093 5292796,218860 5294767,222207 5378149))
31286;POLYGON((300623 5391455,356016 5387306,350219 5303951,294006 5308112,300623 5391455))
31287;POLYGON((172297 515744,227679 513811,225173 430476,168987 432437,172297 515744))
25833;POLYGON((149157 5382779,204541 5379605,200202 5296266,144001 5299449,149157 5382779))
25832;POLYGON((592338 5372630,647740 5373807,649907 5290451,593693 5289270,592338 5372630))
