4326;POLYGON((10.25 50.25,11.0 50.25,11.0 49.5,10.25 49.5,10.25 50.25))
31254;POLYGON((-5909 568192,47583 568399,48322 484980,-6005 484771,-5909 568192))
31255;POLYGON((-219829 572738,-166347 570791,-168949 487382,-223268 489338,-219829 572738))
31256;POLYGON((-433639 585917,-380195 581808,-386149 498449,-440434 502577,-433639 585917))
31257;POLYGON((144090 568192,197583 568399,198322 484980,143994 484771,144090 568192))
31258;POLYGON((230170 572738,283652 570791,281050 487382,226731 489338,230170 572738))
31259;POLYGON((316360 585917,369804 581808,363850 498449,309565 502577,316360 585917))
31284;POLYGON((144090 5568192,197583 5568399,198322 5484980,143994 5484771,144090 5568192))
31285;POLYGON((230170 5572738,283652 5570791,281050 5487382,226731 5489338,230170 5572738))
31286;POLYGON((316360 5585917,369804 5581808,363850 5498449,309565 5502577,316360 5585917))
31287;POLYGON((180027 710268,233531 708400,231022 624973,176713 626868,180027 710268))
25833;POLYGON((161420 5577229,214863 5574085,210406 5490733,156125 5493891,161420 5577229))
25832;POLYGON((589117 5567174,642584 5568341,644810 5484963,590508 5483791,589117 5567174))
