4326;POLYGON((10.0 48.0,10.75 48.0,10.75 47.25,10.0 47.25,10.0 48.0))
31254;POLYGON((-24850 318013,31119 318042,31564 234654,-25211 234625,-24850 318013))
31255;POLYGON((-248681 323338,-192719 321187,-195502 237806,-252271 239963,-248681 323338))
31256;POLYGON((-472440 337401,-416503 333060,-422526 249709,-479277 254061,-472440 337401))
31257;POLYGON((125149 318013,181119 318042,181564 234654,124788 234625,125149 318013))
31258;POLYGON((201318 323338,257280 321187,254497 237806,197728 239963,201318 323338))
31259;POLYGON((277559 337401,333496 333060,327473 249709,270722 254061,277559 337401))
31284;POLYGON((125149 5318013,181119 5318042,181564 5234654,124788 5234625,125149 5318013))
31285;POLYGON((201318 5323338,257280 5321187,254497 5237806,197728 5239963,201318 5323338))
31286;POLYGON((277559 5337401,333496 5333060,327473 5249709,270722 5254061,277559 5337401))
31287;POLYGON((151455 460974,207367 458842,204593 375528,147878 377690,151455 460974))
25833;POLYGON((127071 5328407,182999 5325045,178424 5241712,121686 5245082,127071 5328407))
25832;POLYGON((574595 5316784,630540 5317781,632421 5234431,575669 5233431,574595 5316784))
