4326;POLYGON((10.5 49.75,11.25 49.75,11.25 49.0,10.5 49.0,10.5 49.75))
31254;POLYGON((12043 512586,66093 512974,67103 429562,12224 429173,12043 512586))
31255;POLYGON((-204113 516426,-150071 514653,-152376 431248,-207249 433028,-204113 516426))
31256;POLYGON((-420177 528923,-366167 524982,-371798 441619,-426643 445576,-420177 528923))
31257;POLYGON((162043 512586,216093 512974,217103 429562,162224 429173,162043 512586))
31258;POLYGON((245886 516426,299928 514653,297623 431248,242750 433028,245886 516426))
31259;POLYGON((329822 528923,383832 524982,378201 441619,323356 445576,329822 528923))
31284;POLYGON((162043 5512586,216093 5512974,217103 5429562,162224 5429173,162043 5512586))
31285;POLYGON((245886 5516426,299928 5514653,297623 5431248,242750 5433028,245886 5516426))
31286;POLYGON((329822 5528923,383832 5524982,378201 5441619,323356 5445576,329822 5528923))
31287;POLYGON((195829 653975,249876 652263,247636 568862,192785 570600,195829 653975))
25833;POLYGON((175883 5520558,229889 5517586,225742 5434233,170905 5437218,175883 5520558))
25832;POLYGON((608055 5511914,662078 5513264,664564 5429895,609712 5428539,608055 5511914))
