4326;POLYGON((10.0 47.75,10.75 47.75,10.75 47.0,10.0 47.0,10.0 47.75))
31254;POLYGON((-24971 290216,31268 290244,31711 206860,-25330 206832,-24971 290216))
31255;POLYGON((-249883 295545,-193650 293392,-196421 210015,-253459 212173,-249883 295545))
31256;POLYGON((-474728 309621,-418519 305277,-424517 221926,-481538 226280,-474728 309621))
31257;POLYGON((125028 290216,181268 290244,181711 206860,124669 206832,125028 290216))
31258;POLYGON((200116 295545,256349 293392,253578 210015,196540 212173,200116 295545))
31259;POLYGON((275271 309621,331480 305277,325482 221926,268461 226280,275271 309621))
31284;POLYGON((125028 5290216,181268 5290244,181711 5206860,124669 5206832,125028 5290216))
31285;POLYGON((200116 5295545,256349 5293392,253578 5210015,196540 5212173,200116 5295545))
31286;POLYGON((275271 5309621,331480 5305277,325482 5221926,268461 5226280,275271 5309621))
31287;POLYGON((150263 433211,206442 431069,203669 347759,146685 349931,150263 433211))
25833;POLYGON((125269 5300632,181468 5297266,176911 5213935,119905 5217308,125269 5300632))
25832;POLYGON((574954 5288998,631169 5289997,633043 5206650,576025 5205649,574954 5288998))
