4326;POLYGON((10.5 47.75,10.75 47.75,10.75 47.5,10.5 47.5,10.5 47.75))
31254;POLYGON((12521 290174,31268 290244,31416 262448,12580 262378,12521 290174))
31255;POLYGON((-212395 294049,-193650 293392,-194578 265599,-213412 266256,-212395 294049))
31256;POLYGON((-437256 306664,-418519 305277,-420526 277493,-439354 278881,-437256 306664))
31257;POLYGON((162521 290174,181268 290244,181416 262448,162580 262378,162521 290174))
31258;POLYGON((237604 294049,256349 293392,255421 265599,236587 266256,237604 294049))
31259;POLYGON((312743 306664,331480 305277,329473 277493,310645 278881,312743 306664))
31284;POLYGON((162521 5290174,181268 5290244,181416 5262448,162580 5262378,162521 5290174))
31285;POLYGON((237604 5294049,256349 5293392,255421 5265599,236587 5266256,237604 5294049))
31286;POLYGON((312743 5306664,331480 5305277,329473 5277493,310645 5278881,312743 5306664))
31287;POLYGON((187714 431723,206442 431069,205518 403298,186700 403955,187714 431723))
25833;POLYGON((162734 5298327,181468 5297266,179943 5269489,161119 5270550,162734 5298327))
25832;POLYGON((612431 5289603,631169 5289997,631796 5262213,612969 5261820,612431 5289603))
