4326;POLYGON((10.0 47.75,10.25 47.75,10.25 47.5,10.0 47.5,10.0 47.75))
31254;POLYGON((-24971 290216,-6224 290165,-6255 262369,-25091 262420,-24971 290216))
31255;POLYGON((-249883 295545,-231139 294767,-232246 266975,-251079 267754,-249883 295545))
31256;POLYGON((-474728 309621,-455993 308112,-458181 280331,-477007 281841,-474728 309621))
31257;POLYGON((125028 290216,143775 290165,143744 262369,124908 262420,125028 290216))
31258;POLYGON((200116 295545,218860 294767,217753 266975,198920 267754,200116 295545))
31259;POLYGON((275271 309621,294006 308112,291818 280331,272992 281841,275271 309621))
31284;POLYGON((125028 5290216,143775 5290165,143744 5262369,124908 5262420,125028 5290216))
31285;POLYGON((200116 5295545,218860 5294767,217753 5266975,198920 5267754,200116 5295545))
31286;POLYGON((275271 5309621,294006 5308112,291818 5280331,272992 5281841,275271 5309621))
31287;POLYGON((150263 433211,168987 432437,167884 404672,149070 405450,150263 433211))
25833;POLYGON((125269 5300632,144001 5299449,142296 5271673,123474 5272857,125269 5300632))
25832;POLYGON((574954 5288998,593693 5289270,594141 5261486,575313 5261214,574954 5288998))
