4326;POLYGON((10.5 49.25,10.75 49.25,10.75 49.0,10.5 49.0,10.5 49.25))
31254;POLYGON((12164 456976,30365 457046,30517 429242,12224 429173,12164 456976))
31255;POLYGON((-206207 460826,-188009 460173,-188958 432374,-207249 433028,-206207 460826))
31256;POLYGON((-424495 473358,-406307 471980,-408362 444196,-426643 445576,-424495 473358))
31257;POLYGON((162164 456976,180365 457046,180517 429242,162224 429173,162164 456976))
31258;POLYGON((243792 460826,261990 460173,261041 432374,242750 433028,243792 460826))
31259;POLYGON((325504 473358,343692 471980,341637 444196,323356 445576,325504 473358))
31284;POLYGON((162164 5456976,180365 5457046,180517 5429242,162224 5429173,162164 5456976))
31285;POLYGON((243792 5460826,261990 5460173,261041 5432374,242750 5433028,243792 5460826))
31286;POLYGON((325504 5473358,343692 5471980,341637 5444196,323356 5445576,325504 5473358))
31287;POLYGON((193799 598387,211992 597752,211067 569962,192785 570600,193799 598387))
25833;POLYGON((172558 5464998,190744 5463944,189183 5436163,170905 5437218,172558 5464998))
25832;POLYGON((609161 5456330,627354 5456721,627996 5428931,609712 5428539,609161 5456330))
