4326;POLYGON((10.5 47.0,11.25 47.0,11.25 46.25,10.5 46.25,10.5 47.0))
31254;POLYGON((12697 206790,69739 207182,70706 123809,12870 123417,12697 206790))
31255;POLYGON((-215434 210673,-158395 208880,-160603 125510,-218436 127306,-215434 210673))
31256;POLYGON((-443525 223316,-386500 219329,-391893 135974,-449717 139968,-443525 223316))
31257;POLYGON((162697 206790,219739 207182,220706 123809,162870 123417,162697 206790))
31258;POLYGON((234565 210673,291604 208880,289396 125510,231563 127306,234565 210673))
31259;POLYGON((306474 223316,363499 219329,358106 135974,300282 139968,306474 223316))
31284;POLYGON((162697 5206790,219739 5207182,220706 5123809,162870 5123417,162697 5206790))
31285;POLYGON((234565 5210673,291604 5208880,289396 5125510,231563 5127306,234565 5210673))
31286;POLYGON((306474 5223316,363499 5219329,358106 5135974,300282 5139968,306474 5223316))
31287;POLYGON((184672 348422,241668 346616,239431 263291,181630 265122,184672 348422))
25833;POLYGON((157909 5214998,214918 5211991,210948 5128662,153142 5131674,157909 5214998))
25832;POLYGON((614037 5206255,671054 5207621,673434 5124285,615623 5122918,614037 5206255))
