4326;POLYGON((10.5 49.25,11.25 49.25,11.25 48.5,10.5 48.5,10.5 49.25))
31254;POLYGON((12164 456976,66768 457365,67770 373960,12344 373570,12164 456976))
31255;POLYGON((-206207 460826,-151611 459048,-153899 375650,-209319 377434,-206207 460826))
31256;POLYGON((-424495 473358,-369928 469406,-375517 386045,-430913 390011,-424495 473358))
31257;POLYGON((162164 456976,216768 457365,217770 373960,162344 373570,162164 456976))
31258;POLYGON((243792 460826,298388 459048,296100 375650,240680 377434,243792 460826))
31259;POLYGON((325504 473358,380071 469406,374482 386045,319086 390011,325504 473358))
31284;POLYGON((162164 5456976,216768 5457365,217770 5373960,162344 5373570,162164 5456976))
31285;POLYGON((243792 5460826,298388 5459048,296100 5375650,240680 5377434,243792 5460826))
31286;POLYGON((325504 5473358,380071 5469406,374482 5386045,319086 5390011,325504 5473358))
31287;POLYGON((193799 598387,248383 596657,246144 513285,190756 515040,193799 598387))
25833;POLYGON((172558 5464998,227119 5462017,223004 5378669,167618 5381660,172558 5464998))
25832;POLYGON((609161 5456330,663739 5457683,666206 5374320,610806 5372962,609161 5456330))
