4326;POLYGON((10.0 49.5,10.75 49.5,10.75 48.75,10.0 48.75,10.0 49.5))
31254;POLYGON((-24114 484822,30213 484850,30668 401440,-24484 401412,-24114 484822))
31255;POLYGON((-241372 490110,-187056 487973,-189904 404576,-245048 406720,-241372 490110))
31256;POLYGON((-458526 504074,-404245 499764,-410409 416412,-465523 420739,-458526 504074))
31257;POLYGON((125885 484822,180213 484850,180668 401440,125515 401412,125885 484822))
31258;POLYGON((208627 490110,262943 487973,260095 404576,204951 406720,208627 490110))
31259;POLYGON((291473 504074,345754 499764,339590 416412,284476 420739,291473 504074))
31284;POLYGON((125885 5484822,180213 5484850,180668 5401440,125515 5401412,125885 5484822))
31285;POLYGON((208627 5490110,262943 5487973,260095 5404576,204951 5406720,208627 5490110))
31286;POLYGON((291473 5504074,345754 5499764,339590 5416412,284476 5420739,291473 5504074))
31287;POLYGON((158614 627617,212917 625546,210142 542177,155034 544278,158614 627617))
25833;POLYGON((138033 5495064,192311 5491725,187628 5408382,132521 5411734,138033 5495064))
25832;POLYGON((572407 5483521,626710 5484512,628636 5401142,573507 5400147,572407 5483521))
