4326;POLYGON((10.0 46.25,10.25 46.25,10.25 46.0,10.0 46.0,10.0 46.25))
31254;POLYGON((-25686 123458,-6407 123407,-6438 95618,-25804 95670,-25686 123458))
31255;POLYGON((-256991 128807,-237714 128026,-238794 100239,-258159 101020,-256991 128807))
31256;POLYGON((-488264 142937,-468991 141421,-471126 113639,-490488 115155,-488264 142937))
31257;POLYGON((124313 123458,143592 123407,143561 95618,124195 95670,124313 123458))
31258;POLYGON((193008 128807,212285 128026,211205 100239,191840 101020,193008 128807))
31259;POLYGON((261735 142937,281008 141421,278873 113639,259511 115155,261735 142937))
31284;POLYGON((124313 5123458,143592 5123407,143561 5095618,124195 5095670,124313 5123458))
31285;POLYGON((193008 5128807,212285 5128026,211205 5100239,191840 5101020,193008 5128807))
31286;POLYGON((261735 5142937,281008 5141421,278873 5113639,259511 5115155,261735 5142937))
31287;POLYGON((143107 266653,162368 265856,161264 238091,141915 238891,143107 266653))
25833;POLYGON((114606 5133987,133874 5132800,132211 5105026,112855 5106214,114606 5133987))
25832;POLYGON((577082 5122310,596353 5122584,596790 5094807,577432 5094533,577082 5122310))
