4326;POLYGON((10.25 49.0,11.0 49.0,11.0 48.25,10.25 48.25,10.25 49.0))
31254;POLYGON((-6068 429163,48810 429372,49535 345970,-6162 345761,-6068 429163))
31255;POLYGON((-225538 433742,-170667 431781,-173220 348387,-228912 350354,-225538 433742))
31256;POLYGON((-444922 447016,-390081 442877,-395923 359521,-451590 363674,-444922 447016))
31257;POLYGON((143931 429163,198810 429372,199535 345970,143837 345761,143931 429163))
31258;POLYGON((224461 433742,279332 431781,276779 348387,221087 350354,224461 433742))
31259;POLYGON((305077 447016,359918 442877,354076 359521,298409 363674,305077 447016))
31284;POLYGON((143931 5429163,198810 5429372,199535 5345970,143837 5345761,143931 5429163))
31285;POLYGON((224461 5433742,279332 5431781,276779 5348387,221087 5350354,224461 5433742))
31286;POLYGON((305077 5447016,359918 5442877,354076 5359521,298409 5363674,305077 5447016))
31287;POLYGON((174505 571297,229351 569383,226844 486030,171194 487972,174505 571297))
25833;POLYGON((152628 5438334,207462 5435168,203089 5351825,147432 5355002,152628 5438334))
25832;POLYGON((591427 5428208,646280 5429382,648465 5346020,592792 5344842,591427 5428208))
