4326;POLYGON((10.0 49.0,10.25 49.0,10.25 48.75,10.0 48.75,10.0 49.0))
31254;POLYGON((-24361 429214,-6068 429163,-6100 401361,-24484 401412,-24361 429214))
31255;POLYGON((-243827 434516,-225538 433742,-226667 405945,-245048 406720,-243827 434516))
31256;POLYGON((-463200 448518,-444922 447016,-447153 419236,-465523 420739,-463200 448518))
31257;POLYGON((125638 429214,143931 429163,143899 401361,125515 401412,125638 429214))
31258;POLYGON((206172 434516,224461 433742,223332 405945,204951 406720,206172 434516))
31259;POLYGON((286799 448518,305077 447016,302846 419236,284476 420739,286799 448518))
31284;POLYGON((125638 5429214,143931 5429163,143899 5401361,125515 5401412,125638 5429214))
31285;POLYGON((206172 5434516,224461 5433742,223332 5405945,204951 5406720,206172 5434516))
31286;POLYGON((286799 5448518,305077 5447016,302846 5419236,284476 5420739,286799 5448518))
31287;POLYGON((156227 572053,174505 571297,173401 543518,155034 544278,156227 572053))
25833;POLYGON((134351 5439511,152628 5438334,150889 5410556,132521 5411734,134351 5439511))
25832;POLYGON((573142 5427937,591427 5428208,591883 5400418,573507 5400147,573142 5427937))
