4326;POLYGON((11.0 49.5,11.75 49.5,11.75 48.75,11.0 48.75,11.0 49.5))
31254;POLYGON((48322 484980,102648 485729,104205 402322,49053 401570,48322 484980))
31255;POLYGON((-168949 487382,-114626 485967,-116372 402562,-171522 403982,-168949 487382))
31256;POLYGON((-386149 498449,-331853 494865,-336910 411494,-392036 415091,-386149 498449))
31257;POLYGON((198322 484980,252648 485729,254205 402322,199053 401570,198322 484980))
31258;POLYGON((281050 487382,335373 485967,333627 402562,278477 403982,281050 487382))
31259;POLYGON((363850 498449,418146 494865,413089 411494,357963 415091,363850 498449))
31284;POLYGON((198322 5484980,252648 5485729,254205 5402322,199053 5401570,198322 5484980))
31285;POLYGON((281050 5487382,335373 5485967,333627 5402562,278477 5403982,281050 5487382))
31286;POLYGON((363850 5498449,418146 5494865,413089 5411494,357963 5415091,363850 5498449))
31287;POLYGON((231022 624973,285347 623601,283645 540203,228515 541595,231022 624973))
25833;POLYGON((210406 5490733,264695 5488118,261115 5404761,205999 5407386,210406 5490733))
25832;POLYGON((644810 5484963,699108 5486675,702136 5403313,647011 5401594,644810 5484963))
