4326;POLYGON((10.75 48.5,11.5 48.5,11.5 47.75,10.75 47.75,10.75 48.5))
31254;POLYGON((30819 373640,86245 374211,87507 290818,31268 290244,30819 373640))
31255;POLYGON((-190846 376778,-135425 375176,-137415 291785,-193650 293392,-190846 376778))
31256;POLYGON((-412448 388628,-357050 384844,-362302 301481,-418519 305277,-412448 388628))
31257;POLYGON((180819 373640,236245 374211,237507 290818,181268 290244,180819 373640))
31258;POLYGON((259153 376778,314574 375176,312584 291785,256349 293392,259153 376778))
31259;POLYGON((337551 388628,392949 384844,387697 301481,331480 305277,337551 388628))
31284;POLYGON((180819 5373640,236245 5374211,237507 5290818,181268 5290244,180819 5373640))
31285;POLYGON((259153 5376778,314574 5375176,312584 5291785,256349 5293392,259153 5376778))
31286;POLYGON((337551 5388628,392949 5384844,387697 5301481,331480 5305277,337551 5388628))
31287;POLYGON((209217 514396,264610 512819,262640 429470,206442 431069,209217 514396))
25833;POLYGON((186079 5380603,241468 5377793,237672 5294448,181468 5297266,186079 5380603))
25832;POLYGON((629273 5373354,684672 5374893,687382 5291541,631169 5289997,629273 5373354))
