4326;POLYGON((11.5 50.0,12.25 50.0,12.25 49.25,11.5 49.25,11.5 50.0))
31254;POLYGON((83677 541030,137446 542136,139570 458727,84969 457615,83677 541030))
31255;POLYGON((-131374 541987,-77605 540936,-78809 457521,-133411 458576,-131374 541987))
31256;POLYGON((-346364 551579,-292620 548367,-297158 464984,-351737 468210,-346364 551579))
31257;POLYGON((233677 541030,287446 542136,289570 458727,234969 457615,233677 541030))
31258;POLYGON((318625 541987,372394 540936,371190 457521,316588 458576,318625 541987))
31259;POLYGON((403635 551579,457379 548367,452841 464984,398262 468210,403635 551579))
31284;POLYGON((233677 5541030,287446 5542136,289570 5458727,234969 5457615,233677 5541030))
31285;POLYGON((318625 5541987,372394 5540936,371190 5457521,316588 5458576,318625 5541987))
31286;POLYGON((403635 5551579,457379 5548367,452841 5464984,398262 5468210,403635 5551579))
31287;POLYGON((268552 679622,322348 678610,321182 595171,266581 596198,268552 679622))
25833;POLYGON((249192 5544502,302928 5542254,299877 5458887,245308 5461144,249192 5544502))
25832;POLYGON((679157 5541625,732896 5543693,736502 5460331,681930 5458255,679157 5541625))
