4326;POLYGON((11.5 46.5,12.25 46.5,12.25 45.75,11.5 45.75,11.5 46.5))
31254;POLYGON((89576 151852,147147 152974,149155 69609,90797 68486,89576 151852))
31255;POLYGON((-140680 152822,-83108 151757,-84247 68392,-142606 69458,-140680 152822))
31256;POLYGON((-370916 162551,-313353 159293,-317645 75935,-376000 79196,-370916 162551))
31257;POLYGON((239576 151852,297147 152974,299155 69609,240797 68486,239576 151852))
31258;POLYGON((309319 152822,366891 151757,365752 68392,307393 69458,309319 152822))
31259;POLYGON((379083 162551,436646 159293,432354 75935,373999 79196,379083 162551))
31284;POLYGON((239576 5151852,297147 5152974,299155 5069609,240797 5068486,239576 5151852))
31285;POLYGON((309319 5152822,366891 5151757,365752 5068392,307393 5069458,309319 5152822))
31286;POLYGON((379083 5162551,436646 5159293,432354 5075935,373999 5079196,379083 5162551))
31287;POLYGON((259358 290582,316909 289500,315744 206146,257388 207243,259358 290582))
25833;POLYGON((231446 5155556,288991 5153277,286106 5069949,227773 5072230,231446 5155556))
25832;POLYGON((691826 5152640,749371 5154736,752782 5071409,694449 5069311,691826 5152640))
