4326;POLYGON((11.5 49.25,12.25 49.25,12.25 48.5,11.5 48.5,11.5 49.25))
31254;POLYGON((84969 457615,139570 458727,141669 375327,86245 374211,84969 457615))
31255;POLYGON((-133411 458576,-78809 457521,-80000 374117,-135425 375176,-133411 458576))
31256;POLYGON((-351737 468210,-297158 464984,-301644 381606,-357050 384844,-351737 468210))
31257;POLYGON((234969 457615,289570 458727,291669 375327,236245 374211,234969 457615))
31258;POLYGON((316588 458576,371190 457521,369999 374117,314574 375176,316588 458576))
31259;POLYGON((398262 468210,452841 464984,448355 381606,392949 384844,398262 468210))
31284;POLYGON((234969 5457615,289570 5458727,291669 5375327,236245 5374211,234969 5457615))
31285;POLYGON((316588 5458576,371190 5457521,369999 5374117,314574 5375176,316588 5458576))
31286;POLYGON((398262 5468210,452841 5464984,448355 5381606,392949 5384844,398262 5468210))
31287;POLYGON((266581 596198,321182 595171,320016 511777,264610 512819,266581 596198))
25833;POLYGON((245308 5461144,299877 5458887,296861 5375528,241468 5377793,245308 5461144))
25832;POLYGON((681930 5458255,736502 5460331,740067 5376977,684672 5374893,681930 5458255))
