4326;POLYGON((11.0 48.0,11.75 48.0,11.75 47.25,11.0 47.25,11.0 48.0))
31254;POLYGON((49775 318172,105744 318926,107264 235540,50489 234784,49775 318172))
31255;POLYGON((-174065 320591,-118099 319167,-119804 235782,-176578 237209,-174065 320591))
31256;POLYGON((-397856 331736,-341908 328126,-346848 244763,-403607 248381,-397856 331736))
31257;POLYGON((199775 318172,255744 318926,257264 235540,200489 234784,199775 318172))
31258;POLYGON((275934 320591,331900 319167,330195 235782,273421 237209,275934 320591))
31259;POLYGON((352143 331736,408091 328126,403151 244763,346392 248381,352143 331736))
31284;POLYGON((199775 5318172,255744 5318926,257264 5235540,200489 5234784,199775 5318172))
31285;POLYGON((275934 5320591,331900 5319167,330195 5235782,273421 5237209,275934 5320591))
31286;POLYGON((352143 5331736,408091 5328126,403151 5244763,346392 5248381,352143 5331736))
31287;POLYGON((226009 458252,281943 456840,280242 373497,223503 374929,226009 458252))
25833;POLYGON((201643 5324045,257578 5321412,254081 5238070,197338 5240710,201643 5324045))
25832;POLYGON((649187 5318235,705129 5319959,708086 5236614,651338 5234886,649187 5318235))
