4326;POLYGON((11.25 47.0,12.0 47.0,12.0 46.25,11.25 46.25,11.25 47.0))
31254;POLYGON((69739 207182,126781 208121,128541 124749,70706 123809,69739 207182))
31255;POLYGON((-158395 208880,-101354 207634,-102768 124262,-160603 125510,-158395 208880))
31256;POLYGON((-386500 219329,-329472 215891,-334066 132532,-391893 135974,-386500 219329))
31257;POLYGON((219739 207182,276781 208121,278541 124749,220706 123809,219739 207182))
31258;POLYGON((291604 208880,348645 207634,347231 124262,289396 125510,291604 208880))
31259;POLYGON((363499 219329,420527 215891,415933 132532,358106 135974,363499 219329))
31284;POLYGON((219739 5207182,276781 5208121,278541 5124749,220706 5123809,219739 5207182))
31285;POLYGON((291604 5208880,348645 5207634,347231 5124262,289396 5125510,291604 5208880))
31286;POLYGON((363499 5219329,420527 5215891,415933 5132532,358106 5135974,363499 5219329))
31287;POLYGON((241668 346616,298680 345360,297246 262017,239431 263291,241668 346616))
25833;POLYGON((214918 5211991,271930 5209532,268755 5126199,210948 5128662,214918 5211991))
25832;POLYGON((671054 5207621,728069 5209532,731244 5126199,673434 5124285,671054 5207621))
