4326;POLYGON((10.75 49.5,11.5 49.5,11.5 48.75,10.75 48.75,10.75 49.5))
31254;POLYGON((30213 484850,84540 485419,85821 402011,30668 401440,30213 484850))
31255;POLYGON((-187056 487973,-132734 486379,-134756 402975,-189904 404576,-187056 487973))
31256;POLYGON((-404245 499764,-349953 495999,-355286 412632,-410409 416412,-404245 499764))
31257;POLYGON((180213 484850,234540 485419,235821 402011,180668 401440,180213 484850))
31258;POLYGON((262943 487973,317265 486379,315243 402975,260095 404576,262943 487973))
31259;POLYGON((345754 499764,400046 495999,394713 412632,339590 416412,345754 499764))
31284;POLYGON((180213 5484850,234540 5485419,235821 5402011,180668 5401440,180213 5484850))
31285;POLYGON((262943 5487973,317265 5486379,315243 5402975,260095 5404576,262943 5487973))
31286;POLYGON((345754 5499764,400046 5495999,394713 5412632,339590 5416412,345754 5499764))
31287;POLYGON((212917 625546,267238 624000,265267 540608,210142 542177,212917 625546))
25833;POLYGON((192311 5491725,246598 5488929,242743 5405576,187628 5408382,192311 5491725))
25832;POLYGON((626710 5484512,681010 5486044,683762 5402680,628636 5401142,626710 5484512))
