4326;POLYGON((10.75 50.0,11.5 50.0,11.5 49.25,10.75 49.25,10.75 50.0))
31254;POLYGON((29906 540462,83677 541030,84969 457615,30365 457046,29906 540462))
31255;POLYGON((-185139 543577,-131374 541987,-133411 458576,-188009 460173,-185139 543577))
31256;POLYGON((-400097 555333,-346364 551579,-351737 468210,-406307 471980,-400097 555333))
31257;POLYGON((179906 540462,233677 541030,234969 457615,180365 457046,179906 540462))
31258;POLYGON((264860 543577,318625 541987,316588 458576,261990 460173,264860 543577))
31259;POLYGON((349902 555333,403635 551579,398262 468210,343692 471980,349902 555333))
31284;POLYGON((179906 5540462,233677 5541030,234969 5457615,180365 5457046,179906 5540462))
31285;POLYGON((264860 5543577,318625 5541987,316588 5458576,261990 5460173,264860 5543577))
31286;POLYGON((349902 5555333,403635 5551579,398262 5468210,343692 5471980,349902 5555333))
31287;POLYGON((214769 681152,268552 679622,266581 596198,211992 597752,214769 681152))
25833;POLYGON((195463 5547290,249192 5544502,245308 5461144,190744 5463944,195463 5547290))
25832;POLYGON((625414 5540098,679157 5541625,681930 5458255,627354 5456721,625414 5540098))
