4326;POLYGON((11.25 50.0,12.0 50.0,12.0 49.25,11.25 49.25,11.25 50.0))
31254;POLYGON((65754 540781,119524 541708,121370 458296,66768 457365,65754 540781))
31255;POLYGON((-149296 542457,-95528 541226,-97010 457813,-151611 459048,-149296 542457))
31256;POLYGON((-364276 552770,-310535 549377,-315352 465999,-369928 469406,-364276 552770))
31257;POLYGON((215754 540781,269524 541708,271370 458296,216768 457365,215754 540781))
31258;POLYGON((300703 542457,354471 541226,352989 457813,298388 459048,300703 542457))
31259;POLYGON((385723 552770,439464 549377,434647 465999,380071 469406,385723 552770))
31284;POLYGON((215754 5540781,269524 5541708,271370 5458296,216768 5457365,215754 5540781))
31285;POLYGON((300703 5542457,354471 5541226,352989 5457813,298388 5459048,300703 5542457))
31286;POLYGON((385723 5552770,439464 5549377,434647 5465999,380071 5469406,385723 5552770))
31287;POLYGON((250623 680074,304415 678889,302980 595455,248383 596657,250623 680074))
25833;POLYGON((231281 5545371,285015 5542944,281687 5459579,227119 5462017,231281 5545371))
25832;POLYGON((661243 5541056,714984 5542944,718312 5459579,663739 5457683,661243 5541056))
