4326;POLYGON((11.25 47.25,12.0 47.25,12.0 46.5,11.25 46.5,11.25 47.25))
31254;POLYGON((69414 234976,126189 235914,127957 152539,70385 151599,69414 234976))
31255;POLYGON((-157653 236673,-100879 235427,-102299 152052,-159870 153299,-157653 236673))
31256;POLYGON((-384688 247114,-327927 243679,-332541 160318,-390103 163759,-384688 247114))
31257;POLYGON((219414 234976,276189 235914,277957 152539,220385 151599,219414 234976))
31258;POLYGON((292346 236673,349120 235427,347700 152052,290129 153299,292346 236673))
31259;POLYGON((365311 247114,422072 243679,417458 160318,359896 163759,365311 247114))
31284;POLYGON((219414 5234976,276189 5235914,277957 5152539,220385 5151599,219414 5234976))
31285;POLYGON((292346 5236673,349120 5235427,347700 5152052,290129 5153299,292346 5236673))
31286;POLYGON((365311 5247114,422072 5243679,417458 5160318,359896 5163759,365311 5247114))
31287;POLYGON((242414 374391,299157 373141,297724 289799,240177 291066,242414 374391))
25833;POLYGON((216252 5239769,272997 5237312,269809 5153976,212265 5156438,216252 5239769))
25832;POLYGON((670254 5235401,727002 5237312,730190 5153976,672644 5152062,670254 5235401))
