4326;POLYGON((10.75 46.5,11.5 46.5,11.5 45.75,10.75 45.75,10.75 46.5))
31254;POLYGON((32004 151277,89576 151852,90797 68486,32438 67911,32004 151277))
31255;POLYGON((-198250 154435,-140680 152822,-142606 69458,-200964 71072,-198250 154435))
31256;POLYGON((-428476 166359,-370916 162551,-376000 79196,-434352 83009,-428476 166359))
31257;POLYGON((182004 151277,239576 151852,240797 68486,182438 67911,182004 151277))
31258;POLYGON((251749 154435,309319 152822,307393 69458,249035 71072,251749 154435))
31259;POLYGON((321523 166359,379083 162551,373999 79196,315647 83009,321523 166359))
31284;POLYGON((182004 5151277,239576 5151852,240797 5068486,182438 5067911,182004 5151277))
31285;POLYGON((251749 5154435,309319 5152822,307393 5069458,249035 5071072,251749 5154435))
31286;POLYGON((321523 5166359,379083 5162551,373999 5079196,315647 5083009,321523 5166359))
31287;POLYGON((201820 292220,259358 290582,257388 207243,199046 208904,201820 292220))
25833;POLYGON((173904 5158384,231446 5155556,227773 5072230,169441 5075061,173904 5158384))
25832;POLYGON((634279 5151091,691826 5152640,694449 5069311,636115 5067760,634279 5151091))
