4326;POLYGON((11.25 49.75,12.0 49.75,12.0 49.0,11.25 49.0,11.25 49.75))
31254;POLYGON((66093 512974,120141 513903,121980 430494,67103 429562,66093 512974))
31255;POLYGON((-150071 514653,-96024 513421,-97500 430011,-152376 431248,-150071 514653))
31256;POLYGON((-366167 524982,-312147 521584,-316945 438207,-371798 441619,-366167 524982))
31257;POLYGON((216093 512974,270141 513903,271980 430494,217103 429562,216093 512974))
31258;POLYGON((299928 514653,353975 513421,352499 430011,297623 431248,299928 514653))
31259;POLYGON((383832 524982,437852 521584,433054 438207,378201 441619,383832 524982))
31284;POLYGON((216093 5512974,270141 5513903,271980 5430494,217103 5429562,216093 5512974))
31285;POLYGON((299928 5514653,353975 5513421,352499 5430011,297623 5431248,299928 5514653))
31286;POLYGON((383832 5524982,437852 5521584,433054 5438207,378201 5441619,383832 5524982))
31287;POLYGON((249876 652263,303937 651072,302502 567654,247636 568862,249876 652263))
25833;POLYGON((229889 5517586,283902 5515154,280586 5431792,225742 5434233,229889 5517586))
25832;POLYGON((662078 5513264,716097 5515154,719413 5431792,664564 5429895,662078 5513264))
