4326;POLYGON((11.5 47.5,12.25 47.5,12.25 46.75,11.5 46.75,11.5 47.5))
31254;POLYGON((87924 263022,144430 264141,146472 180764,89165 179643,87924 263022))
31255;POLYGON((-138073 263990,-81567 262928,-82725 179548,-140032 180613,-138073 263990))
31256;POLYGON((-364039 273694,-307546 270445,-311910 187080,-369207 190336,-364039 273694))
31257;POLYGON((237924 263022,294430 264141,296472 180764,239165 179643,237924 263022))
31258;POLYGON((311926 263990,368432 262928,367274 179548,309967 180613,311926 263990))
31259;POLYGON((385960 273694,442453 270445,438089 187080,380792 190336,385960 273694))
31284;POLYGON((237924 5263022,294430 5264141,296472 5180764,239165 5179643,237924 5263022))
31285;POLYGON((311926 5263990,368432 5262928,367274 5179548,309967 5180613,311926 5263990))
31286;POLYGON((385960 5273694,442453 5270445,438089 5187080,380792 5190336,385960 5273694))
31287;POLYGON((261984 401691,318462 400629,317297 317282,260014 318359,261984 401691))
25833;POLYGON((236417 5266668,292894 5264395,289961 5181055,232681 5183333,236417 5266668))
25832;POLYGON((688278 5263759,744757 5265850,748225 5182513,690945 5180418,688278 5263759))
