4326;POLYGON((10.75 47.25,11.5 47.25,11.5 46.5,10.75 46.5,10.75 47.25))
31254;POLYGON((31564 234654,88339 235228,89576 151852,32004 151277,31564 234654))
31255;POLYGON((-195502 237806,-138729 236197,-140680 152822,-198250 154435,-195502 237806))
31256;POLYGON((-422526 249709,-365768 245908,-370916 162551,-428476 166359,-422526 249709))
31257;POLYGON((181564 234654,238339 235228,239576 151852,182004 151277,181564 234654))
31258;POLYGON((254497 237806,311270 236197,309319 152822,251749 154435,254497 237806))
31259;POLYGON((327473 249709,384231 245908,379083 162551,321523 166359,327473 249709))
31284;POLYGON((181564 5234654,238339 5235228,239576 5151852,182004 5151277,181564 5234654))
31285;POLYGON((254497 5237806,311270 5236197,309319 5152822,251749 5154435,254497 5237806))
31286;POLYGON((327473 5249709,384231 5245908,379083 5162551,321523 5166359,327473 5249709))
31287;POLYGON((204593 375528,261327 373913,259358 290582,201820 292220,204593 375528))
25833;POLYGON((178424 5241712,235166 5238889,231446 5155556,173904 5158384,178424 5241712))
25832;POLYGON((632421 5234431,689170 5235977,691826 5152640,634279 5151091,632421 5234431))
