4326;POLYGON((11.0 47.25,11.75 47.25,11.75 46.5,11.0 46.5,11.0 47.25))
31254;POLYGON((50489 234784,107264 235540,108766 152165,51194 151408,50489 234784))
31255;POLYGON((-176578 237209,-119804 235782,-121489 152407,-179060 153837,-176578 237209))
31256;POLYGON((-403607 248381,-346848 244763,-351729 161404,-409290 165028,-403607 248381))
31257;POLYGON((200489 234784,257264 235540,258766 152165,201194 151408,200489 234784))
31258;POLYGON((273421 237209,330195 235782,328510 152407,270939 153837,273421 237209))
31259;POLYGON((346392 248381,403151 244763,398270 161404,340709 165028,346392 248381))
31284;POLYGON((200489 5234784,257264 5235540,258766 5152165,201194 5151408,200489 5234784))
31285;POLYGON((273421 5237209,330195 5235782,328510 5152407,270939 5153837,273421 5237209))
31286;POLYGON((346392 5248381,403151 5244763,398270 5161404,340709 5165028,346392 5248381))
31287;POLYGON((223503 374929,280242 373497,278540 290160,220997 291612,223503 374929))
25833;POLYGON((197338 5240710,254081 5238070,250628 5154736,193085 5157380,197338 5240710))
25832;POLYGON((651338 5234886,708086 5236614,711008 5153277,653462 5151546,651338 5234886))
