4326;POLYGON((11.5 46.75,12.25 46.75,12.25 46.0,11.5 46.0,11.5 46.75))
31254;POLYGON((89165 179643,146472 180764,148489 97396,90391 96273,89165 179643))
31255;POLYGON((-140032 180613,-82725 179548,-83869 96179,-141967 97245,-140032 180613))
31256;POLYGON((-369207 190336,-311910 187080,-316221 103720,-374312 106981,-369207 190336))
31257;POLYGON((239165 179643,296472 180764,298489 97396,240391 96273,239165 179643))
31258;POLYGON((309967 180613,367274 179548,366130 96179,308032 97245,309967 180613))
31259;POLYGON((380792 190336,438089 187080,433778 103720,375687 106981,380792 190336))
31284;POLYGON((239165 5179643,296472 5180764,298489 5097396,240391 5096273,239165 5179643))
31285;POLYGON((309967 5180613,367274 5179548,366130 5096179,308032 5097245,309967 5180613))
31286;POLYGON((380792 5190336,438089 5187080,433778 5103720,375687 5106981,380792 5190336))
31287;POLYGON((260014 318359,317297 317282,316132 233932,258045 235025,260014 318359))
25833;POLYGON((232681 5183333,289961 5181055,287063 5097724,228992 5100005,232681 5183333))
25832;POLYGON((690945 5180418,748225 5182513,751650 5099184,693578 5097086,690945 5180418))
