4326;POLYGON((11.5 49.0,12.25 49.0,12.25 48.25,11.5 48.25,11.5 49.0))
31254;POLYGON((85396 429813,140272 430926,142364 347529,86667 346412,85396 429813))
31255;POLYGON((-134085 430775,-79208 429719,-80394 346318,-136091 347378,-134085 430775))
31256;POLYGON((-353515 440421,-298659 437191,-303128 353815,-358808 357056,-353515 440421))
31257;POLYGON((235396 429813,290272 430926,292364 347529,236667 346412,235396 429813))
31258;POLYGON((315914 430775,370791 429719,369605 346318,313908 347378,315914 430775))
31259;POLYGON((396484 440421,451340 437191,446871 353815,391191 357056,396484 440421))
31284;POLYGON((235396 5429813,290272 5430926,292364 5347529,236667 5346412,235396 5429813))
31285;POLYGON((315914 5430775,370791 5429719,369605 5346318,313908 5347378,315914 5430775))
31286;POLYGON((396484 5440421,451340 5437191,446871 5353815,391191 5357056,396484 5440421))
31287;POLYGON((265924 568401,320793 567369,319628 483986,263953 485033,265924 568401))
25833;POLYGON((244023 5433359,298868 5431099,295864 5347743,240197 5350010,244023 5433359))
25832;POLYGON((682848 5430467,737695 5432546,741247 5349194,685579 5347108,682848 5430467))
