4326;POLYGON((11.0 48.5,11.75 48.5,11.75 47.75,11.0 47.75,11.0 48.5))
31254;POLYGON((49295 373770,104720 374523,106253 291130,50014 290375,49295 373770))
31255;POLYGON((-172373 376184,-116950 374762,-118669 291371,-174906 292796,-172373 376184))
31256;POLYGON((-393983 387306,-338582 383704,-343561 300338,-399780 303951,-393983 387306))
31257;POLYGON((199295 373770,254720 374523,256253 291130,200014 290375,199295 373770))
31258;POLYGON((277626 376184,333049 374762,331330 291371,275093 292796,277626 376184))
31259;POLYGON((356016 387306,411417 383704,406438 300338,350219 303951,356016 387306))
31284;POLYGON((199295 5373770,254720 5374523,256253 5291130,200014 5290375,199295 5373770))
31285;POLYGON((277626 5376184,333049 5374762,331330 5291371,275093 5292796,277626 5376184))
31286;POLYGON((356016 5387306,411417 5383704,406438 5300338,350219 5303951,356016 5387306))
31287;POLYGON((227679 513811,283078 512412,281376 429057,225173 430476,227679 513811))
25833;POLYGON((204541 5379605,259932 5376977,256408 5293630,200202 5296266,204541 5379605))
25832;POLYGON((647740 5373807,703138 5375528,706119 5292177,649907 5290451,647740 5373807))
