4326;POLYGON((10.75 49.25,11.5 49.25,11.5 48.5,10.75 48.5,10.75 49.25))
31254;POLYGON((30365 457046,84969 457615,86245 374211,30819 373640,30365 457046))
31255;POLYGON((-188009 460173,-133411 458576,-135425 375176,-190846 376778,-188009 460173))
31256;POLYGON((-406307 471980,-351737 468210,-357050 384844,-412448 388628,-406307 471980))
31257;POLYGON((180365 457046,234969 457615,236245 374211,180819 373640,180365 457046))
31258;POLYGON((261990 460173,316588 458576,314574 375176,259153 376778,261990 460173))
31259;POLYGON((343692 471980,398262 468210,392949 384844,337551 388628,343692 471980))
31284;POLYGON((180365 5457046,234969 5457615,236245 5374211,180819 5373640,180365 5457046))
31285;POLYGON((261990 5460173,316588 5458576,314574 5375176,259153 5376778,261990 5460173))
31286;POLYGON((343692 5471980,398262 5468210,392949 5384844,337551 5388628,343692 5471980))
31287;POLYGON((211992 597752,266581 596198,264610 512819,209217 514396,211992 597752))
25833;POLYGON((190744 5463944,245308 5461144,241468 5377793,186079 5380603,190744 5463944))
25832;POLYGON((627354 5456721,681930 5458255,684672 5374893,629273 5373354,627354 5456721))
