4326;POLYGON((11.0 46.25,11.75 46.25,11.75 45.5,11.0 45.5,11.0 46.25))
31254;POLYGON((51427 123618,109263 124375,110740 41014,52121 40255,51427 123618))
31255;POLYGON((-179881 126048,-122046 124617,-123703 41256,-182322 42687,-179881 126048))
31256;POLYGON((-411168 137244,-353342 133618,-358142 50264,-416757 53893,-411168 137244))
31257;POLYGON((201427 123618,259263 124375,260740 41014,202121 40255,201427 123618))
31258;POLYGON((270118 126048,327953 124617,326296 41256,267677 42687,270118 126048))
31259;POLYGON((338831 137244,396657 133618,391857 50264,333242 53893,338831 137244))
31284;POLYGON((201427 5123618,259263 5124375,260740 5041014,202121 5040255,201427 5123618))
31285;POLYGON((270118 5126048,327953 5124617,326296 5041256,267677 5042687,270118 5126048))
31286;POLYGON((338831 5137244,396657 5133618,391857 5050264,333242 5053893,338831 5137244))
31287;POLYGON((220162 263839,277973 262380,276272 179029,217656 180509,220162 263839))
25833;POLYGON((191679 5129605,249486 5126959,246090 5043635,187497 5046283,191679 5129605))
25832;POLYGON((654164 5123768,711974 5125500,714847 5042175,656253 5040442,654164 5123768))
