4326;POLYGON((11.25 48.0,12.0 48.0,12.0 47.25,11.25 47.25,11.25 48.0))
31254;POLYGON((68432 318363,124400 319299,126189 235914,69414 234976,68432 318363))
31255;POLYGON((-155410 320056,-99443 318813,-100879 235427,-157653 236673,-155410 320056))
31256;POLYGON((-379207 330472,-323258 327045,-327927 243679,-384688 247114,-379207 330472))
31257;POLYGON((218432 318363,274400 319299,276189 235914,219414 234976,218432 318363))
31258;POLYGON((294589 320056,350556 318813,349120 235427,292346 236673,294589 320056))
31259;POLYGON((370792 330472,426741 327045,422072 243679,365311 247114,370792 330472))
31284;POLYGON((218432 5318363,274400 5319299,276189 5235914,219414 5234976,218432 5318363))
31285;POLYGON((294589 5320056,350556 5318813,349120 5235427,292346 5236673,294589 5320056))
31286;POLYGON((370792 5330472,426741 5327045,422072 5243679,365311 5247114,370792 5330472))
31287;POLYGON((244652 457721,300591 456489,299157 373141,242414 374391,244652 457721))
25833;POLYGON((220287 5323107,276224 5320655,272997 5237312,216252 5239769,220287 5323107))
25832;POLYGON((667835 5318749,723775 5320655,727002 5237312,670254 5235401,667835 5318749))
