4326;POLYGON((11.0 47.0,11.75 47.0,11.75 46.25,11.0 46.25,11.0 47.0))
31254;POLYGON((50725 206991,107767 207747,109263 124375,51427 123618,50725 206991))
31255;POLYGON((-177408 209417,-120368 207989,-122046 124617,-179881 126048,-177408 209417))
31256;POLYGON((-405509 220597,-348482 216976,-353342 133618,-411168 137244,-405509 220597))
31257;POLYGON((200725 206991,257767 207747,259263 124375,201427 123618,200725 206991))
31258;POLYGON((272591 209417,329631 207989,327953 124617,270118 126048,272591 209417))
31259;POLYGON((344490 220597,401517 216976,396657 133618,338831 137244,344490 220597))
31284;POLYGON((200725 5206991,257767 5207747,259263 5124375,201427 5123618,200725 5206991))
31285;POLYGON((272591 5209417,329631 5207989,327953 5124617,270118 5126048,272591 5209417))
31286;POLYGON((344490 5220597,401517 5216976,396657 5133618,338831 5137244,344490 5220597))
31287;POLYGON((222668 347157,279674 345718,277973 262380,220162 263839,222668 347157))
25833;POLYGON((195914 5212933,252925 5210291,249486 5126959,191679 5129605,195914 5212933))
25832;POLYGON((652049 5207105,709064 5208834,711974 5125500,654164 5123768,652049 5207105))
