4326;POLYGON((11.0 49.75,11.75 49.75,11.75 49.0,11.0 49.0,11.0 49.75))
31254;POLYGON((48076 512785,102126 513533,103688 430123,48810 429372,48076 512785))
31255;POLYGON((-168085 515184,-114040 513771,-115793 430363,-170667 431781,-168085 515184))
31256;POLYGON((-384171 526235,-330155 522656,-335230 439284,-390081 442877,-384171 526235))
31257;POLYGON((198076 512785,252126 513533,253688 430123,198810 429372,198076 512785))
31258;POLYGON((281914 515184,335959 513771,334206 430363,279332 431781,281914 515184))
31259;POLYGON((365828 526235,419844 522656,414769 439284,359918 442877,365828 526235))
31284;POLYGON((198076 5512785,252126 5513533,253688 5430123,198810 5429372,198076 5512785))
31285;POLYGON((281914 5515184,335959 5513771,334206 5430363,279332 5431781,281914 5515184))
31286;POLYGON((365828 5526235,419844 5522656,414769 5439284,359918 5442877,365828 5526235))
31287;POLYGON((231858 652776,285915 651411,284212 567998,229351 569383,231858 652776))
25833;POLYGON((211886 5518516,265897 5515905,262304 5432546,207462 5435168,211886 5518516))
25832;POLYGON((644071 5512754,698092 5514464,701131 5431099,646280 5429382,644071 5512754))
