4326;POLYGON((10.75 49.75,11.5 49.75,11.5 49.0,10.75 49.0,10.75 49.75))
31254;POLYGON((30060 512656,84109 513224,85396 429813,30517 429242,30060 512656))
31255;POLYGON((-186099 515775,-132055 514182,-134085 430775,-188958 432374,-186099 515775))
31256;POLYGON((-402175 527549,-348161 523789,-353515 440421,-408362 444196,-402175 527549))
31257;POLYGON((180060 512656,234109 513224,235396 429813,180517 429242,180060 512656))
31258;POLYGON((263900 515775,317944 514182,315914 430775,261041 432374,263900 515775))
31259;POLYGON((347824 527549,401838 523789,396484 440421,341637 444196,347824 527549))
31284;POLYGON((180060 5512656,234109 5513224,235396 5429813,180517 5429242,180060 5512656))
31285;POLYGON((263900 5515775,317944 5514182,315914 5430775,261041 5432374,263900 5515775))
31286;POLYGON((347824 5527549,401838 5523789,396484 5440421,341637 5444196,347824 5527549))
31287;POLYGON((213843 653346,267895 651808,265924 568401,211067 569962,213843 653346))
25833;POLYGON((193884 5519507,247892 5516715,244023 5433359,189183 5436163,193884 5519507))
25832;POLYGON((626063 5512304,680085 5513834,682848 5430467,627996 5428931,626063 5512304))
