4326;POLYGON((10.75 49.0,11.5 49.0,11.5 48.25,10.75 48.25,10.75 49.0))
31254;POLYGON((30517 429242,85396 429813,86667 346412,30969 345840,30517 429242))
31255;POLYGON((-188958 432374,-134085 430775,-136091 347378,-191785 348982,-188958 432374))
31256;POLYGON((-408362 444196,-353515 440421,-358808 357056,-414480 360844,-408362 444196))
31257;POLYGON((180517 429242,235396 429813,236667 346412,180969 345840,180517 429242))
31258;POLYGON((261041 432374,315914 430775,313908 347378,258214 348982,261041 432374))
31259;POLYGON((341637 444196,396484 440421,391191 357056,335519 360844,341637 444196))
31284;POLYGON((180517 5429242,235396 5429813,236667 5346412,180969 5345840,180517 5429242))
31285;POLYGON((261041 5432374,315914 5430775,313908 5347378,258214 5348982,261041 5432374))
31286;POLYGON((341637 5444196,396484 5440421,391191 5357056,335519 5360844,341637 5444196))
31287;POLYGON((211067 569962,265924 568401,263953 485033,208292 486617,211067 569962))
25833;POLYGON((189183 5436163,244023 5433359,240197 5350010,184536 5352823,189183 5436163))
25832;POLYGON((627996 5428931,682848 5430467,685579 5347108,629907 5345567,627996 5428931))
