4326;POLYGON((11.0 48.25,11.75 48.25,11.75 47.5,11.0 47.5,11.0 48.25))
31254;POLYGON((49535 345970,105233 346724,106760 263335,50252 262579,49535 345970))
31255;POLYGON((-173220 348387,-117525 346964,-119238 263576,-175743 265002,-173220 348387))
31256;POLYGON((-395923 359521,-340249 355915,-345208 272550,-401698 276166,-395923 359521))
31257;POLYGON((199535 345970,255233 346724,256760 263335,200252 262579,199535 345970))
31258;POLYGON((276779 348387,332474 346964,330761 263576,274256 265002,276779 348387))
31259;POLYGON((354076 359521,409750 355915,404791 272550,348301 276166,354076 359521))
31284;POLYGON((199535 5345970,255233 5346724,256760 5263335,200252 5262579,199535 5345970))
31285;POLYGON((276779 5348387,332474 5346964,330761 5263576,274256 5265002,276779 5348387))
31286;POLYGON((354076 5359521,409750 5355915,404791 5272550,348301 5276166,354076 5359521))
31287;POLYGON((226844 486030,282510 484624,280809 401276,224338 402702,226844 486030))
25833;POLYGON((203089 5351825,258752 5349194,255242 5265850,198767 5268488,203089 5351825))
25832;POLYGON((648465 5346020,704135 5347743,707105 5264395,650624 5262668,648465 5346020))
