4326;POLYGON((11.25 49.0,12.0 49.0,12.0 48.25,11.25 48.25,11.25 49.0))
31254;POLYGON((67103 429562,121980 430494,123798 347096,68101 346161,67103 429562))
31255;POLYGON((-152376 431248,-97500 430011,-98960 346611,-154656 347852,-152376 431248))
31256;POLYGON((-371798 441619,-316945 438207,-321689 354835,-377366 358258,-371798 441619))
31257;POLYGON((217103 429562,271980 430494,273798 347096,218101 346161,217103 429562))
31258;POLYGON((297623 431248,352499 430011,351039 346611,295343 347852,297623 431248))
31259;POLYGON((378201 441619,433054 438207,428310 354835,372633 358258,378201 441619))
31284;POLYGON((217103 5429562,271980 5430494,273798 5347096,218101 5346161,217103 5429562))
31285;POLYGON((297623 5431248,352499 5430011,351039 5346611,295343 5347852,297623 5431248))
31286;POLYGON((378201 5441619,433054 5438207,428310 5354835,372633 5358258,378201 5441619))
31287;POLYGON((247636 568862,302502 567654,301068 484276,245398 485502,247636 568862))
25833;POLYGON((225742 5434233,280586 5431792,277308 5348438,221643 5350887,225742 5434233))
25832;POLYGON((664564 5429895,719413 5431792,722691 5348438,667022 5346534,664564 5429895))
