4326;POLYGON((11.25 50.25,12.0 50.25,12.0 49.5,11.25 49.5,11.25 50.25))
31254;POLYGON((65413 568588,118904 569514,120757 486099,66431 485169,65413 568588))
31255;POLYGON((-148519 570261,-95030 569033,-96518 485616,-150842 486850,-148519 570261))
31256;POLYGON((-362378 580558,-308918 577171,-313752 493791,-368051 497194,-362378 580558))
31257;POLYGON((215413 568588,268904 569514,270757 486099,216431 485169,215413 568588))
31258;POLYGON((301480 570261,354969 569033,353481 485616,299157 486850,301480 570261))
31259;POLYGON((387621 580558,441081 577171,436247 493791,381948 497194,387621 580558))
31284;POLYGON((215413 5568588,268904 5569514,270757 5486099,216431 5485169,215413 5568588))
31285;POLYGON((301480 5570261,354969 5569033,353481 5485616,299157 5486850,301480 5570261))
31286;POLYGON((387621 5580558,441081 5577171,436247 5493791,381948 5497194,387621 5580558))
31287;POLYGON((251370 707892,304894 706713,303458 623261,249129 624457,251370 707892))
25833;POLYGON((232679 5573157,286133 5570734,282792 5487366,228501 5489801,232679 5573157))
25832;POLYGON((660405 5568849,713866 5570734,717207 5487366,662910 5485473,660405 5568849))
