4326;POLYGON((11.5 46.25,12.25 46.25,12.25 45.5,11.5 45.5,11.5 46.25))
31254;POLYGON((89984 124062,147819 125184,149819 41823,91200 40700,89984 124062))
31255;POLYGON((-141325 125033,-83490 123968,-84624 40605,-143243 41672,-141325 125033))
31256;POLYGON((-372618 134765,-314790 131506,-319064 48150,-377680 51412,-372618 134765))
31257;POLYGON((239984 124062,297819 125184,299819 41823,241200 40700,239984 124062))
31258;POLYGON((308674 125033,366509 123968,365375 40605,306756 41672,308674 125033))
31259;POLYGON((377381 134765,435209 131506,430935 48150,372319 51412,377381 134765))
31284;POLYGON((239984 5124062,297819 5125184,299819 5041823,241200 5040700,239984 5124062))
31285;POLYGON((308674 5125033,366509 5123968,365375 5040605,306756 5041672,308674 5125033))
31286;POLYGON((377381 5134765,435209 5131506,430935 5048150,372319 5051412,377381 5134765))
31287;POLYGON((258701 262804,316521 261717,315355 178357,256732 179459,258701 262804))
25833;POLYGON((230217 5127780,288025 5125500,285152 5042175,226558 5044457,230217 5127780))
25832;POLYGON((692704 5124862,750513 5126959,753909 5043635,695316 5041536,692704 5124862))
