4326;POLYGON((11.0 46.75,11.75 46.75,11.75 46.0,11.0 46.0,11.0 46.75))
31254;POLYGON((50960 179199,108268 179956,109757 96587,51660 95829,50960 179199))
31255;POLYGON((-178236 181626,-120930 180197,-122601 96829,-180698 98260,-178236 181626))
31256;POLYGON((-407403 192812,-350108 189190,-354949 105833,-413039 109460,-407403 192812))
31257;POLYGON((200960 179199,258268 179956,259757 96587,201660 95829,200960 179199))
31258;POLYGON((271763 181626,329069 180197,327398 96829,269301 98260,271763 181626))
31259;POLYGON((342596 192812,399891 189190,395050 105833,336960 109460,342596 192812))
31284;POLYGON((200960 5179199,258268 5179956,259757 5096587,201660 5095829,200960 5179199))
31285;POLYGON((271763 5181626,329069 5180197,327398 5096829,269301 5098260,271763 5181626))
31286;POLYGON((342596 5192812,399891 5189190,395050 5105833,336960 5109460,342596 5192812))
31287;POLYGON((221832 319385,279107 317939,277406 234598,219327 236064,221832 319385))
25833;POLYGON((194497 5185156,251774 5182513,248349 5099184,190279 5101830,194497 5185156))
25832;POLYGON((652757 5179325,710038 5181055,712936 5097724,654863 5095992,652757 5179325))
