4326;POLYGON((11.0 46.5,11.75 46.5,11.75 45.75,11.0 45.75,11.0 46.5))
31254;POLYGON((51194 151408,108766 152165,110250 68800,51891 68042,51194 151408))
31255;POLYGON((-179060 153837,-121489 152407,-123153 69042,-181512 70473,-179060 153837))
31256;POLYGON((-409290 165028,-351729 161404,-356548 78048,-414902 81677,-409290 165028))
31257;POLYGON((201194 151408,258766 152165,260250 68800,201891 68042,201194 151408))
31258;POLYGON((270939 153837,328510 152407,326846 69042,268487 70473,270939 153837))
31259;POLYGON((340709 165028,398270 161404,393451 78048,335097 81677,340709 165028))
31284;POLYGON((201194 5151408,258766 5152165,260250 5068800,201891 5068042,201194 5151408))
31285;POLYGON((270939 5153837,328510 5152407,326846 5069042,268487 5070473,270939 5153837))
31286;POLYGON((340709 5165028,398270 5161404,393451 5078048,335097 5081677,340709 5165028))
31287;POLYGON((220997 291612,278540 290160,276839 206815,218491 208288,220997 291612))
25833;POLYGON((193085 5157380,250628 5154736,247217 5071409,188885 5074056,193085 5157380))
25832;POLYGON((653462 5151546,711008 5153277,713893 5069949,655559 5068216,653462 5151546))
