4326;POLYGON((11.25 47.75,12.0 47.75,12.0 47.0,11.25 47.0,11.25 47.75))
31254;POLYGON((68761 290566,124999 291503,126781 208121,69739 207182,68761 290566))
31255;POLYGON((-156161 292260,-99924 291017,-101354 207634,-158395 208880,-156161 292260))
31256;POLYGON((-381041 302685,-324821 299256,-329472 215891,-386500 219329,-381041 302685))
31257;POLYGON((218761 290566,274999 291503,276781 208121,219739 207182,218761 290566))
31258;POLYGON((293838 292260,350075 291017,348645 207634,291604 208880,293838 292260))
31259;POLYGON((368958 302685,425178 299256,420527 215891,363499 219329,368958 302685))
31284;POLYGON((218761 5290566,274999 5291503,276781 5208121,219739 5207182,218761 5290566))
31285;POLYGON((293838 5292260,350075 5291017,348645 5207634,291604 5208880,293838 5292260))
31286;POLYGON((368958 5302685,425178 5299256,420527 5215891,363499 5219329,368958 5302685))
31287;POLYGON((243906 429943,300113 428705,298680 345360,241668 346616,243906 429943))
25833;POLYGON((218937 5295327,275144 5292873,271930 5209532,214918 5211991,218937 5295327))
25832;POLYGON((668645 5290966,724855 5292873,728069 5209532,671054 5207621,668645 5290966))
