4326;POLYGON((10.75 46.25,11.5 46.25,11.5 45.5,10.75 45.5,10.75 46.25))
31254;POLYGON((32149 123487,89984 124062,91200 40700,32581 40124,32149 123487))
31255;POLYGON((-199158 126646,-141325 125033,-143243 41672,-201861 43286,-199158 126646))
31256;POLYGON((-430443 138575,-372618 134765,-377680 51412,-436295 55225,-430443 138575))
31257;POLYGON((182149 123487,239984 124062,241200 40700,182581 40124,182149 123487))
31258;POLYGON((250841 126646,308674 125033,306756 41672,248138 43286,250841 126646))
31259;POLYGON((319556 138575,377381 134765,372319 51412,313704 55225,319556 138575))
31284;POLYGON((182149 5123487,239984 5124062,241200 5040700,182581 5040124,182149 5123487))
31285;POLYGON((250841 5126646,308674 5125033,306756 5041672,248138 5043286,250841 5126646))
31286;POLYGON((319556 5138575,377381 5134765,372319 5051412,313704 5055225,319556 5138575))
31287;POLYGON((200895 264449,258701 262804,256732 179459,198121 181128,200895 264449))
25833;POLYGON((172410 5130609,230217 5127780,226558 5044457,167966 5047287,172410 5130609))
25832;POLYGON((634894 5123313,692704 5124862,695316 5041536,636721 5039985,634894 5123313))
