4326;POLYGON((11.25 47.5,12.0 47.5,12.0 46.75,11.25 46.75,11.25 47.5))
31254;POLYGON((69088 262770,125595 263708,127370 180329,70063 179390,69088 262770))
31255;POLYGON((-156908 264466,-100402 263221,-101828 179842,-159134 181089,-156908 264466))
31256;POLYGON((-382868 274900,-326377 271467,-331009 188104,-388305 191544,-382868 274900))
31257;POLYGON((219088 262770,275595 263708,277370 180329,220063 179390,219088 262770))
31258;POLYGON((293091 264466,349597 263221,348171 179842,290865 181089,293091 264466))
31259;POLYGON((367131 274900,423622 271467,418990 188104,361694 191544,367131 274900))
31284;POLYGON((219088 5262770,275595 5263708,277370 5180329,220063 5179390,219088 5262770))
31285;POLYGON((293091 5264466,349597 5263221,348171 5179842,290865 5181089,293091 5264466))
31286;POLYGON((367131 5274900,423622 5271467,418990 5188104,361694 5191544,367131 5274900))
31287;POLYGON((243160 402166,299635 400922,298202 317580,240922 318841,243160 402166))
25833;POLYGON((217592 5267548,274068 5265092,270867 5181754,213589 5184214,217592 5267548))
25832;POLYGON((669451 5263183,725931 5265092,729132 5181754,671851 5179841,669451 5263183))
