4326;POLYGON((11.25 46.75,12.0 46.75,12.0 46.0,11.25 46.0,11.25 46.75))
31254;POLYGON((70063 179390,127370 180329,129123 96961,71025 96021,70063 179390))
31255;POLYGON((-159134 181089,-101828 179842,-103235 96474,-161332 97722,-159134 181089))
31256;POLYGON((-388305 191544,-331009 188104,-335585 104746,-393676 108190,-388305 191544))
31257;POLYGON((220063 179390,277370 180329,279123 96961,221025 96021,220063 179390))
31258;POLYGON((290865 181089,348171 179842,346764 96474,288667 97722,290865 181089))
31259;POLYGON((361694 191544,418990 188104,414414 104746,356323 108190,361694 191544))
31284;POLYGON((220063 5179390,277370 5180329,279123 5096961,221025 5096021,220063 5179390))
31285;POLYGON((290865 5181089,348171 5179842,346764 5096474,288667 5097722,290865 5181089))
31286;POLYGON((361694 5191544,418990 5188104,414414 5104746,356323 5108190,361694 5191544))
31287;POLYGON((240922 318841,298202 317580,296769 234234,238685 235513,240922 318841))
25833;POLYGON((213589 5184214,270867 5181754,267706 5098424,209635 5100887,213589 5184214))
25832;POLYGON((671851 5179841,729132 5181754,732293 5098424,674221 5096508,671851 5179841))
