4326;POLYGON((11.25 46.5,12.0 46.5,12.0 45.75,11.25 45.75,11.25 46.5))
31254;POLYGON((70385 151599,127957 152539,129702 69174,71344 68233,70385 151599))
31255;POLYGON((-159870 153299,-102299 152052,-103700 68686,-162059 69935,-159870 153299))
31256;POLYGON((-390103 163759,-332541 160318,-337097 76961,-395451 80406,-390103 163759))
31257;POLYGON((220385 151599,277957 152539,279702 69174,221344 68233,220385 151599))
31258;POLYGON((290129 153299,347700 152052,346299 68686,287940 69935,290129 153299))
31259;POLYGON((359896 163759,417458 160318,412902 76961,354548 80406,359896 163759))
31284;POLYGON((220385 5151599,277957 5152539,279702 5069174,221344 5068233,220385 5151599))
31285;POLYGON((290129 5153299,347700 5152052,346299 5068686,287940 5069935,290129 5153299))
31286;POLYGON((359896 5163759,417458 5160318,412902 5076961,354548 5080406,359896 5163759))
31287;POLYGON((240177 291066,297724 289799,296291 206449,237939 207734,240177 291066))
25833;POLYGON((212265 5156438,269809 5153976,266661 5070649,208329 5073113,212265 5156438))
25832;POLYGON((672644 5152062,730190 5153976,733338 5070649,675004 5068733,672644 5152062))
