4326;POLYGON((11.5 50.25,12.25 50.25,12.25 49.5,11.5 49.5,11.5 50.25))
31254;POLYGON((83244 568837,136733 569942,138865 486529,84540 485419,83244 568837))
31255;POLYGON((-130690 569792,-77200 568743,-78409 485325,-132734 486379,-130690 569792))
31256;POLYGON((-344559 579369,-291096 576162,-295651 492778,-349953 495999,-344559 579369))
31257;POLYGON((233244 568837,286733 569942,288865 486529,234540 485419,233244 568837))
31258;POLYGON((319309 569792,372799 568743,371590 485325,317265 486379,319309 569792))
31259;POLYGON((405440 579369,458903 576162,454348 492778,400046 495999,405440 579369))
31284;POLYGON((233244 5568837,286733 5569942,288865 5486529,234540 5485419,233244 5568837))
31285;POLYGON((319309 5569792,372799 5568743,371590 5485325,317265 5486379,319309 5569792))
31286;POLYGON((405440 5579369,458903 5576162,454348 5492778,400046 5495999,405440 5579369))
31287;POLYGON((269210 707442,322737 706435,321570 622978,267238 624000,269210 707442))
25833;POLYGON((250496 5572289,303953 5570045,300891 5486675,246598 5488929,250496 5572289))
25832;POLYGON((678226 5569417,731685 5571481,735304 5488118,681010 5486044,678226 5569417))
