4326;POLYGON((11.0 48.75,11.75 48.75,11.75 48.0,11.0 48.0,11.0 48.75))
31254;POLYGON((49053 401570,104205 402322,105744 318926,49775 318172,49053 401570))
31255;POLYGON((-171522 403982,-116372 402562,-118099 319167,-174065 320591,-171522 403982))
31256;POLYGON((-392036 415091,-336910 411494,-341908 328126,-397856 331736,-392036 415091))
31257;POLYGON((199053 401570,254205 402322,255744 318926,199775 318172,199053 401570))
31258;POLYGON((278477 403982,333627 402562,331900 319167,275934 320591,278477 403982))
31259;POLYGON((357963 415091,413089 411494,408091 328126,352143 331736,357963 415091))
31284;POLYGON((199053 5401570,254205 5402322,255744 5318926,199775 5318172,199053 5401570))
31285;POLYGON((278477 5403982,333627 5402562,331900 5319167,275934 5320591,278477 5403982))
31286;POLYGON((357963 5415091,413089 5411494,408091 5328126,352143 5331736,357963 5415091))
31287;POLYGON((228515 541595,283645 540203,281943 456840,226009 458252,228515 541595))
25833;POLYGON((205999 5407386,261115 5404761,257578 5321412,201643 5324045,205999 5407386))
25832;POLYGON((647011 5401594,702136 5403313,705129 5319959,649187 5318235,647011 5401594))
