4326;POLYGON((10.75 50.25,11.5 50.25,11.5 49.5,10.75 49.5,10.75 50.25))
31254;POLYGON((29752 568270,83244 568837,84540 485419,30213 484850,29752 568270))
31255;POLYGON((-184175 571380,-130690 569792,-132734 486379,-187056 487973,-184175 571380))
31256;POLYGON((-398011 583117,-344559 579369,-349953 495999,-404245 499764,-398011 583117))
31257;POLYGON((179752 568270,233244 568837,234540 485419,180213 484850,179752 568270))
31258;POLYGON((265824 571380,319309 569792,317265 486379,262943 487973,265824 571380))
31259;POLYGON((351988 583117,405440 579369,400046 495999,345754 499764,351988 583117))
31284;POLYGON((179752 5568270,233244 5568837,234540 5485419,180213 5484850,179752 5568270))
31285;POLYGON((265824 5571380,319309 5569792,317265 5486379,262943 5487973,265824 5571380))
31286;POLYGON((351988 5583117,405440 5579369,400046 5495999,345754 5499764,351988 5583117))
31287;POLYGON((215695 708965,269210 707442,267238 624000,212917 625546,215695 708965))
25833;POLYGON((197047 5575073,250496 5572289,246598 5488929,192311 5491725,197047 5575073))
25832;POLYGON((624762 5567892,678226 5569417,681010 5486044,626710 5484512,624762 5567892))
