4326;POLYGON((11.0 47.5,11.75 47.5,11.75 46.75,11.0 46.75,11.0 47.5))
31254;POLYGON((50252 262579,106760 263335,108268 179956,50960 179199,50252 262579))
31255;POLYGON((-175743 265002,-119238 263576,-120930 180197,-178236 181626,-175743 265002))
31256;POLYGON((-401698 276166,-345208 272550,-350108 189190,-407403 192812,-401698 276166))
31257;POLYGON((200252 262579,256760 263335,258268 179956,200960 179199,200252 262579))
31258;POLYGON((274256 265002,330761 263576,329069 180197,271763 181626,274256 265002))
31259;POLYGON((348301 276166,404791 272550,399891 189190,342596 192812,348301 276166))
31284;POLYGON((200252 5262579,256760 5263335,258268 5179956,200960 5179199,200252 5262579))
31285;POLYGON((274256 5265002,330761 5263576,329069 5180197,271763 5181626,274256 5265002))
31286;POLYGON((348301 5276166,404791 5272550,399891 5189190,342596 5192812,348301 5276166))
31287;POLYGON((224338 402702,280809 401276,279107 317939,221832 319385,224338 402702))
25833;POLYGON((198767 5268488,255242 5265850,251774 5182513,194497 5185156,198767 5268488))
25832;POLYGON((650624 5262668,707105 5264395,710038 5181055,652757 5179325,650624 5262668))
