4326;POLYGON((11.5 48.75,12.25 48.75,12.25 48.0,11.5 48.0,11.5 48.75))
31254;POLYGON((85821 402011,140972 403125,143055 319732,87088 318614,85821 402011))
31255;POLYGON((-134756 402975,-79605 401917,-80787 318520,-136754 319581,-134756 402975))
31256;POLYGON((-355286 412632,-300154 409398,-304607 326024,-360558 329269,-355286 412632))
31257;POLYGON((235821 402011,290972 403125,293055 319732,237088 318614,235821 402011))
31258;POLYGON((315243 402975,370394 401917,369212 318520,313245 319581,315243 402975))
31259;POLYGON((394713 412632,449845 409398,445392 326024,389441 329269,394713 412632))
31284;POLYGON((235821 5402011,290972 5403125,293055 5319732,237088 5318614,235821 5402011))
31285;POLYGON((315243 5402975,370394 5401917,369212 5318520,313245 5319581,315243 5402975))
31286;POLYGON((394713 5412632,449845 5409398,445392 5326024,389441 5329269,394713 5412632))
31287;POLYGON((265267 540608,320405 539571,319239 456198,263297 457250,265267 540608))
25833;POLYGON((242743 5405576,297863 5403313,294870 5319959,238932 5322229,242743 5405576))
25832;POLYGON((683762 5402680,738884 5404761,742421 5321412,686482 5319324,683762 5402680))
