4326;POLYGON((11.0 47.75,11.75 47.75,11.75 47.0,11.0 47.0,11.0 47.75))
31254;POLYGON((50014 290375,106253 291130,107767 207747,50725 206991,50014 290375))
31255;POLYGON((-174906 292796,-118669 291371,-120368 207989,-177408 209417,-174906 292796))
31256;POLYGON((-399780 303951,-343561 300338,-348482 216976,-405509 220597,-399780 303951))
31257;POLYGON((200014 290375,256253 291130,257767 207747,200725 206991,200014 290375))
31258;POLYGON((275093 292796,331330 291371,329631 207989,272591 209417,275093 292796))
31259;POLYGON((350219 303951,406438 300338,401517 216976,344490 220597,350219 303951))
31284;POLYGON((200014 5290375,256253 5291130,257767 5207747,200725 5206991,200014 5290375))
31285;POLYGON((275093 5292796,331330 5291371,329631 5207989,272591 5209417,275093 5292796))
31286;POLYGON((350219 5303951,406438 5300338,401517 5216976,344490 5220597,350219 5303951))
31287;POLYGON((225173 430476,281376 429057,279674 345718,222668 347157,225173 430476))
25833;POLYGON((200202 5296266,256408 5293630,252925 5210291,195914 5212933,200202 5296266))
25832;POLYGON((649907 5290451,706119 5292177,709064 5208834,652049 5207105,649907 5290451))
