4326;POLYGON((11.25 49.5,12.0 49.5,12.0 48.75,11.25 48.75,11.25 49.5))
31254;POLYGON((66431 485169,120757 486099,122589 402694,67437 401761,66431 485169))
31255;POLYGON((-150842 486850,-96518 485616,-97989 402209,-153139 403448,-150842 486850))
31256;POLYGON((-368051 497194,-313752 493791,-318532 410416,-373661 413832,-368051 497194))
31257;POLYGON((216431 485169,270757 486099,272589 402694,217437 401761,216431 485169))
31258;POLYGON((299157 486850,353481 485616,352010 402209,296860 403448,299157 486850))
31259;POLYGON((381948 497194,436247 493791,431467 410416,376338 413832,381948 497194))
31284;POLYGON((216431 5485169,270757 5486099,272589 5402694,217437 5401761,216431 5485169))
31285;POLYGON((299157 5486850,353481 5485616,352010 5402209,296860 5403448,299157 5486850))
31286;POLYGON((381948 5497194,436247 5493791,431467 5410416,376338 5413832,381948 5497194))
31287;POLYGON((249129 624457,303458 623261,302024 539857,246890 541072,249129 624457))
25833;POLYGON((228501 5489801,282792 5487366,279489 5404007,224370 5406451,228501 5489801))
25832;POLYGON((662910 5485473,717207 5487366,720510 5404007,665387 5402107,662910 5485473))
