4326;POLYGON((11.5 49.75,12.25 49.75,12.25 49.0,11.5 49.0,11.5 49.75))
31254;POLYGON((84109 513224,138157 514332,140272 430926,85396 429813,84109 513224))
31255;POLYGON((-132055 514182,-78008 513130,-79208 429719,-134085 430775,-132055 514182))
31256;POLYGON((-348161 523789,-294138 520572,-298659 437191,-353515 440421,-348161 523789))
31257;POLYGON((234109 513224,288157 514332,290272 430926,235396 429813,234109 513224))
31258;POLYGON((317944 514182,371991 513130,370791 429719,315914 430775,317944 514182))
31259;POLYGON((401838 523789,455861 520572,451340 437191,396484 440421,401838 523789))
31284;POLYGON((234109 5513224,288157 5514332,290272 5430926,235396 5429813,234109 5513224))
31285;POLYGON((317944 5514182,371991 5513130,370791 5429719,315914 5430775,317944 5514182))
31286;POLYGON((401838 5523789,455861 5520572,451340 5437191,396484 5440421,401838 5523789))
31287;POLYGON((267895 651808,321959 650791,320793 567369,265924 568401,267895 651808))
25833;POLYGON((247892 5516715,301907 5514464,298868 5431099,244023 5433359,247892 5516715))
25832;POLYGON((680085 5513834,734102 5515905,737695 5432546,682848 5430467,680085 5513834))
