4326;POLYGON((11.5 47.75,12.25 47.75,12.25 47.0,11.5 47.0,11.5 47.75))
31254;POLYGON((87507 290818,143744 291936,145794 208555,88753 207435,87507 290818))
31255;POLYGON((-137415 291785,-81177 290723,-82341 207340,-139382 208404,-137415 291785))
31256;POLYGON((-362302 301481,-306079 298234,-310461 214868,-367491 218122,-362302 301481))
31257;POLYGON((237507 290818,293744 291936,295794 208555,238753 207435,237507 290818))
31258;POLYGON((312584 291785,368822 290723,367658 207340,310617 208404,312584 291785))
31259;POLYGON((387697 301481,443920 298234,439538 214868,382508 218122,387697 301481))
31284;POLYGON((237507 5290818,293744 5291936,295794 5208555,238753 5207435,237507 5290818))
31285;POLYGON((312584 5291785,368822 5290723,367658 5207340,310617 5208404,312584 5291785))
31286;POLYGON((387697 5301481,443920 5298234,439538 5214868,382508 5218122,387697 5301481))
31287;POLYGON((262640 429470,318851 428413,317686 345064,260671 346136,262640 429470))
25833;POLYGON((237672 5294448,293880 5292177,290935 5208834,233921 5211111,237672 5294448))
25832;POLYGON((687382 5291541,743591 5293630,747074 5210291,690059 5208197,687382 5291541))
