4326;POLYGON((11.5 49.5,12.25 49.5,12.25 48.75,11.5 48.75,11.5 49.5))
31254;POLYGON((84540 485419,138865 486529,140972 403125,85821 402011,84540 485419))
31255;POLYGON((-132734 486379,-78409 485325,-79605 401917,-134756 402975,-132734 486379))
31256;POLYGON((-349953 495999,-295651 492778,-300154 409398,-355286 412632,-349953 495999))
31257;POLYGON((234540 485419,288865 486529,290972 403125,235821 402011,234540 485419))
31258;POLYGON((317265 486379,371590 485325,370394 401917,315243 402975,317265 486379))
31259;POLYGON((400046 495999,454348 492778,449845 409398,394713 412632,400046 495999))
31284;POLYGON((234540 5485419,288865 5486529,290972 5403125,235821 5402011,234540 5485419))
31285;POLYGON((317265 5486379,371590 5485325,370394 5401917,315243 5402975,317265 5486379))
31286;POLYGON((400046 5495999,454348 5492778,449845 5409398,394713 5412632,400046 5495999))
31287;POLYGON((267238 624000,321570 622978,320405 539571,265267 540608,267238 624000))
25833;POLYGON((246598 5488929,300891 5486675,297863 5403313,242743 5405576,246598 5488929))
25832;POLYGON((681010 5486044,735304 5488118,738884 5404761,683762 5402680,681010 5486044))
