4326;POLYGON((10.75 48.75,11.5 48.75,11.5 48.0,10.75 48.0,10.75 48.75))
31254;POLYGON((30668 401440,85821 402011,87088 318614,31119 318042,30668 401440))
31255;POLYGON((-189904 404576,-134756 402975,-136754 319581,-192719 321187,-189904 404576))
31256;POLYGON((-410409 416412,-355286 412632,-360558 329269,-416503 333060,-410409 416412))
31257;POLYGON((180668 401440,235821 402011,237088 318614,181119 318042,180668 401440))
31258;POLYGON((260095 404576,315243 402975,313245 319581,257280 321187,260095 404576))
31259;POLYGON((339590 416412,394713 412632,389441 329269,333496 333060,339590 416412))
31284;POLYGON((180668 5401440,235821 5402011,237088 5318614,181119 5318042,180668 5401440))
31285;POLYGON((260095 5404576,315243 5402975,313245 5319581,257280 5321187,260095 5404576))
31286;POLYGON((339590 5416412,394713 5412632,389441 5329269,333496 5333060,339590 5416412))
31287;POLYGON((210142 542177,265267 540608,263297 457250,207367 458842,210142 542177))
25833;POLYGON((187628 5408382,242743 5405576,238932 5322229,182999 5325045,187628 5408382))
25832;POLYGON((628636 5401142,683762 5402680,686482 5319324,630540 5317781,628636 5401142))
