4326;POLYGON((10.75 47.0,11.5 47.0,11.5 46.25,10.75 46.25,10.75 47.0))
31254;POLYGON((31711 206860,88753 207435,89984 124062,32149 123487,31711 206860))
31255;POLYGON((-196421 210015,-139382 208404,-141325 125033,-199158 126646,-196421 210015))
31256;POLYGON((-424517 221926,-367491 218122,-372618 134765,-430443 138575,-424517 221926))
31257;POLYGON((181711 206860,238753 207435,239984 124062,182149 123487,181711 206860))
31258;POLYGON((253578 210015,310617 208404,308674 125033,250841 126646,253578 210015))
31259;POLYGON((325482 221926,382508 218122,377381 134765,319556 138575,325482 221926))
31284;POLYGON((181711 5206860,238753 5207435,239984 5124062,182149 5123487,181711 5206860))
31285;POLYGON((253578 5210015,310617 5208404,308674 5125033,250841 5126646,253578 5210015))
31286;POLYGON((325482 5221926,382508 5218122,377381 5134765,319556 5138575,325482 5221926))
31287;POLYGON((203669 347759,260671 346136,258701 262804,200895 264449,203669 347759))
25833;POLYGON((176911 5213935,233921 5211111,230217 5127780,172410 5130609,176911 5213935))
25832;POLYGON((633043 5206650,690059 5208197,692704 5124862,634894 5123313,633043 5206650))
