4326;POLYGON((10.75 48.25,11.5 48.25,11.5 47.5,10.75 47.5,10.75 48.25))
31254;POLYGON((30969 345840,86667 346412,87924 263022,31416 262448,30969 345840))
31255;POLYGON((-191785 348982,-136091 347378,-138073 263990,-194578 265599,-191785 348982))
31256;POLYGON((-414480 360844,-358808 357056,-364039 273694,-420526 277493,-414480 360844))
31257;POLYGON((180969 345840,236667 346412,237924 263022,181416 262448,180969 345840))
31258;POLYGON((258214 348982,313908 347378,311926 263990,255421 265599,258214 348982))
31259;POLYGON((335519 360844,391191 357056,385960 273694,329473 277493,335519 360844))
31284;POLYGON((180969 5345840,236667 5346412,237924 5263022,181416 5262448,180969 5345840))
31285;POLYGON((258214 5348982,313908 5347378,311926 5263990,255421 5265599,258214 5348982))
31286;POLYGON((335519 5360844,391191 5357056,385960 5273694,329473 5277493,335519 5360844))
31287;POLYGON((208292 486617,263953 485033,261984 401691,205518 403298,208292 486617))
25833;POLYGON((184536 5352823,240197 5350010,236417 5266668,179943 5269489,184536 5352823))
25832;POLYGON((629907 5345567,685579 5347108,688278 5263759,631796 5262213,629907 5345567))
