4326;POLYGON((11.5 47.0,12.25 47.0,12.25 46.25,11.5 46.25,11.5 47.0))
31254;POLYGON((88753 207435,145794 208555,147819 125184,89984 124062,88753 207435))
31255;POLYGON((-139382 208404,-82341 207340,-83490 123968,-141325 125033,-139382 208404))
31256;POLYGON((-367491 218122,-310461 214868,-314790 131506,-372618 134765,-367491 218122))
31257;POLYGON((238753 207435,295794 208555,297819 125184,239984 124062,238753 207435))
31258;POLYGON((310617 208404,367658 207340,366509 123968,308674 125033,310617 208404))
31259;POLYGON((382508 218122,439538 214868,435209 131506,377381 134765,382508 218122))
31284;POLYGON((238753 5207435,295794 5208555,297819 5125184,239984 5124062,238753 5207435))
31285;POLYGON((310617 5208404,367658 5207340,366509 5123968,308674 5125033,310617 5208404))
31286;POLYGON((382508 5218122,439538 5214868,435209 5131506,377381 5134765,382508 5218122))
31287;POLYGON((260671 346136,317686 345064,316521 261717,258701 262804,260671 346136))
25833;POLYGON((233921 5211111,290935 5208834,288025 5125500,230217 5127780,233921 5211111))
25832;POLYGON((690059 5208197,747074 5210291,750513 5126959,692704 5124862,690059 5208197))
