4326;POLYGON((11.5 48.25,12.25 48.25,12.25 47.5,11.5 47.5,11.5 48.25))
31254;POLYGON((86667 346412,142364 347529,144430 264141,87924 263022,86667 346412))
31255;POLYGON((-136091 347378,-80394 346318,-81567 262928,-138073 263990,-136091 347378))
31256;POLYGON((-358808 357056,-303128 353815,-307546 270445,-364039 273694,-358808 357056))
31257;POLYGON((236667 346412,292364 347529,294430 264141,237924 263022,236667 346412))
31258;POLYGON((313908 347378,369605 346318,368432 262928,311926 263990,313908 347378))
31259;POLYGON((391191 357056,446871 353815,442453 270445,385960 273694,391191 357056))
31284;POLYGON((236667 5346412,292364 5347529,294430 5264141,237924 5263022,236667 5346412))
31285;POLYGON((313908 5347378,369605 5346318,368432 5262928,311926 5263990,313908 5347378))
31286;POLYGON((391191 5357056,446871 5353815,442453 5270445,385960 5273694,391191 5357056))
31287;POLYGON((263953 485033,319628 483986,318462 400629,261984 401691,263953 485033))
25833;POLYGON((240197 5350010,295864 5347743,292894 5264395,236417 5266668,240197 5350010))
25832;POLYGON((685579 5347108,741247 5349194,744757 5265850,688278 5263759,685579 5347108))
