4326;POLYGON((11.0 50.0,11.75 50.0,11.75 49.25,11.0 49.25,11.0 50.0))
31254;POLYGON((47830 540592,101601 541339,103169 457926,48566 457175,47830 540592))
31255;POLYGON((-167218 542987,-113451 541576,-115211 458164,-169810 459581,-167218 542987))
31256;POLYGON((-382187 554021,-328450 550448,-333545 467074,-388118 470663,-382187 554021))
31257;POLYGON((197830 540592,251601 541339,253169 457926,198566 457175,197830 540592))
31258;POLYGON((282781 542987,336548 541576,334788 458164,280189 459581,282781 542987))
31259;POLYGON((367812 554021,421549 550448,416454 467074,361881 470663,367812 554021))
31284;POLYGON((197830 5540592,251601 5541339,253169 5457926,198566 5457175,197830 5540592))
31285;POLYGON((282781 5542987,336548 5541576,334788 5458164,280189 5459581,282781 5542987))
31286;POLYGON((367812 5554021,421549 5550448,416454 5467074,361881 5470663,367812 5554021))
31287;POLYGON((232695 680584,286483 679227,284780 595797,230186 597175,232695 680584))
25833;POLYGON((213372 5546300,267103 5543693,263497 5460331,208931 5462950,213372 5546300))
25832;POLYGON((643329 5540547,697071 5542254,700122 5458887,645547 5457172,643329 5540547))
