4326;POLYGON((11.25 48.25,12.0 48.25,12.0 47.5,11.25 47.5,11.25 48.25))
31254;POLYGON((68101 346161,123798 347096,125595 263708,69088 262770,68101 346161))
31255;POLYGON((-154656 347852,-98960 346611,-100402 263221,-156908 264466,-154656 347852))
31256;POLYGON((-377366 358258,-321689 354835,-326377 271467,-382868 274900,-377366 358258))
31257;POLYGON((218101 346161,273798 347096,275595 263708,219088 262770,218101 346161))
31258;POLYGON((295343 347852,351039 346611,349597 263221,293091 264466,295343 347852))
31259;POLYGON((372633 358258,428310 354835,423622 271467,367131 274900,372633 358258))
31284;POLYGON((218101 5346161,273798 5347096,275595 5263708,219088 5262770,218101 5346161))
31285;POLYGON((295343 5347852,351039 5346611,349597 5263221,293091 5264466,295343 5347852))
31286;POLYGON((372633 5358258,428310 5354835,423622 5271467,367131 5274900,372633 5358258))
31287;POLYGON((245398 485502,301068 484276,299635 400922,243160 402166,245398 485502))
25833;POLYGON((221643 5350887,277308 5348438,274068 5265092,217592 5267548,221643 5350887))
25832;POLYGON((667022 5346534,722691 5348438,725931 5265092,669451 5263183,667022 5346534))
