4326;POLYGON((11.25 48.75,12.0 48.75,12.0 48.0,11.25 48.0,11.25 48.75))
31254;POLYGON((67437 401761,122589 402694,124400 319299,68432 318363,67437 401761))
31255;POLYGON((-153139 403448,-97989 402209,-99443 318813,-155410 320056,-153139 403448))
31256;POLYGON((-373661 413832,-318532 410416,-323258 327045,-379207 330472,-373661 413832))
31257;POLYGON((217437 401761,272589 402694,274400 319299,218432 318363,217437 401761))
31258;POLYGON((296860 403448,352010 402209,350556 318813,294589 320056,296860 403448))
31259;POLYGON((376338 413832,431467 410416,426741 327045,370792 330472,376338 413832))
31284;POLYGON((217437 5401761,272589 5402694,274400 5319299,218432 5318363,217437 5401761))
31285;POLYGON((296860 5403448,352010 5402209,350556 5318813,294589 5320056,296860 5403448))
31286;POLYGON((376338 5413832,431467 5410416,426741 5327045,370792 5330472,376338 5413832))
31287;POLYGON((246890 541072,302024 539857,300591 456489,244652 457721,246890 541072))
25833;POLYGON((224370 5406451,279489 5404007,276224 5320655,220287 5323107,224370 5406451))
25832;POLYGON((665387 5402107,720510 5404007,723775 5320655,667835 5318749,665387 5402107))
