4326;POLYGON((11.0 49.25,11.75 49.25,11.75 48.5,11.0 48.5,11.0 49.25))
31254;POLYGON((48566 457175,103169 457926,104720 374523,49295 373770,48566 457175))
31255;POLYGON((-169810 459581,-115211 458164,-116950 374762,-172373 376184,-169810 459581))
31256;POLYGON((-388118 470663,-333545 467074,-338582 383704,-393983 387306,-388118 470663))
31257;POLYGON((198566 457175,253169 457926,254720 374523,199295 373770,198566 457175))
31258;POLYGON((280189 459581,334788 458164,333049 374762,277626 376184,280189 459581))
31259;POLYGON((361881 470663,416454 467074,411417 383704,356016 387306,361881 470663))
31284;POLYGON((198566 5457175,253169 5457926,254720 5374523,199295 5373770,198566 5457175))
31285;POLYGON((280189 5459581,334788 5458164,333049 5374762,277626 5376184,280189 5459581))
31286;POLYGON((361881 5470663,416454 5467074,411417 5383704,356016 5387306,361881 5470663))
31287;POLYGON((230186 597175,284780 595797,283078 512412,227679 513811,230186 597175))
25833;POLYGON((208931 5462950,263497 5460331,259932 5376977,204541 5379605,208931 5462950))
25832;POLYGON((645547 5457172,700122 5458887,703138 5375528,647740 5373807,645547 5457172))
