4326;POLYGON((11.5 47.25,12.25 47.25,12.25 46.5,11.5 46.5,11.5 47.25))
31254;POLYGON((88339 235228,145114 236348,147147 152974,89576 151852,88339 235228))
31255;POLYGON((-138729 236197,-81954 235133,-83108 151757,-140680 152822,-138729 236197))
31256;POLYGON((-365768 245908,-309006 242656,-313353 159293,-370916 162551,-365768 245908))
31257;POLYGON((238339 235228,295114 236348,297147 152974,239576 151852,238339 235228))
31258;POLYGON((311270 236197,368045 235133,366891 151757,309319 152822,311270 236197))
31259;POLYGON((384231 245908,440993 242656,436646 159293,379083 162551,384231 245908))
31284;POLYGON((238339 5235228,295114 5236348,297147 5152974,239576 5151852,238339 5235228))
31285;POLYGON((311270 5236197,368045 5235133,366891 5151757,309319 5152822,311270 5236197))
31286;POLYGON((384231 5245908,440993 5242656,436646 5159293,379083 5162551,384231 5245908))
31287;POLYGON((261327 373913,318074 372846,316909 289500,259358 290582,261327 373913))
25833;POLYGON((235166 5238889,291913 5236614,288991 5153277,231446 5155556,235166 5238889))
25832;POLYGON((689170 5235977,745918 5238070,749371 5154736,691826 5152640,689170 5235977))
