4326;POLYGON((11.5 48.5,12.25 48.5,12.25 47.75,11.5 47.75,11.5 48.5))
31254;POLYGON((86245 374211,141669 375327,143744 291936,87507 290818,86245 374211))
31255;POLYGON((-135425 375176,-80000 374117,-81177 290723,-137415 291785,-135425 375176))
31256;POLYGON((-357050 384844,-301644 381606,-306079 298234,-362302 301481,-357050 384844))
31257;POLYGON((236245 374211,291669 375327,293744 291936,237507 290818,236245 374211))
31258;POLYGON((314574 375176,369999 374117,368822 290723,312584 291785,314574 375176))
31259;POLYGON((392949 384844,448355 381606,443920 298234,387697 301481,392949 384844))
31284;POLYGON((236245 5374211,291669 5375327,293744 5291936,237507 5290818,236245 5374211))
31285;POLYGON((314574 5375176,369999 5374117,368822 5290723,312584 5291785,314574 5375176))
31286;POLYGON((392949 5384844,448355 5381606,443920 5298234,387697 5301481,392949 5384844))
31287;POLYGON((264610 512819,320016 511777,318851 428413,262640 429470,264610 512819))
25833;POLYGON((241468 5377793,296861 5375528,293880 5292177,237672 5294448,241468 5377793))
25832;POLYGON((684672 5374893,740067 5376977,743591 5293630,687382 5291541,684672 5374893))
