4326;POLYGON((11.25 48.5,12.0 48.5,12.0 47.75,11.25 47.75,11.25 48.5))
31254;POLYGON((67770 373960,123195 374894,124999 291503,68761 290566,67770 373960))
31255;POLYGON((-153899 375650,-98475 374410,-99924 291017,-156161 292260,-153899 375650))
31256;POLYGON((-375517 386045,-320114 382625,-324821 299256,-381041 302685,-375517 386045))
31257;POLYGON((217770 373960,273195 374894,274999 291503,218761 290566,217770 373960))
31258;POLYGON((296100 375650,351524 374410,350075 291017,293838 292260,296100 375650))
31259;POLYGON((374482 386045,429885 382625,425178 299256,368958 302685,374482 386045))
31284;POLYGON((217770 5373960,273195 5374894,274999 5291503,218761 5290566,217770 5373960))
31285;POLYGON((296100 5375650,351524 5374410,350075 5291017,293838 5292260,296100 5375650))
31286;POLYGON((374482 5386045,429885 5382625,425178 5299256,368958 5302685,374482 5386045))
31287;POLYGON((246144 513285,301546 512065,300113 428705,243906 429943,246144 513285))
25833;POLYGON((223004 5378669,278396 5376222,275144 5292873,218937 5295327,223004 5378669))
25832;POLYGON((666206 5374320,721603 5376222,724855 5292873,668645 5290966,666206 5374320))
