4326;POLYGON((11.5 48.0,12.25 48.0,12.25 47.25,11.5 47.25,11.5 48.0))
31254;POLYGON((87088 318614,143055 319732,145114 236348,88339 235228,87088 318614))
31255;POLYGON((-136754 319581,-80787 318520,-81954 235133,-138729 236197,-136754 319581))
31256;POLYGON((-360558 329269,-304607 326024,-309006 242656,-365768 245908,-360558 329269))
31257;POLYGON((237088 318614,293055 319732,295114 236348,238339 235228,237088 318614))
31258;POLYGON((313245 319581,369212 318520,368045 235133,311270 236197,313245 319581))
31259;POLYGON((389441 329269,445392 326024,440993 242656,384231 245908,389441 329269))
31284;POLYGON((237088 5318614,293055 5319732,295114 5236348,238339 5235228,237088 5318614))
31285;POLYGON((313245 5319581,369212 5318520,368045 5235133,311270 5236197,313245 5319581))
31286;POLYGON((389441 5329269,445392 5326024,440993 5242656,384231 5245908,389441 5329269))
31287;POLYGON((263297 457250,319239 456198,318074 372846,261327 373913,263297 457250))
25833;POLYGON((238932 5322229,294870 5319959,291913 5236614,235166 5238889,238932 5322229))
25832;POLYGON((686482 5319324,742421 5321412,745918 5238070,689170 5235977,686482 5319324))
