4326;POLYGON((10.75 47.5,11.5 47.5,11.5 46.75,10.75 46.75,10.75 47.5))
31254;POLYGON((31416 262448,87924 263022,89165 179643,31858 179068,31416 262448))
31255;POLYGON((-194578 265599,-138073 263990,-140032 180613,-197338 182224,-194578 265599))
31256;POLYGON((-420526 277493,-364039 273694,-369207 190336,-426500 194142,-420526 277493))
31257;POLYGON((181416 262448,237924 263022,239165 179643,181858 179068,181416 262448))
31258;POLYGON((255421 265599,311926 263990,309967 180613,252661 182224,255421 265599))
31259;POLYGON((329473 277493,385960 273694,380792 190336,323499 194142,329473 277493))
31284;POLYGON((181416 5262448,237924 5263022,239165 5179643,181858 5179068,181416 5262448))
31285;POLYGON((255421 5265599,311926 5263990,309967 5180613,252661 5182224,255421 5265599))
31286;POLYGON((329473 5277493,385960 5273694,380792 5190336,323499 5194142,329473 5277493))
31287;POLYGON((205518 403298,261984 401691,260014 318359,202744 319990,205518 403298))
25833;POLYGON((179943 5269489,236417 5266668,232681 5183333,175405 5186159,179943 5269489))
25832;POLYGON((631796 5262213,688278 5263759,690945 5180418,633662 5178870,631796 5262213))
