4326;POLYGON((11.0 50.25,11.75 50.25,11.75 49.5,11.0 49.5,11.0 50.25))
31254;POLYGON((47583 568399,101074 569145,102648 485729,48322 484980,47583 568399))
31255;POLYGON((-166347 570791,-112860 569383,-114626 485967,-168949 487382,-166347 570791))
31256;POLYGON((-380195 581808,-326739 578240,-331853 494865,-386149 498449,-380195 581808))
31257;POLYGON((197583 568399,251074 569145,252648 485729,198322 484980,197583 568399))
31258;POLYGON((283652 570791,337139 569383,335373 485967,281050 487382,283652 570791))
31259;POLYGON((369804 581808,423260 578240,418146 494865,363850 498449,369804 581808))
31284;POLYGON((197583 5568399,251074 5569145,252648 5485729,198322 5484980,197583 5568399))
31285;POLYGON((283652 5570791,337139 5569383,335373 5485967,281050 5487382,283652 5570791))
31286;POLYGON((369804 5581808,423260 5578240,418146 5494865,363850 5498449,369804 5581808))
31287;POLYGON((233531 708400,287051 707049,285347 623601,231022 624973,233531 708400))
25833;POLYGON((214863 5574085,268314 5571481,264695 5488118,210406 5490733,214863 5574085))
25832;POLYGON((642584 5568341,696046 5570045,699108 5486675,644810 5484963,642584 5568341))
