4326;POLYGON((10.75 48.0,11.5 48.0,11.5 47.25,10.75 47.25,10.75 48.0))
31254;POLYGON((31119 318042,87088 318614,88339 235228,31564 234654,31119 318042))
31255;POLYGON((-192719 321187,-136754 319581,-138729 236197,-195502 237806,-192719 321187))
31256;POLYGON((-416503 333060,-360558 329269,-365768 245908,-422526 249709,-416503 333060))
31257;POLYGON((181119 318042,237088 318614,238339 235228,181564 234654,181119 318042))
31258;POLYGON((257280 321187,313245 319581,311270 236197,254497 237806,257280 321187))
31259;POLYGON((333496 333060,389441 329269,384231 245908,327473 249709,333496 333060))
31284;POLYGON((181119 5318042,237088 5318614,238339 5235228,181564 5234654,181119 5318042))
31285;POLYGON((257280 5321187,313245 5319581,311270 5236197,254497 5237806,257280 5321187))
31286;POLYGON((333496 5333060,389441 5329269,384231 5245908,327473 5249709,333496 5333060))
31287;POLYGON((207367 458842,263297 457250,261327 373913,204593 375528,207367 458842))
25833;POLYGON((182999 5325045,238932 5322229,235166 5238889,178424 5241712,182999 5325045))
25832;POLYGON((630540 5317781,686482 5319324,689170 5235977,632421 5234431,630540 5317781))
