4326;POLYGON((11.25 49.25,12.0 49.25,12.0 48.5,11.25 48.5,11.25 49.25))
31254;POLYGON((66768 457365,121370 458296,123195 374894,67770 373960,66768 457365))
31255;POLYGON((-151611 459048,-97010 457813,-98475 374410,-153899 375650,-151611 459048))
31256;POLYGON((-369928 469406,-315352 465999,-320114 382625,-375517 386045,-369928 469406))
31257;POLYGON((216768 457365,271370 458296,273195 374894,217770 373960,216768 457365))
31258;POLYGON((298388 459048,352989 457813,351524 374410,296100 375650,298388 459048))
31259;POLYGON((380071 469406,434647 465999,429885 382625,374482 386045,380071 469406))
31284;POLYGON((216768 5457365,271370 5458296,273195 5374894,217770 5373960,216768 5457365))
31285;POLYGON((298388 5459048,352989 5457813,351524 5374410,296100 5375650,298388 5459048))
31286;POLYGON((380071 5469406,434647 5465999,429885 5382625,374482 5386045,380071 5469406))
31287;POLYGON((248383 596657,302980 595455,301546 512065,246144 513285,248383 596657))
25833;POLYGON((227119 5462017,281687 5459579,278396 5376222,223004 5378669,227119 5462017))
25832;POLYGON((663739 5457683,718312 5459579,721603 5376222,666206 5374320,663739 5457683))
