4326;POLYGON((11.0 49.0,11.75 49.0,11.75 48.25,11.0 48.25,11.0 49.0))
31254;POLYGON((48810 429372,103688 430123,105233 346724,49535 345970,48810 429372))
31255;POLYGON((-170667 431781,-115793 430363,-117525 346964,-173220 348387,-170667 431781))
31256;POLYGON((-390081 442877,-335230 439284,-340249 355915,-395923 359521,-390081 442877))
31257;POLYGON((198810 429372,253688 430123,255233 346724,199535 345970,198810 429372))
31258;POLYGON((279332 431781,334206 430363,332474 346964,276779 348387,279332 431781))
31259;POLYGON((359918 442877,414769 439284,409750 355915,354076 359521,359918 442877))
31284;POLYGON((198810 5429372,253688 5430123,255233 5346724,199535 5345970,198810 5429372))
31285;POLYGON((279332 5431781,334206 5430363,332474 5346964,276779 5348387,279332 5431781))
31286;POLYGON((359918 5442877,414769 5439284,409750 5355915,354076 5359521,359918 5442877))
31287;POLYGON((229351 569383,284212 567998,282510 484624,226844 486030,229351 569383))
25833;POLYGON((207462 5435168,262304 5432546,258752 5349194,203089 5351825,207462 5435168))
25832;POLYGON((646280 5429382,701131 5431099,704135 5347743,648465 5346020,646280 5429382))
