4326;POLYGON((11.25 46.25,12.0 46.25,12.0 45.5,11.25 45.5,11.25 46.25))
31254;POLYGON((70706 123809,128541 124749,130279 41388,71660 40447,70706 123809))
31255;POLYGON((-160603 125510,-102768 124262,-104164 40900,-162782 42149,-160603 125510))
31256;POLYGON((-391893 135974,-334066 132532,-338603 49176,-397218 52622,-391893 135974))
31257;POLYGON((220706 123809,278541 124749,280279 41388,221660 40447,220706 123809))
31258;POLYGON((289396 125510,347231 124262,345835 40900,287217 42149,289396 125510))
31259;POLYGON((358106 135974,415933 132532,411396 49176,352781 52622,358106 135974))
31284;POLYGON((220706 5123809,278541 5124749,280279 5041388,221660 5040447,220706 5123809))
31285;POLYGON((289396 5125510,347231 5124262,345835 5040900,287217 5042149,289396 5125510))
31286;POLYGON((358106 5135974,415933 5132532,411396 5049176,352781 5052622,358106 5135974))
31287;POLYGON((239431 263291,297246 262017,295813 178662,237193 179953,239431 263291))
25833;POLYGON((210948 5128662,268755 5126199,265621 5042875,207027 5045339,210948 5128662))
25832;POLYGON((673434 5124285,731244 5126199,734378 5042875,675784 5040958,673434 5124285))
