4326;POLYGON((10.75 47.75,11.5 47.75,11.5 47.0,10.75 47.0,10.75 47.75))
31254;POLYGON((31268 290244,87507 290818,88753 207435,31711 206860,31268 290244))
31255;POLYGON((-193650 293392,-137415 291785,-139382 208404,-196421 210015,-193650 293392))
31256;POLYGON((-418519 305277,-362302 301481,-367491 218122,-424517 221926,-418519 305277))
31257;POLYGON((181268 290244,237507 290818,238753 207435,181711 206860,181268 290244))
31258;POLYGON((256349 293392,312584 291785,310617 208404,253578 210015,256349 293392))
31259;POLYGON((331480 305277,387697 301481,382508 218122,325482 221926,331480 305277))
31284;POLYGON((181268 5290244,237507 5290818,238753 5207435,181711 5206860,181268 5290244))
31285;POLYGON((256349 5293392,312584 5291785,310617 5208404,253578 5210015,256349 5293392))
31286;POLYGON((331480 5305277,387697 5301481,382508 5218122,325482 5221926,331480 5305277))
31287;POLYGON((206442 431069,262640 429470,260671 346136,203669 347759,206442 431069))
25833;POLYGON((181468 5297266,237672 5294448,233921 5211111,176911 5213935,181468 5297266))
25832;POLYGON((631169 5289997,687382 5291541,690059 5208197,633043 5206650,631169 5289997))
