4326;POLYGON((10.75 46.75,11.5 46.75,11.5 46.0,10.75 46.0,10.75 46.75))
31254;POLYGON((31858 179068,89165 179643,90391 96273,32294 95698,31858 179068))
31255;POLYGON((-197338 182224,-140032 180613,-141967 97245,-200063 98859,-197338 182224))
31256;POLYGON((-426500 194142,-369207 190336,-374312 106981,-432402 110792,-426500 194142))
31257;POLYGON((181858 179068,239165 179643,240391 96273,182294 95698,181858 179068))
31258;POLYGON((252661 182224,309967 180613,308032 97245,249936 98859,252661 182224))
31259;POLYGON((323499 194142,380792 190336,375687 106981,317597 110792,323499 194142))
31284;POLYGON((181858 5179068,239165 5179643,240391 5096273,182294 5095698,181858 5179068))
31285;POLYGON((252661 5182224,309967 5180613,308032 5097245,249936 5098859,252661 5182224))
31286;POLYGON((323499 5194142,380792 5190336,375687 5106981,317597 5110792,323499 5194142))
31287;POLYGON((202744 319990,260014 318359,258045 235025,199970 236678,202744 319990))
25833;POLYGON((175405 5186159,232681 5183333,228992 5100005,170922 5102834,175405 5186159))
25832;POLYGON((633662 5178870,690945 5180418,693578 5097086,635505 5095536,633662 5178870))
