4326;POLYGON((12.25 46.25,13.0 46.25,13.0 45.5,12.25 45.5,12.25 46.25))
31254;POLYGON((147819 125184,205653 126854,208437 43494,149819 41823,147819 125184))
31255;POLYGON((-83490 123968,-25654 123449,-26005 40086,-84624 40605,-83490 123968))
31256;POLYGON((-314790 131506,-256959 128797,-260447 45438,-319064 48150,-314790 131506))
31257;POLYGON((297819 125184,355653 126854,358437 43494,299819 41823,297819 125184))
31258;POLYGON((366509 123968,424345 123449,423994 40086,365375 40605,366509 123968))
31259;POLYGON((435209 131506,493040 128797,489552 45438,430935 48150,435209 131506))
31284;POLYGON((297819 5125184,355653 5126854,358437 5043494,299819 5041823,297819 5125184))
31285;POLYGON((366509 5123968,424345 5123449,423994 5040086,365375 5040605,366509 5123968))
31286;POLYGON((435209 5131506,493040 5128797,489552 5045438,430935 5048150,435209 5131506))
31287;POLYGON((316521 261717,374348 261188,373987 177820,315355 178357,316521 261717))
25833;POLYGON((288025 5125500,345835 5123768,343746 5040442,285152 5042175,288025 5125500))
25832;POLYGON((750513 5126959,808320 5129605,812502 5046283,753909 5043635,750513 5126959))
