4326;POLYGON((12.5 49.5,13.25 49.5,13.25 48.75,12.5 48.75,12.5 49.5))
31254;POLYGON((156972 487019,211292 488851,214502 405456,159355 403618,156972 487019))
31255;POLYGON((-60300 485094,-5973 484762,-6067 401352,-61221 401685,-60300 485094))
31256;POLYGON((-277548 491825,-223236 489327,-226635 405934,-281776 408442,-277548 491825))
31257;POLYGON((306972 487019,361292 488851,364502 405456,309355 403618,306972 487019))
31258;POLYGON((389699 485094,444026 484762,443932 401352,388778 401685,389699 485094))
31259;POLYGON((472451 491825,526763 489327,523364 405934,468223 408442,472451 491825))
31284;POLYGON((306972 5487019,361292 5488851,364502 5405456,309355 5403618,306972 5487019))
31285;POLYGON((389699 5485094,444026 5484762,443932 5401352,388778 5401685,389699 5485094))
31286;POLYGON((472451 5491825,526763 5489327,523364 5405934,468223 5408442,472451 5491825))
31287;POLYGON((339683 622754,394025 622432,393932 539016,338786 539344,339683 622754))
25833;POLYGON((318989 5486044,373289 5484512,371363 5401142,316237 5402680,318989 5486044))
25832;POLYGON((753401 5488929,807688 5491725,812371 5408382,757256 5405576,753401 5488929))
