4326;POLYGON((12.25 49.0,13.0 49.0,13.0 48.25,12.25 48.25,12.25 49.0))
31254;POLYGON((140272 430926,195146 432581,198057 349189,142364 347529,140272 430926))
31255;POLYGON((-79208 429719,-24329 429205,-24696 345802,-80394 346318,-79208 429719))
31256;POLYGON((-298659 437191,-243796 434505,-247443 351120,-303128 353815,-298659 437191))
31257;POLYGON((290272 430926,345146 432581,348057 349189,292364 347529,290272 430926))
31258;POLYGON((370791 429719,425670 429205,425303 345802,369605 346318,370791 429719))
31259;POLYGON((451340 437191,506203 434505,502556 351120,446871 353815,451340 437191))
31284;POLYGON((290272 5430926,345146 5432581,348057 5349189,292364 5347529,290272 5430926))
31285;POLYGON((370791 5429719,425670 5429205,425303 5345802,369605 5346318,370791 5429719))
31286;POLYGON((451340 5437191,506203 5434505,502556 5351120,446871 5353815,451340 5437191))
31287;POLYGON((320793 567369,375670 566867,375309 483477,319628 483986,320793 567369))
25833;POLYGON((298868 5431099,353719 5429382,351534 5346020,295864 5347743,298868 5431099))
25832;POLYGON((737695 5432546,792537 5435168,796910 5351825,741247 5349194,737695 5432546))
