4326;POLYGON((12.0 48.25,12.75 48.25,12.75 47.5,12.0 47.5,12.0 48.25))
31254;POLYGON((123798 347096,179493 348575,182100 265191,125595 263708,123798 347096))
31255;POLYGON((-98960 346611,-43262 345914,-43895 262522,-100402 263221,-98960 346611))
31256;POLYGON((-321689 354835,-266005 351958,-269881 268583,-326377 271467,-321689 354835))
31257;POLYGON((273798 347096,329493 348575,332100 265191,275595 263708,273798 347096))
31258;POLYGON((351039 346611,406737 345914,406104 262522,349597 263221,351039 346611))
31259;POLYGON((428310 354835,483994 351958,480118 268583,423622 271467,428310 354835))
31284;POLYGON((273798 5347096,329493 5348575,332100 5265191,275595 5263708,273798 5347096))
31285;POLYGON((351039 5346611,406737 5345914,406104 5262522,349597 5263221,351039 5346611))
31286;POLYGON((428310 5354835,483994 5351958,480118 5268583,423622 5271467,428310 5354835))
31287;POLYGON((301068 484276,356748 483587,356119 400224,299635 400922,301068 484276))
25833;POLYGON((277308 5348438,332977 5346534,330548 5263183,274068 5265092,277308 5348438))
25832;POLYGON((722691 5348438,778356 5350887,782407 5267548,725931 5265092,722691 5348438))
