4326;POLYGON((11.75 48.0,12.5 48.0,12.5 47.25,11.75 47.25,11.75 48.0))
31254;POLYGON((105744 318926,161711 320225,164038 236843,107264 235540,105744 318926))
31255;POLYGON((-118099 319167,-62130 318287,-63029 234900,-119804 235782,-118099 319167))
31256;POLYGON((-341908 328126,-285955 325065,-290084 241694,-346848 244763,-341908 328126))
31257;POLYGON((255744 318926,311711 320225,314038 236843,257264 235540,255744 318926))
31258;POLYGON((331900 319167,387869 318287,386970 234900,330195 235782,331900 319167))
31259;POLYGON((408091 328126,464044 325065,459915 241694,403151 244763,408091 328126))
31284;POLYGON((255744 5318926,311711 5320225,314038 5236843,257264 5235540,255744 5318926))
31285;POLYGON((331900 5319167,387869 5318287,386970 5234900,330195 5235782,331900 5319167))
31286;POLYGON((408091 5328126,464044 5325065,459915 5241694,403151 5244763,408091 5328126))
31287;POLYGON((281943 456840,337889 455968,336992 372612,280242 373497,281943 456840))
25833;POLYGON((257578 5321412,313517 5319324,310829 5235977,254081 5238070,257578 5321412))
25832;POLYGON((705129 5319959,761067 5322229,764833 5238889,708086 5236614,705129 5319959))
