4326;POLYGON((12.25 48.0,13.0 48.0,13.0 47.25,12.25 47.25,12.25 48.0))
31254;POLYGON((143055 319732,199020 321394,201886 238014,145114 236348,143055 319732))
31255;POLYGON((-80787 318520,-24818 318004,-25179 234616,-81954 235133,-80787 318520))
31256;POLYGON((-304607 326024,-248649 323327,-252240 239952,-309006 242656,-304607 326024))
31257;POLYGON((293055 319732,349020 321394,351886 238014,295114 236348,293055 319732))
31258;POLYGON((369212 318520,425181 318004,424820 234616,368045 235133,369212 318520))
31259;POLYGON((445392 326024,501350 323327,497759 239952,440993 242656,445392 326024))
31284;POLYGON((293055 5319732,349020 5321394,351886 5238014,295114 5236348,293055 5319732))
31285;POLYGON((369212 5318520,425181 5318004,424820 5234616,368045 5235133,369212 5318520))
31286;POLYGON((445392 5326024,501350 5323327,497759 5239952,440993 5242656,445392 5326024))
31287;POLYGON((319239 456198,375189 455686,374829 372327,318074 372846,319239 456198))
25833;POLYGON((294870 5319959,350812 5318235,348661 5234886,291913 5236614,294870 5319959))
25832;POLYGON((742421 5321412,798356 5324045,802661 5240710,745918 5238070,742421 5321412))
