4326;POLYGON((12.5 48.0,13.25 48.0,13.25 47.25,12.5 47.25,12.5 48.0))
31254;POLYGON((161711 320225,217675 322070,220810 238691,164038 236843,161711 320225))
31255;POLYGON((-62130 318287,-6161 317953,-6254 234565,-63029 234900,-62130 318287))
31256;POLYGON((-285955 325065,-229996 322549,-233317 239172,-290084 241694,-285955 325065))
31257;POLYGON((311711 320225,367675 322070,370810 238691,314038 236843,311711 320225))
31258;POLYGON((387869 318287,443838 317953,443745 234565,386970 234900,387869 318287))
31259;POLYGON((464044 325065,520003 322549,516682 239172,459915 241694,464044 325065))
31284;POLYGON((311711 5320225,367675 5322070,370810 5238691,314038 5236843,311711 5320225))
31285;POLYGON((387869 5318287,443838 5317953,443745 5234565,386970 5234900,387869 5318287))
31286;POLYGON((464044 5325065,520003 5322549,516682 5239172,459915 5241694,464044 5325065))
31287;POLYGON((337889 455968,393840 455636,393747 372275,336992 372612,337889 455968))
25833;POLYGON((313517 5319324,369459 5317781,367578 5234431,310829 5235977,313517 5319324))
25832;POLYGON((761067 5322229,817000 5325045,821575 5241712,764833 5238889,761067 5322229))
