4326;POLYGON((12.25 49.25,13.0 49.25,13.0 48.5,12.25 48.5,12.25 49.25))
31254;POLYGON((139570 458727,194168 460380,197091 376986,141669 375327,139570 458727))
31255;POLYGON((-78809 457521,-24206 457008,-24574 373602,-80000 374117,-78809 457521))
31256;POLYGON((-297158 464984,-242570 462302,-246232 378915,-301644 381606,-297158 464984))
31257;POLYGON((289570 458727,344168 460380,347091 376986,291669 375327,289570 458727))
31258;POLYGON((371190 457521,425793 457008,425425 373602,369999 374117,371190 457521))
31259;POLYGON((452841 464984,507429 462302,503767 378915,448355 381606,452841 464984))
31284;POLYGON((289570 5458727,344168 5460380,347091 5376986,291669 5375327,289570 5458727))
31285;POLYGON((371190 5457521,425793 5457008,425425 5373602,369999 5374117,371190 5457521))
31286;POLYGON((452841 5464984,507429 5462302,503767 5378915,448355 5381606,452841 5464984))
31287;POLYGON((321182 595171,375790 594671,375429 511270,320016 511777,321182 595171))
25833;POLYGON((299877 5458887,354452 5457172,352259 5373807,296861 5375528,299877 5458887))
25832;POLYGON((736502 5460331,791068 5462950,795458 5379605,740067 5376977,736502 5460331))
