4326;POLYGON((11.75 49.75,12.5 49.75,12.5 49.0,11.75 49.0,11.75 49.75))
31254;POLYGON((102126 513533,156172 514822,158564 431417,103688 430123,102126 513533))
31255;POLYGON((-114040 513771,-59991 512899,-60915 429487,-115793 430363,-114040 513771))
31256;POLYGON((-330155 522656,-276128 519620,-280372 436235,-335230 439284,-330155 522656))
31257;POLYGON((252126 513533,306172 514822,308564 431417,253688 430123,252126 513533))
31258;POLYGON((335959 513771,390008 512899,389084 429487,334206 430363,335959 513771))
31259;POLYGON((419844 522656,473871 519620,469627 436235,414769 439284,419844 522656))
31284;POLYGON((252126 5513533,306172 5514822,308564 5431417,253688 5430123,252126 5513533))
31285;POLYGON((335959 5513771,390008 5512899,389084 5429487,334206 5430363,335959 5513771))
31286;POLYGON((419844 5522656,473871 5519620,469627 5436235,414769 5439284,419844 5522656))
31287;POLYGON((285915 651411,339983 650568,339085 567143,284212 567998,285915 651411))
25833;POLYGON((265897 5515905,319914 5513834,317151 5430467,262304 5432546,265897 5515905))
25832;POLYGON((698092 5514464,752107 5516715,755976 5433359,701131 5431099,698092 5514464))
