4326;POLYGON((11.75 47.5,12.5 47.5,12.5 46.75,11.75 46.75,11.75 47.5))
31254;POLYGON((106760 263335,163265 264636,165574 181259,108268 179956,106760 263335))
31255;POLYGON((-119238 263576,-62731 262695,-63623 179315,-120930 180197,-119238 263576))
31256;POLYGON((-345208 272550,-288713 269483,-292810 186117,-350108 189190,-345208 272550))
31257;POLYGON((256760 263335,313265 264636,315574 181259,258268 179956,256760 263335))
31258;POLYGON((330761 263576,387268 262695,386376 179315,329069 180197,330761 263576))
31259;POLYGON((404791 272550,461286 269483,457189 186117,399891 189190,404791 272550))
31284;POLYGON((256760 5263335,313265 5264636,315574 5181259,258268 5179956,256760 5263335))
31285;POLYGON((330761 5263576,387268 5262695,386376 5179315,329069 5180197,330761 5263576))
31286;POLYGON((404791 5272550,461286 5269483,457189 5186117,399891 5189190,404791 5272550))
31287;POLYGON((280809 401276,337291 400396,336394 317046,279107 317939,280809 401276))
25833;POLYGON((255242 5265850,311721 5263759,309054 5180418,251774 5182513,255242 5265850))
25832;POLYGON((707105 5264395,763582 5266668,767318 5183333,710038 5181055,707105 5264395))
