4326;POLYGON((12.5 46.25,13.25 46.25,13.25 45.5,12.5 45.5,12.5 46.25))
31254;POLYGON((167098 125680,224931 127533,227977 44173,169359 42319,167098 125680))
31255;POLYGON((-64211 123734,-6375 123398,-6465 40035,-65084 40372,-64211 123734))
31256;POLYGON((-295513 130542,-237682 128015,-240908 44657,-299525 47185,-295513 130542))
31257;POLYGON((317098 125680,374931 127533,377977 44173,319359 42319,317098 125680))
31258;POLYGON((385788 123734,443624 123398,443534 40035,384915 40372,385788 123734))
31259;POLYGON((454486 130542,512317 128015,509091 44657,450474 47185,454486 130542))
31284;POLYGON((317098 5125680,374931 5127533,377977 5044173,319359 5042319,317098 5125680))
31285;POLYGON((385788 5123734,443624 5123398,443534 5040035,384915 5040372,385788 5123734))
31286;POLYGON((454486 5130542,512317 5128015,509091 5044657,450474 5047185,454486 5130542))
31287;POLYGON((335796 261478,393624 261135,393532 177767,334899 178115,335796 261478))
25833;POLYGON((307295 5124862,365105 5123313,363278 5039985,304683 5041536,307295 5124862))
25832;POLYGON((769782 5127780,827589 5130609,832033 5047287,773441 5044457,769782 5127780))
