4326;POLYGON((11.75 47.75,12.5 47.75,12.5 47.0,11.75 47.0,11.75 47.75))
31254;POLYGON((106253 291130,162490 292430,164808 209050,107767 207747,106253 291130))
31255;POLYGON((-118669 291371,-62431 290491,-63327 207107,-120368 207989,-118669 291371))
31256;POLYGON((-343561 300338,-287337 297274,-291450 213905,-348482 216976,-343561 300338))
31257;POLYGON((256253 291130,312490 292430,314808 209050,257767 207747,256253 291130))
31258;POLYGON((331330 291371,387568 290491,386672 207107,329631 207989,331330 291371))
31259;POLYGON((406438 300338,462662 297274,458549 213905,401517 216976,406438 300338))
31284;POLYGON((256253 5291130,312490 5292430,314808 5209050,257767 5207747,256253 5291130))
31285;POLYGON((331330 5291371,387568 5290491,386672 5207107,329631 5207989,331330 5291371))
31286;POLYGON((406438 5300338,462662 5297274,458549 5213905,401517 5216976,406438 5300338))
31287;POLYGON((281376 429057,337590 428181,336693 344829,279674 345718,281376 429057))
25833;POLYGON((256408 5293630,312617 5291541,309940 5208197,252925 5210291,256408 5293630))
25832;POLYGON((706119 5292177,762327 5294448,766078 5211111,709064 5208834,706119 5292177))
