4326;POLYGON((12.25 50.0,13.0 50.0,13.0 49.25,12.25 49.25,12.25 50.0))
31254;POLYGON((137446 542136,191211 543783,194168 460380,139570 458727,137446 542136))
31255;POLYGON((-77605 540936,-23833 540425,-24206 457008,-78809 457521,-77605 540936))
31256;POLYGON((-292620 548367,-238867 545696,-242570 462302,-297158 464984,-292620 548367))
31257;POLYGON((287446 542136,341211 543783,344168 460380,289570 458727,287446 542136))
31258;POLYGON((372394 540936,426166 540425,425793 457008,371190 457521,372394 540936))
31259;POLYGON((457379 548367,511132 545696,507429 462302,452841 464984,457379 548367))
31284;POLYGON((287446 5542136,341211 5543783,344168 5460380,289570 5458727,287446 5542136))
31285;POLYGON((372394 5540936,426166 5540425,425793 5457008,371190 5457521,372394 5540936))
31286;POLYGON((457379 5548367,511132 5545696,507429 5462302,452841 5464984,457379 5548367))
31287;POLYGON((322348 678610,376151 678117,375790 594671,321182 595171,322348 678610))
25833;POLYGON((302928 5542254,356670 5540547,354452 5457172,299877 5458887,302928 5542254))
25832;POLYGON((732896 5543693,786627 5546300,791068 5462950,736502 5460331,732896 5543693))
