4326;POLYGON((12.5 47.0,13.25 47.0,13.25 46.25,12.5 46.25,12.5 47.0))
31254;POLYGON((164808 209050,221847 210900,224931 127533,167098 125680,164808 209050))
31255;POLYGON((-63327 207107,-6284 206771,-6375 123398,-64211 123734,-63327 207107))
31256;POLYGON((-291450 213905,-234415 211382,-237682 128015,-295513 130542,-291450 213905))
31257;POLYGON((314808 209050,371847 210900,374931 127533,317098 125680,314808 209050))
31258;POLYGON((386672 207107,443715 206771,443624 123398,385788 123734,386672 207107))
31259;POLYGON((458549 213905,515584 211382,512317 128015,454486 130542,458549 213905))
31284;POLYGON((314808 5209050,371847 5210900,374931 5127533,317098 5125680,314808 5209050))
31285;POLYGON((386672 5207107,443715 5206771,443624 5123398,385788 5123734,386672 5207107))
31286;POLYGON((458549 5213905,515584 5211382,512317 5128015,454486 5130542,458549 5213905))
31287;POLYGON((336693 344829,393717 344491,393624 261135,335796 261478,336693 344829))
25833;POLYGON((309940 5208197,366956 5206650,365105 5123313,307295 5124862,309940 5208197))
25832;POLYGON((766078 5211111,823088 5213935,827589 5130609,769782 5127780,766078 5211111))
