4326;POLYGON((12.25 49.75,13.0 49.75,13.0 49.0,12.25 49.0,12.25 49.75))
31254;POLYGON((138157 514332,192200 515981,195146 432581,140272 430926,138157 514332))
31255;POLYGON((-78008 513130,-23958 512618,-24329 429205,-79208 429719,-78008 513130))
31256;POLYGON((-294138 520572,-240106 517897,-243796 434505,-298659 437191,-294138 520572))
31257;POLYGON((288157 514332,342200 515981,345146 432581,290272 430926,288157 514332))
31258;POLYGON((371991 513130,426041 512618,425670 429205,370791 429719,371991 513130))
31259;POLYGON((455861 520572,509893 517897,506203 434505,451340 437191,455861 520572))
31284;POLYGON((288157 5514332,342200 5515981,345146 5432581,290272 5430926,288157 5514332))
31285;POLYGON((371991 5513130,426041 5512618,425670 5429205,370791 5429719,371991 5513130))
31286;POLYGON((455861 5520572,509893 5517897,506203 5434505,451340 5437191,455861 5520572))
31287;POLYGON((321959 650791,376031 650296,375670 566867,320793 567369,321959 650791))
25833;POLYGON((301907 5514464,355928 5512754,353719 5429382,298868 5431099,301907 5514464))
25832;POLYGON((734102 5515905,788113 5518516,792537 5435168,737695 5432546,734102 5515905))
