4326;POLYGON((12.25 47.25,13.0 47.25,13.0 46.5,12.25 46.5,12.25 47.25))
31254;POLYGON((145114 236348,201886 238014,204717 154643,147147 152974,145114 236348))
31255;POLYGON((-81954 235133,-25179 234616,-25536 151239,-83108 151757,-81954 235133))
31256;POLYGON((-309006 242656,-252240 239952,-255787 156584,-313353 159293,-309006 242656))
31257;POLYGON((295114 236348,351886 238014,354717 154643,297147 152974,295114 236348))
31258;POLYGON((368045 235133,424820 234616,424463 151239,366891 151757,368045 235133))
31259;POLYGON((440993 242656,497759 239952,494212 156584,436646 159293,440993 242656))
31284;POLYGON((295114 5236348,351886 5238014,354717 5154643,297147 5152974,295114 5236348))
31285;POLYGON((368045 5235133,424820 5234616,424463 5151239,366891 5151757,368045 5235133))
31286;POLYGON((440993 5242656,497759 5239952,494212 5156584,436646 5159293,440993 5242656))
31287;POLYGON((318074 372846,374829 372327,374468 288973,316909 289500,318074 372846))
25833;POLYGON((291913 5236614,348661 5234886,346537 5151546,288991 5153277,291913 5236614))
25832;POLYGON((745918 5238070,802661 5240710,806914 5157380,749371 5154736,745918 5238070))
