4326;POLYGON((12.5 47.5,13.25 47.5,13.25 46.75,12.5 46.75,12.5 47.5))
31254;POLYGON((163265 264636,219769 266483,222879 183110,165574 181259,163265 264636))
31255;POLYGON((-62731 262695,-6223 262359,-6315 178979,-63623 179315,-62731 262695))
31256;POLYGON((-288713 269483,-232214 266964,-235508 183592,-292810 186117,-288713 269483))
31257;POLYGON((313265 264636,369769 266483,372879 183110,315574 181259,313265 264636))
31258;POLYGON((387268 262695,443776 262359,443684 178979,386376 179315,387268 262695))
31259;POLYGON((461286 269483,517785 266964,514491 183592,457189 186117,461286 269483))
31284;POLYGON((313265 5264636,369769 5266483,372879 5183110,315574 5181259,313265 5264636))
31285;POLYGON((387268 5262695,443776 5262359,443684 5178979,386376 5179315,387268 5262695))
31286;POLYGON((461286 5269483,517785 5266964,514491 5183592,457189 5186117,461286 5269483))
31287;POLYGON((337291 400396,393778 400061,393686 316706,336394 317046,337291 400396))
25833;POLYGON((311721 5263759,368203 5262213,366337 5178870,309054 5180418,311721 5263759))
25832;POLYGON((763582 5266668,820056 5269489,824594 5186159,767318 5183333,763582 5266668))
