4326;POLYGON((12.25 47.0,13.0 47.0,13.0 46.25,12.25 46.25,12.25 47.0))
31254;POLYGON((145794 208555,202834 210223,205653 126854,147819 125184,145794 208555))
31255;POLYGON((-82341 207340,-25298 206822,-25654 123449,-83490 123968,-82341 207340))
31256;POLYGON((-310461 214868,-253427 212162,-256959 128797,-314790 131506,-310461 214868))
31257;POLYGON((295794 208555,352834 210223,355653 126854,297819 125184,295794 208555))
31258;POLYGON((367658 207340,424701 206822,424345 123449,366509 123968,367658 207340))
31259;POLYGON((439538 214868,496572 212162,493040 128797,435209 131506,439538 214868))
31284;POLYGON((295794 5208555,352834 5210223,355653 5126854,297819 5125184,295794 5208555))
31285;POLYGON((367658 5207340,424701 5206822,424345 5123449,366509 5123968,367658 5207340))
31286;POLYGON((439538 5214868,496572 5212162,493040 5128797,435209 5131506,439538 5214868))
31287;POLYGON((317686 345064,374708 344542,374348 261188,316521 261717,317686 345064))
25833;POLYGON((290935 5208834,347950 5207105,345835 5123768,288025 5125500,290935 5208834))
25832;POLYGON((747074 5210291,804085 5212933,808320 5129605,750513 5126959,747074 5210291))
