4326;POLYGON((12.25 50.25,13.0 50.25,13.0 49.5,12.25 49.5,12.25 50.25))
31254;POLYGON((136733 569942,190218 571586,193186 488180,138865 486529,136733 569942))
31255;POLYGON((-77200 568743,-23708 568233,-24082 484812,-78409 485325,-77200 568743))
31256;POLYGON((-291096 576162,-237624 573496,-241341 490099,-295651 492778,-291096 576162))
31257;POLYGON((286733 569942,340218 571586,343186 488180,288865 486529,286733 569942))
31258;POLYGON((372799 568743,426291 568233,425917 484812,371590 485325,372799 568743))
31259;POLYGON((458903 576162,512375 573496,508658 490099,454348 492778,458903 576162))
31284;POLYGON((286733 5569942,340218 5571586,343186 5488180,288865 5486529,286733 5569942))
31285;POLYGON((372799 5568743,426291 5568233,425917 5484812,371590 5485325,372799 5568743))
31286;POLYGON((458903 5576162,512375 5573496,508658 5490099,454348 5492778,458903 5576162))
31287;POLYGON((322737 706435,376272 705945,375911 622481,321570 622978,322737 706435))
25833;POLYGON((303953 5570045,357415 5568341,355189 5484963,300891 5486675,303953 5570045))
25832;POLYGON((731685 5571481,785136 5574085,789593 5490733,735304 5488118,731685 5571481))
