4326;POLYGON((12.0 49.25,12.75 49.25,12.75 48.5,12.0 48.5,12.0 49.25))
31254;POLYGON((121370 458296,175969 459769,178617 376372,123195 374894,121370 458296))
31255;POLYGON((-97010 457813,-42407 457119,-43050 373713,-98475 374410,-97010 457813))
31256;POLYGON((-315352 465999,-260767 463135,-264703 379751,-320114 382625,-315352 465999))
31257;POLYGON((271370 458296,325969 459769,328617 376372,273195 374894,271370 458296))
31258;POLYGON((352989 457813,407592 457119,406949 373713,351524 374410,352989 457813))
31259;POLYGON((434647 465999,489232 463135,485296 379751,429885 382625,434647 465999))
31284;POLYGON((271370 5458296,325969 5459769,328617 5376372,273195 5374894,271370 5458296))
31285;POLYGON((352989 5457813,407592 5457119,406949 5373713,351524 5374410,352989 5457813))
31286;POLYGON((434647 5465999,489232 5463135,485296 5379751,429885 5382625,434647 5465999))
31287;POLYGON((302980 595455,357587 594779,356958 511379,301546 512065,302980 595455))
25833;POLYGON((281687 5459579,336260 5457683,333793 5374320,278396 5376222,281687 5459579))
25832;POLYGON((718312 5459579,772880 5462017,776995 5378669,721603 5376222,718312 5459579))
