4326;POLYGON((12.5 46.75,13.25 46.75,13.25 46.0,12.5 46.0,12.5 46.75))
31254;POLYGON((165574 181259,222879 183110,225951 99745,167854 97892,165574 181259))
31255;POLYGON((-63623 179315,-6315 178979,-6405 95609,-64503 95945,-63623 179315))
31256;POLYGON((-292810 186117,-235508 183592,-238762 100228,-296856 102756,-292810 186117))
31257;POLYGON((315574 181259,372879 183110,375951 99745,317854 97892,315574 181259))
31258;POLYGON((386376 179315,443684 178979,443594 95609,385496 95945,386376 179315))
31259;POLYGON((457189 186117,514491 183592,511237 100228,453143 102756,457189 186117))
31284;POLYGON((315574 5181259,372879 5183110,375951 5099745,317854 5097892,315574 5181259))
31285;POLYGON((386376 5179315,443684 5178979,443594 5095609,385496 5095945,386376 5179315))
31286;POLYGON((457189 5186117,514491 5183592,511237 5100228,453143 5102756,457189 5186117))
31287;POLYGON((336394 317046,393686 316706,393594 233348,335497 233693,336394 317046))
25833;POLYGON((309054 5180418,366337 5178870,364494 5095536,306421 5097086,309054 5180418))
25832;POLYGON((767318 5183333,824594 5186159,829077 5102834,771007 5100005,767318 5183333))
