4326;POLYGON((12.25 47.5,13.0 47.5,13.0 46.75,12.25 46.75,12.25 47.5))
31254;POLYGON((144430 264141,200935 265807,203778 182432,146472 180764,144430 264141))
31255;POLYGON((-81567 262928,-25059 262411,-25417 179030,-82725 179548,-81567 262928))
31256;POLYGON((-307546 270445,-251048 267743,-254609 184373,-311910 187080,-307546 270445))
31257;POLYGON((294430 264141,350935 265807,353778 182432,296472 180764,294430 264141))
31258;POLYGON((368432 262928,424940 262411,424582 179030,367274 179548,368432 262928))
31259;POLYGON((442453 270445,498951 267743,495390 184373,438089 187080,442453 270445))
31284;POLYGON((294430 5264141,350935 5265807,353778 5182432,296472 5180764,294430 5264141))
31285;POLYGON((368432 5262928,424940 5262411,424582 5179030,367274 5179548,368432 5262928))
31286;POLYGON((442453 5270445,498951 5267743,495390 5184373,438089 5187080,442453 5270445))
31287;POLYGON((318462 400629,374949 400112,374588 316758,317297 317282,318462 400629))
25833;POLYGON((292894 5264395,349375 5262668,347242 5179325,289961 5181055,292894 5264395))
25832;POLYGON((744757 5265850,801232 5268488,805502 5185156,748225 5182513,744757 5265850))
