4326;POLYGON((12.5 50.0,13.25 50.0,13.25 49.25,12.5 49.25,12.5 50.0))
31254;POLYGON((155368 542625,209132 544452,212366 461052,157770 459218,155368 542625))
31255;POLYGON((-59681 540706,-5909 540374,-6004 456957,-60608 457290,-59681 540706))
31256;POLYGON((-274703 547416,-220948 544926,-224373 461528,-278963 464030,-274703 547416))
31257;POLYGON((305368 542625,359132 544452,362366 461052,307770 459218,305368 542625))
31258;POLYGON((390318 540706,444090 540374,443995 456957,389391 457290,390318 540706))
31259;POLYGON((475296 547416,529051 544926,525626 461528,471036 464030,475296 547416))
31284;POLYGON((305368 5542625,359132 5544452,362366 5461052,307770 5459218,305368 5542625))
31285;POLYGON((390318 5540706,444090 5540374,443995 5456957,389391 5457290,390318 5540706))
31286;POLYGON((475296 5547416,529051 5544926,525626 5461528,471036 5464030,475296 5547416))
31287;POLYGON((340282 678388,394086 678069,393994 594622,339384 594946,340282 678388))
25833;POLYGON((320842 5541625,374585 5540098,372645 5456721,318069 5458255,320842 5541625))
25832;POLYGON((750807 5544502,804536 5547290,809255 5463944,754691 5461144,750807 5544502))
