4326;POLYGON((12.5 46.5,13.25 46.5,13.25 45.75,12.5 45.75,12.5 46.5))
31254;POLYGON((166337 153469,223907 155321,226966 71959,168608 70105,166337 153469))
31255;POLYGON((-63917 151524,-6345 151188,-6435 67821,-64794 68158,-63917 151524))
31256;POLYGON((-294164 158329,-236597 155803,-239837 72442,-298194 74970,-294164 158329))
31257;POLYGON((316337 153469,373907 155321,376966 71959,318608 70105,316337 153469))
31258;POLYGON((386082 151524,443654 151188,443564 67821,385205 68158,386082 151524))
31259;POLYGON((455835 158329,513402 155803,510162 72442,451805 74970,455835 158329))
31284;POLYGON((316337 5153469,373907 5155321,376966 5071959,318608 5070105,316337 5153469))
31285;POLYGON((386082 5151524,443654 5151188,443564 5067821,385205 5068158,386082 5151524))
31286;POLYGON((455835 5158329,513402 5155803,510162 5072442,451805 5074970,455835 5158329))
31287;POLYGON((336095 289263,393655 288921,393563 205559,335198 205905,336095 289263))
25833;POLYGON((308173 5152640,365720 5151091,363884 5067760,305550 5069311,308173 5152640))
25832;POLYGON((768553 5155556,826095 5158384,830558 5075061,772226 5072230,768553 5155556))
