4326;POLYGON((12.25 48.75,13.0 48.75,13.0 48.0,12.25 48.0,12.25 48.75))
31254;POLYGON((140972 403125,196120 404783,199020 321394,143055 319732,140972 403125))
31255;POLYGON((-79605 401917,-24452 401403,-24818 318004,-80787 318520,-79605 401917))
31256;POLYGON((-300154 409398,-245016 406710,-248649 323327,-304607 326024,-300154 409398))
31257;POLYGON((290972 403125,346120 404783,349020 321394,293055 319732,290972 403125))
31258;POLYGON((370394 401917,425547 401403,425181 318004,369212 318520,370394 401917))
31259;POLYGON((449845 409398,504983 406710,501350 323327,445392 326024,449845 409398))
31284;POLYGON((290972 5403125,346120 5404783,349020 5321394,293055 5319732,290972 5403125))
31285;POLYGON((370394 5401917,425547 5401403,425181 5318004,369212 5318520,370394 5401917))
31286;POLYGON((449845 5409398,504983 5406710,501350 5323327,445392 5326024,449845 5409398))
31287;POLYGON((320405 539571,375550 539066,375189 455686,319239 456198,320405 539571))
25833;POLYGON((297863 5403313,352988 5401594,350812 5318235,294870 5319959,297863 5403313))
25832;POLYGON((738884 5404761,794000 5407386,798356 5324045,742421 5321412,738884 5404761))
