4326;POLYGON((11.75 48.25,12.5 48.25,12.5 47.5,11.75 47.5,11.75 48.25))
31254;POLYGON((105233 346724,160929 348022,163265 264636,106760 263335,105233 346724))
31255;POLYGON((-117525 346964,-61828 346086,-62731 262695,-119238 263576,-117525 346964))
31256;POLYGON((-340249 355915,-284567 352856,-288713 269483,-345208 272550,-340249 355915))
31257;POLYGON((255233 346724,310929 348022,313265 264636,256760 263335,255233 346724))
31258;POLYGON((332474 346964,388171 346086,387268 262695,330761 263576,332474 346964))
31259;POLYGON((409750 355915,465432 352856,461286 269483,404791 272550,409750 355915))
31284;POLYGON((255233 5346724,310929 5348022,313265 5264636,256760 5263335,255233 5346724))
31285;POLYGON((332474 5346964,388171 5346086,387268 5262695,330761 5263576,332474 5346964))
31286;POLYGON((409750 5355915,465432 5352856,461286 5269483,404791 5272550,409750 5355915))
31287;POLYGON((282510 484624,338188 483757,337291 400396,280809 401276,282510 484624))
25833;POLYGON((258752 5349194,314420 5347108,311721 5263759,255242 5265850,258752 5349194))
25832;POLYGON((704135 5347743,759802 5350010,763582 5266668,707105 5264395,704135 5347743))
