4326;POLYGON((12.0 49.5,12.75 49.5,12.75 48.75,12.0 48.75,12.0 49.5))
31254;POLYGON((120757 486099,175079 487569,177738 404170,122589 402694,120757 486099))
31255;POLYGON((-96518 485616,-42191 484923,-42836 401514,-97989 402209,-96518 485616))
31256;POLYGON((-313752 493791,-259445 490932,-263396 407545,-318532 410416,-313752 493791))
31257;POLYGON((270757 486099,325079 487569,327738 404170,272589 402694,270757 486099))
31258;POLYGON((353481 485616,407808 484923,407163 401514,352010 402209,353481 485616))
31259;POLYGON((436247 493791,490554 490932,486603 407545,431467 410416,436247 493791))
31284;POLYGON((270757 5486099,325079 5487569,327738 5404170,272589 5402694,270757 5486099))
31285;POLYGON((353481 5485616,407808 5484923,407163 5401514,352010 5402209,353481 5485616))
31286;POLYGON((436247 5493791,490554 5490932,486603 5407545,431467 5410416,436247 5493791))
31287;POLYGON((303458 623261,357797 622589,357167 539175,302024 539857,303458 623261))
25833;POLYGON((282792 5487366,337089 5485473,334612 5402107,279489 5404007,282792 5487366))
25832;POLYGON((717207 5487366,771498 5489801,775629 5406451,720510 5404007,717207 5487366))
