4326;POLYGON((12.0 46.5,12.75 46.5,12.75 45.75,12.0 45.75,12.0 46.5))
31254;POLYGON((127957 152539,185528 154026,188061 70662,129702 69174,127957 152539))
31255;POLYGON((-102299 152052,-44727 151351,-45341 67985,-103700 68686,-102299 152052))
31256;POLYGON((-332541 160318,-274976 157426,-278742 74066,-337097 76961,-332541 160318))
31257;POLYGON((277957 152539,335528 154026,338061 70662,279702 69174,277957 152539))
31258;POLYGON((347700 152052,405272 151351,404658 67985,346299 68686,347700 152052))
31259;POLYGON((417458 160318,475023 157426,471257 74066,412902 76961,417458 160318))
31284;POLYGON((277957 5152539,335528 5154026,338061 5070662,279702 5069174,277957 5152539))
31285;POLYGON((347700 5152052,405272 5151351,404658 5067985,346299 5068686,347700 5152052))
31286;POLYGON((417458 5160318,475023 5157426,471257 5074066,412902 5076961,417458 5160318))
31287;POLYGON((297724 289799,355281 289087,354652 205727,296291 206449,297724 289799))
25833;POLYGON((269809 5153976,327355 5152062,324995 5068733,266661 5070649,269809 5153976))
25832;POLYGON((730190 5153976,787734 5156438,791670 5073113,733338 5070649,730190 5153976))
