4326;POLYGON((12.0 46.25,12.75 46.25,12.75 45.5,12.0 45.5,12.0 46.25))
31254;POLYGON((128541 124749,186376 126237,188898 42876,130279 41388,128541 124749))
31255;POLYGON((-102768 124262,-44932 123561,-45545 40199,-104164 40900,-102768 124262))
31256;POLYGON((-334066 132532,-276236 129639,-279986 46281,-338603 49176,-334066 132532))
31257;POLYGON((278541 124749,336376 126237,338898 42876,280279 41388,278541 124749))
31258;POLYGON((347231 124262,405067 123561,404454 40199,345835 40900,347231 124262))
31259;POLYGON((415933 132532,473763 129639,470013 46281,411396 49176,415933 132532))
31284;POLYGON((278541 5124749,336376 5126237,338898 5042876,280279 5041388,278541 5124749))
31285;POLYGON((347231 5124262,405067 5123561,404454 5040199,345835 5040900,347231 5124262))
31286;POLYGON((415933 5132532,473763 5129639,470013 5046281,411396 5049176,415933 5132532))
31287;POLYGON((297246 262017,355072 261302,354443 177936,295813 178662,297246 262017))
25833;POLYGON((268755 5126199,326565 5124285,324215 5040958,265621 5042875,268755 5126199))
25832;POLYGON((731244 5126199,789051 5128662,792972 5045339,734378 5042875,731244 5126199))
