4326;POLYGON((12.0 48.0,12.75 48.0,12.75 47.25,12.0 47.25,12.0 48.0))
31254;POLYGON((124400 319299,180366 320780,182962 237398,126189 235914,124400 319299))
31255;POLYGON((-99443 318813,-43474 318115,-44104 234728,-100879 235427,-99443 318813))
31256;POLYGON((-323258 327045,-267302 324166,-271162 240792,-327927 243679,-323258 327045))
31257;POLYGON((274400 319299,330366 320780,332962 237398,276189 235914,274400 319299))
31258;POLYGON((350556 318813,406525 318115,405895 234728,349120 235427,350556 318813))
31259;POLYGON((426741 327045,482697 324166,478837 240792,422072 243679,426741 327045))
31284;POLYGON((274400 5319299,330366 5320780,332962 5237398,276189 5235914,274400 5319299))
31285;POLYGON((350556 5318813,406525 5318115,405895 5234728,349120 5235427,350556 5318813))
31286;POLYGON((426741 5327045,482697 5324166,478837 5240792,422072 5243679,426741 5327045))
31287;POLYGON((300591 456489,356539 455797,355910 372439,299157 373141,300591 456489))
25833;POLYGON((276224 5320655,332164 5318749,329745 5235401,272997 5237312,276224 5320655))
25832;POLYGON((723775 5320655,779712 5323107,783747 5239769,727002 5237312,723775 5320655))
