4326;POLYGON((12.0 50.0,12.75 50.0,12.75 49.25,12.0 49.25,12.0 50.0))
31254;POLYGON((119524 541708,173290 543174,175969 459769,121370 458296,119524 541708))
31255;POLYGON((-95528 541226,-41757 540535,-42407 457119,-97010 457813,-95528 541226))
31256;POLYGON((-310535 549377,-256786 546526,-260767 463135,-315352 465999,-310535 549377))
31257;POLYGON((269524 541708,323290 543174,325969 459769,271370 458296,269524 541708))
31258;POLYGON((354471 541226,408242 540535,407592 457119,352989 457813,354471 541226))
31259;POLYGON((439464 549377,493213 546526,489232 463135,434647 465999,439464 549377))
31284;POLYGON((269524 5541708,323290 5543174,325969 5459769,271370 5458296,269524 5541708))
31285;POLYGON((354471 5541226,408242 5540535,407592 5457119,352989 5457813,354471 5541226))
31286;POLYGON((439464 5549377,493213 5546526,489232 5463135,434647 5465999,439464 5549377))
31287;POLYGON((304415 678889,358216 678224,357587 594779,302980 595455,304415 678889))
25833;POLYGON((285015 5542944,338756 5541056,336260 5457683,281687 5459579,285015 5542944))
25832;POLYGON((714984 5542944,768718 5545371,772880 5462017,718312 5459579,714984 5542944))
