4326;POLYGON((12.5 48.75,13.25 48.75,13.25 48.0,12.5 48.0,12.5 48.75))
31254;POLYGON((159355 403618,214502 405456,217675 322070,161711 320225,159355 403618))
31255;POLYGON((-61221 401685,-6067 401352,-6161 317953,-62130 318287,-61221 401685))
31256;POLYGON((-281776 408442,-226635 405934,-229996 322549,-285955 325065,-281776 408442))
31257;POLYGON((309355 403618,364502 405456,367675 322070,311711 320225,309355 403618))
31258;POLYGON((388778 401685,443932 401352,443838 317953,387869 318287,388778 401685))
31259;POLYGON((468223 408442,523364 405934,520003 322549,464044 325065,468223 408442))
31284;POLYGON((309355 5403618,364502 5405456,367675 5322070,311711 5320225,309355 5403618))
31285;POLYGON((388778 5401685,443932 5401352,443838 5317953,387869 5318287,388778 5401685))
31286;POLYGON((468223 5408442,523364 5405934,520003 5322549,464044 5325065,468223 5408442))
31287;POLYGON((338786 539344,393932 539016,393840 455636,337889 455968,338786 539344))
25833;POLYGON((316237 5402680,371363 5401142,369459 5317781,313517 5319324,316237 5402680))
25832;POLYGON((757256 5405576,812371 5408382,817000 5325045,761067 5322229,757256 5405576))
