4326;POLYGON((12.25 46.5,13.0 46.5,13.0 45.75,12.25 45.75,12.25 46.5))
31254;POLYGON((147147 152974,204717 154643,207513 71280,149155 69609,147147 152974))
31255;POLYGON((-83108 151757,-25536 151239,-25888 67873,-84247 68392,-83108 151757))
31256;POLYGON((-313353 159293,-255787 156584,-259289 73224,-317645 75935,-313353 159293))
31257;POLYGON((297147 152974,354717 154643,357513 71280,299155 69609,297147 152974))
31258;POLYGON((366891 151757,424463 151239,424111 67873,365752 68392,366891 151757))
31259;POLYGON((436646 159293,494212 156584,490710 73224,432354 75935,436646 159293))
31284;POLYGON((297147 5152974,354717 5154643,357513 5071280,299155 5069609,297147 5152974))
31285;POLYGON((366891 5151757,424463 5151239,424111 5067873,365752 5068392,366891 5151757))
31286;POLYGON((436646 5159293,494212 5156584,490710 5073224,432354 5075935,436646 5159293))
31287;POLYGON((316909 289500,374468 288973,374107 205612,315744 206146,316909 289500))
25833;POLYGON((288991 5153277,346537 5151546,344440 5068216,286106 5069949,288991 5153277))
25832;POLYGON((749371 5154736,806914 5157380,811114 5074056,752782 5071409,749371 5154736))
