4326;POLYGON((11.75 47.0,12.5 47.0,12.5 46.25,11.75 46.25,11.75 47.0))
31254;POLYGON((107767 207747,164808 209050,167098 125680,109263 124375,107767 207747))
31255;POLYGON((-120368 207989,-63327 207107,-64211 123734,-122046 124617,-120368 207989))
31256;POLYGON((-348482 216976,-291450 213905,-295513 130542,-353342 133618,-348482 216976))
31257;POLYGON((257767 207747,314808 209050,317098 125680,259263 124375,257767 207747))
31258;POLYGON((329631 207989,386672 207107,385788 123734,327953 124617,329631 207989))
31259;POLYGON((401517 216976,458549 213905,454486 130542,396657 133618,401517 216976))
31284;POLYGON((257767 5207747,314808 5209050,317098 5125680,259263 5124375,257767 5207747))
31285;POLYGON((329631 5207989,386672 5207107,385788 5123734,327953 5124617,329631 5207989))
31286;POLYGON((401517 5216976,458549 5213905,454486 5130542,396657 5133618,401517 5216976))
31287;POLYGON((279674 345718,336693 344829,335796 261478,277973 262380,279674 345718))
25833;POLYGON((252925 5210291,309940 5208197,307295 5124862,249486 5126959,252925 5210291))
25832;POLYGON((709064 5208834,766078 5211111,769782 5127780,711974 5125500,709064 5208834))
