4326;POLYGON((12.5 48.25,13.25 48.25,13.25 47.5,12.5 47.5,12.5 48.25))
31254;POLYGON((160929 348022,216621 349864,219769 266483,163265 264636,160929 348022))
31255;POLYGON((-61828 346086,-6130 345751,-6223 262359,-62731 262695,-61828 346086))
31256;POLYGON((-284567 352856,-228880 350344,-232214 266964,-288713 269483,-284567 352856))
31257;POLYGON((310929 348022,366621 349864,369769 266483,313265 264636,310929 348022))
31258;POLYGON((388171 346086,443869 345751,443776 262359,387268 262695,388171 346086))
31259;POLYGON((465432 352856,521119 350344,517785 266964,461286 269483,465432 352856))
31284;POLYGON((310929 5348022,366621 5349864,369769 5266483,313265 5264636,310929 5348022))
31285;POLYGON((388171 5346086,443869 5345751,443776 5262359,387268 5262695,388171 5346086))
31286;POLYGON((465432 5352856,521119 5350344,517785 5266964,461286 5269483,465432 5352856))
31287;POLYGON((338188 483757,393871 483426,393778 400061,337291 400396,338188 483757))
25833;POLYGON((314420 5347108,370092 5345567,368203 5262213,311721 5263759,314420 5347108))
25832;POLYGON((759802 5350010,815463 5352823,820056 5269489,763582 5266668,759802 5350010))
