4326;POLYGON((11.75 48.75,12.5 48.75,12.5 48.0,11.75 48.0,11.75 48.75))
31254;POLYGON((104205 402322,159355 403618,161711 320225,105744 318926,104205 402322))
31255;POLYGON((-116372 402562,-61221 401685,-62130 318287,-118099 319167,-116372 402562))
31256;POLYGON((-336910 411494,-281776 408442,-285955 325065,-341908 328126,-336910 411494))
31257;POLYGON((254205 402322,309355 403618,311711 320225,255744 318926,254205 402322))
31258;POLYGON((333627 402562,388778 401685,387869 318287,331900 319167,333627 402562))
31259;POLYGON((413089 411494,468223 408442,464044 325065,408091 328126,413089 411494))
31284;POLYGON((254205 5402322,309355 5403618,311711 5320225,255744 5318926,254205 5402322))
31285;POLYGON((333627 5402562,388778 5401685,387869 5318287,331900 5319167,333627 5402562))
31286;POLYGON((413089 5411494,468223 5408442,464044 5325065,408091 5328126,413089 5411494))
31287;POLYGON((283645 540203,338786 539344,337889 455968,281943 456840,283645 540203))
25833;POLYGON((261115 5404761,316237 5402680,313517 5319324,257578 5321412,261115 5404761))
25832;POLYGON((702136 5403313,757256 5405576,761067 5322229,705129 5319959,702136 5403313))
