4326;POLYGON((12.25 48.25,13.0 48.25,13.0 47.5,12.25 47.5,12.25 48.25))
31254;POLYGON((142364 347529,198057 349189,200935 265807,144430 264141,142364 347529))
31255;POLYGON((-80394 346318,-24696 345802,-25059 262411,-81567 262928,-80394 346318))
31256;POLYGON((-303128 353815,-247443 351120,-251048 267743,-307546 270445,-303128 353815))
31257;POLYGON((292364 347529,348057 349189,350935 265807,294430 264141,292364 347529))
31258;POLYGON((369605 346318,425303 345802,424940 262411,368432 262928,369605 346318))
31259;POLYGON((446871 353815,502556 351120,498951 267743,442453 270445,446871 353815))
31284;POLYGON((292364 5347529,348057 5349189,350935 5265807,294430 5264141,292364 5347529))
31285;POLYGON((369605 5346318,425303 5345802,424940 5262411,368432 5262928,369605 5346318))
31286;POLYGON((446871 5353815,502556 5351120,498951 5267743,442453 5270445,446871 5353815))
31287;POLYGON((319628 483986,375309 483477,374949 400112,318462 400629,319628 483986))
25833;POLYGON((295864 5347743,351534 5346020,349375 5262668,292894 5264395,295864 5347743))
25832;POLYGON((741247 5349194,796910 5351825,801232 5268488,744757 5265850,741247 5349194))
