4326;POLYGON((12.25 46.75,13.0 46.75,13.0 46.0,12.25 46.0,12.25 46.75))
31254;POLYGON((146472 180764,203778 182432,206585 99067,148489 97396,146472 180764))
31255;POLYGON((-82725 179548,-25417 179030,-25771 95660,-83869 96179,-82725 179548))
31256;POLYGON((-311910 187080,-254609 184373,-258127 101010,-316221 103720,-311910 187080))
31257;POLYGON((296472 180764,353778 182432,356585 99067,298489 97396,296472 180764))
31258;POLYGON((367274 179548,424582 179030,424228 95660,366130 96179,367274 179548))
31259;POLYGON((438089 187080,495390 184373,491872 101010,433778 103720,438089 187080))
31284;POLYGON((296472 5180764,353778 5182432,356585 5099067,298489 5097396,296472 5180764))
31285;POLYGON((367274 5179548,424582 5179030,424228 5095660,366130 5096179,367274 5179548))
31286;POLYGON((438089 5187080,495390 5184373,491872 5101010,433778 5103720,438089 5187080))
31287;POLYGON((317297 317282,374588 316758,374228 233401,316132 233932,317297 317282))
25833;POLYGON((289961 5181055,347242 5179325,345136 5095992,287063 5097724,289961 5181055))
25832;POLYGON((748225 5182513,805502 5185156,809720 5101830,751650 5099184,748225 5182513))
