4326;POLYGON((12.5 48.5,13.25 48.5,13.25 47.75,12.5 47.75,12.5 48.5))
31254;POLYGON((160143 375819,215563 377660,218724 294276,162490 292430,160143 375819))
31255;POLYGON((-61525 373885,-6099 373551,-6192 290156,-62431 290491,-61525 373885))
31256;POLYGON((-283174 380649,-227760 378138,-231107 294756,-287337 297274,-283174 380649))
31257;POLYGON((310143 375819,365563 377660,368724 294276,312490 292430,310143 375819))
31258;POLYGON((388474 373885,443900 373551,443807 290156,387568 290491,388474 373885))
31259;POLYGON((466825 380649,522239 378138,518892 294756,462662 297274,466825 380649))
31284;POLYGON((310143 5375819,365563 5377660,368724 5294276,312490 5292430,310143 5375819))
31285;POLYGON((388474 5373885,443900 5373551,443807 5290156,387568 5290491,388474 5373885))
31286;POLYGON((466825 5380649,522239 5378138,518892 5294756,462662 5297274,466825 5380649))
31287;POLYGON((338487 511548,393901 511220,393809 427847,337590 428181,338487 511548))
25833;POLYGON((315327 5374893,370726 5373354,368830 5289997,312617 5291541,315327 5374893))
25832;POLYGON((758531 5377793,813920 5380603,818531 5297266,762327 5294448,758531 5377793))
