4326;POLYGON((12.0 48.5,12.75 48.5,12.75 47.75,12.0 47.75,12.0 48.5))
31254;POLYGON((123195 374894,178617 376372,181235 292985,124999 291503,123195 374894))
31255;POLYGON((-98475 374410,-43050 373713,-43685 290318,-99924 291017,-98475 374410))
31256;POLYGON((-320114 382625,-264703 379751,-268594 296374,-324821 299256,-320114 382625))
31257;POLYGON((273195 374894,328617 376372,331235 292985,274999 291503,273195 374894))
31258;POLYGON((351524 374410,406949 373713,406314 290318,350075 291017,351524 374410))
31259;POLYGON((429885 382625,485296 379751,481405 296374,425178 299256,429885 382625))
31284;POLYGON((273195 5374894,328617 5376372,331235 5292985,274999 5291503,273195 5374894))
31285;POLYGON((351524 5374410,406949 5373713,406314 5290318,350075 5291017,351524 5374410))
31286;POLYGON((429885 5382625,485296 5379751,481405 5296374,425178 5299256,429885 5382625))
31287;POLYGON((301546 512065,356958 511379,356329 428009,300113 428705,301546 512065))
25833;POLYGON((278396 5376222,333793 5374320,331354 5290966,275144 5292873,278396 5376222))
25832;POLYGON((721603 5376222,776995 5378669,781062 5295327,724855 5292873,721603 5376222))
