4326;POLYGON((11.75 46.5,12.5 46.5,12.5 45.75,11.75 45.75,11.75 46.5))
31254;POLYGON((108766 152165,166337 153469,168608 70105,110250 68800,108766 152165))
31255;POLYGON((-121489 152407,-63917 151524,-64794 68158,-123153 69042,-121489 152407))
31256;POLYGON((-351729 161404,-294164 158329,-298194 74970,-356548 78048,-351729 161404))
31257;POLYGON((258766 152165,316337 153469,318608 70105,260250 68800,258766 152165))
31258;POLYGON((328510 152407,386082 151524,385205 68158,326846 69042,328510 152407))
31259;POLYGON((398270 161404,455835 158329,451805 74970,393451 78048,398270 161404))
31284;POLYGON((258766 5152165,316337 5153469,318608 5070105,260250 5068800,258766 5152165))
31285;POLYGON((328510 5152407,386082 5151524,385205 5068158,326846 5069042,328510 5152407))
31286;POLYGON((398270 5161404,455835 5158329,451805 5074970,393451 5078048,398270 5161404))
31287;POLYGON((278540 290160,336095 289263,335198 205905,276839 206815,278540 290160))
25833;POLYGON((250628 5154736,308173 5152640,305550 5069311,247217 5071409,250628 5154736))
25832;POLYGON((711008 5153277,768553 5155556,772226 5072230,713893 5069949,711008 5153277))
