4326;POLYGON((11.75 50.25,12.5 50.25,12.5 49.5,11.75 49.5,11.75 50.25))
31254;POLYGON((101074 569145,154562 570430,156972 487019,102648 485729,101074 569145))
31255;POLYGON((-112860 569383,-59370 568513,-60300 485094,-114626 485967,-112860 569383))
31256;POLYGON((-326739 578240,-273273 575213,-277548 491825,-331853 494865,-326739 578240))
31257;POLYGON((251074 569145,304562 570430,306972 487019,252648 485729,251074 569145))
31258;POLYGON((337139 569383,390629 568513,389699 485094,335373 485967,337139 569383))
31259;POLYGON((423260 578240,476726 575213,472451 491825,418146 494865,423260 578240))
31284;POLYGON((251074 5569145,304562 5570430,306972 5487019,252648 5485729,251074 5569145))
31285;POLYGON((337139 5569383,390629 5568513,389699 5485094,335373 5485967,337139 5569383))
31286;POLYGON((423260 5578240,476726 5575213,472451 5491825,418146 5494865,423260 5578240))
31287;POLYGON((287051 707049,340581 706215,339683 622754,285347 623601,287051 707049))
25833;POLYGON((268314 5571481,321773 5569417,318989 5486044,264695 5488118,268314 5571481))
25832;POLYGON((696046 5570045,749503 5572289,753401 5488929,699108 5486675,696046 5570045))
