4326;POLYGON((11.75 47.25,12.5 47.25,12.5 46.5,11.75 46.5,11.75 47.25))
31254;POLYGON((107264 235540,164038 236843,166337 153469,108766 152165,107264 235540))
31255;POLYGON((-119804 235782,-63029 234900,-63917 151524,-121489 152407,-119804 235782))
31256;POLYGON((-346848 244763,-290084 241694,-294164 158329,-351729 161404,-346848 244763))
31257;POLYGON((257264 235540,314038 236843,316337 153469,258766 152165,257264 235540))
31258;POLYGON((330195 235782,386970 234900,386082 151524,328510 152407,330195 235782))
31259;POLYGON((403151 244763,459915 241694,455835 158329,398270 161404,403151 244763))
31284;POLYGON((257264 5235540,314038 5236843,316337 5153469,258766 5152165,257264 5235540))
31285;POLYGON((330195 5235782,386970 5234900,386082 5151524,328510 5152407,330195 5235782))
31286;POLYGON((403151 5244763,459915 5241694,455835 5158329,398270 5161404,403151 5244763))
31287;POLYGON((280242 373497,336992 372612,336095 289263,278540 290160,280242 373497))
25833;POLYGON((254081 5238070,310829 5235977,308173 5152640,250628 5154736,254081 5238070))
25832;POLYGON((708086 5236614,764833 5238889,768553 5155556,711008 5153277,708086 5236614))
