4326;POLYGON((12.5 47.25,13.25 47.25,13.25 46.5,12.5 46.5,12.5 47.25))
31254;POLYGON((164038 236843,220810 238691,223907 155321,166337 153469,164038 236843))
31255;POLYGON((-63029 234900,-6254 234565,-6345 151188,-63917 151524,-63029 234900))
31256;POLYGON((-290084 241694,-233317 239172,-236597 155803,-294164 158329,-290084 241694))
31257;POLYGON((314038 236843,370810 238691,373907 155321,316337 153469,314038 236843))
31258;POLYGON((386970 234900,443745 234565,443654 151188,386082 151524,386970 234900))
31259;POLYGON((459915 241694,516682 239172,513402 155803,455835 158329,459915 241694))
31284;POLYGON((314038 5236843,370810 5238691,373907 5155321,316337 5153469,314038 5236843))
31285;POLYGON((386970 5234900,443745 5234565,443654 5151188,386082 5151524,386970 5234900))
31286;POLYGON((459915 5241694,516682 5239172,513402 5155803,455835 5158329,459915 5241694))
31287;POLYGON((336992 372612,393747 372275,393655 288921,336095 289263,336992 372612))
25833;POLYGON((310829 5235977,367578 5234431,365720 5151091,308173 5152640,310829 5235977))
25832;POLYGON((764833 5238889,821575 5241712,826095 5158384,768553 5155556,764833 5238889))
