4326;POLYGON((12.5 47.75,13.25 47.75,13.25 47.0,12.5 47.0,12.5 47.75))
31254;POLYGON((162490 292430,218724 294276,221847 210900,164808 209050,162490 292430))
31255;POLYGON((-62431 290491,-6192 290156,-6284 206771,-63327 207107,-62431 290491))
31256;POLYGON((-287337 297274,-231107 294756,-234415 211382,-291450 213905,-287337 297274))
31257;POLYGON((312490 292430,368724 294276,371847 210900,314808 209050,312490 292430))
31258;POLYGON((387568 290491,443807 290156,443715 206771,386672 207107,387568 290491))
31259;POLYGON((462662 297274,518892 294756,515584 211382,458549 213905,462662 297274))
31284;POLYGON((312490 5292430,368724 5294276,371847 5210900,314808 5209050,312490 5292430))
31285;POLYGON((387568 5290491,443807 5290156,443715 5206771,386672 5207107,387568 5290491))
31286;POLYGON((462662 5297274,518892 5294756,515584 5211382,458549 5213905,462662 5297274))
31287;POLYGON((337590 428181,393809 427847,393717 344491,336693 344829,337590 428181))
25833;POLYGON((312617 5291541,368830 5289997,366956 5206650,309940 5208197,312617 5291541))
25832;POLYGON((762327 5294448,818531 5297266,823088 5213935,766078 5211111,762327 5294448))
