4326;POLYGON((12.25 49.5,13.0 49.5,13.0 48.75,12.25 48.75,12.25 49.5))
31254;POLYGON((138865 486529,193186 488180,196120 404783,140972 403125,138865 486529))
31255;POLYGON((-78409 485325,-24082 484812,-24452 401403,-79605 401917,-78409 485325))
31256;POLYGON((-295651 492778,-241341 490099,-245016 406710,-300154 409398,-295651 492778))
31257;POLYGON((288865 486529,343186 488180,346120 404783,290972 403125,288865 486529))
31258;POLYGON((371590 485325,425917 484812,425547 401403,370394 401917,371590 485325))
31259;POLYGON((454348 492778,508658 490099,504983 406710,449845 409398,454348 492778))
31284;POLYGON((288865 5486529,343186 5488180,346120 5404783,290972 5403125,288865 5486529))
31285;POLYGON((371590 5485325,425917 5484812,425547 5401403,370394 5401917,371590 5485325))
31286;POLYGON((454348 5492778,508658 5490099,504983 5406710,449845 5409398,454348 5492778))
31287;POLYGON((321570 622978,375911 622481,375550 539066,320405 539571,321570 622978))
25833;POLYGON((300891 5486675,355189 5484963,352988 5401594,297863 5403313,300891 5486675))
25832;POLYGON((735304 5488118,789593 5490733,794000 5407386,738884 5404761,735304 5488118))
