4326;POLYGON((12.0 50.25,12.75 50.25,12.75 49.5,12.0 49.5,12.0 50.25))
31254;POLYGON((118904 569514,172391 570978,175079 487569,120757 486099,118904 569514))
31255;POLYGON((-95030 569033,-41539 568343,-42191 484923,-96518 485616,-95030 569033))
31256;POLYGON((-308918 577171,-255449 574325,-259445 490932,-313752 493791,-308918 577171))
31257;POLYGON((268904 569514,322391 570978,325079 487569,270757 486099,268904 569514))
31258;POLYGON((354969 569033,408460 568343,407808 484923,353481 485616,354969 569033))
31259;POLYGON((441081 577171,494550 574325,490554 490932,436247 493791,441081 577171))
31284;POLYGON((268904 5569514,322391 5570978,325079 5487569,270757 5486099,268904 5569514))
31285;POLYGON((354969 5569033,408460 5568343,407808 5484923,353481 5485616,354969 5569033))
31286;POLYGON((441081 5577171,494550 5574325,490554 5490932,436247 5493791,441081 5577171))
31287;POLYGON((304894 706713,358426 706051,357797 622589,303458 623261,304894 706713))
25833;POLYGON((286133 5570734,339594 5568849,337089 5485473,282792 5487366,286133 5570734))
25832;POLYGON((713866 5570734,767320 5573157,771498 5489801,717207 5487366,713866 5570734))
