4326;POLYGON((11.75 48.5,12.5 48.5,12.5 47.75,11.75 47.75,11.75 48.5))
31254;POLYGON((104720 374523,160143 375819,162490 292430,106253 291130,104720 374523))
31255;POLYGON((-116950 374762,-61525 373885,-62431 290491,-118669 291371,-116950 374762))
31256;POLYGON((-338582 383704,-283174 380649,-287337 297274,-343561 300338,-338582 383704))
31257;POLYGON((254720 374523,310143 375819,312490 292430,256253 291130,254720 374523))
31258;POLYGON((333049 374762,388474 373885,387568 290491,331330 291371,333049 374762))
31259;POLYGON((411417 383704,466825 380649,462662 297274,406438 300338,411417 383704))
31284;POLYGON((254720 5374523,310143 5375819,312490 5292430,256253 5291130,254720 5374523))
31285;POLYGON((333049 5374762,388474 5373885,387568 5290491,331330 5291371,333049 5374762))
31286;POLYGON((411417 5383704,466825 5380649,462662 5297274,406438 5300338,411417 5383704))
31287;POLYGON((283078 512412,338487 511548,337590 428181,281376 429057,283078 512412))
25833;POLYGON((259932 5376977,315327 5374893,312617 5291541,256408 5293630,259932 5376977))
25832;POLYGON((703138 5375528,758531 5377793,762327 5294448,706119 5292177,703138 5375528))
