4326;POLYGON((12.0 46.75,12.75 46.75,12.75 46.0,12.0 46.0,12.0 46.75))
31254;POLYGON((127370 180329,184676 181815,187220 98449,129123 96961,127370 180329))
31255;POLYGON((-101828 179842,-44520 179142,-45137 95772,-103235 96474,-101828 179842))
31256;POLYGON((-331009 188104,-273710 185214,-277492 101852,-335585 104746,-331009 188104))
31257;POLYGON((277370 180329,334676 181815,337220 98449,279123 96961,277370 180329))
31258;POLYGON((348171 179842,405479 179142,404862 95772,346764 96474,348171 179842))
31259;POLYGON((418990 188104,476289 185214,472507 101852,414414 104746,418990 188104))
31284;POLYGON((277370 5180329,334676 5181815,337220 5098449,279123 5096961,277370 5180329))
31285;POLYGON((348171 5179842,405479 5179142,404862 5095772,346764 5096474,348171 5179842))
31286;POLYGON((418990 5188104,476289 5185214,472507 5101852,414414 5104746,418990 5188104))
31287;POLYGON((298202 317580,355491 316871,354862 233516,296769 234234,298202 317580))
25833;POLYGON((270867 5181754,328148 5179841,325778 5096508,267706 5098424,270867 5181754))
25832;POLYGON((729132 5181754,786410 5184214,790364 5100887,732293 5098424,729132 5181754))
