4326;POLYGON((12.5 50.25,13.25 50.25,13.25 49.5,12.5 49.5,12.5 50.25))
31254;POLYGON((154562 570430,208046 572253,211292 488851,156972 487019,154562 570430))
31255;POLYGON((-59370 568513,-5877 568182,-5973 484762,-60300 485094,-59370 568513))
31256;POLYGON((-273273 575213,-219798 572727,-223236 489327,-277548 491825,-273273 575213))
31257;POLYGON((304562 570430,358046 572253,361292 488851,306972 487019,304562 570430))
31258;POLYGON((390629 568513,444122 568182,444026 484762,389699 485094,390629 568513))
31259;POLYGON((476726 575213,530201 572727,526763 489327,472451 491825,476726 575213))
31284;POLYGON((304562 5570430,358046 5572253,361292 5488851,306972 5487019,304562 5570430))
31285;POLYGON((390629 5568513,444122 5568182,444026 5484762,389699 5485094,390629 5568513))
31286;POLYGON((476726 5575213,530201 5572727,526763 5489327,472451 5491825,476726 5575213))
31287;POLYGON((340581 706215,394117 705897,394025 622432,339683 622754,340581 706215))
25833;POLYGON((321773 5569417,375237 5567892,373289 5484512,318989 5486044,321773 5569417))
25832;POLYGON((749503 5572289,802952 5575073,807688 5491725,753401 5488929,749503 5572289))
