4326;POLYGON((12.0 49.75,12.75 49.75,12.75 49.0,12.0 49.0,12.0 49.75))
31254;POLYGON((120141 513903,174186 515371,176855 431969,121980 430494,120141 513903))
31255;POLYGON((-96024 513421,-41975 512729,-42622 429316,-97500 430011,-96024 513421))
31256;POLYGON((-312147 521584,-258118 518729,-262084 435340,-316945 438207,-312147 521584))
31257;POLYGON((270141 513903,324186 515371,326855 431969,271980 430494,270141 513903))
31258;POLYGON((353975 513421,408024 512729,407377 429316,352499 430011,353975 513421))
31259;POLYGON((437852 521584,491881 518729,487915 435340,433054 438207,437852 521584))
31284;POLYGON((270141 5513903,324186 5515371,326855 5431969,271980 5430494,270141 5513903))
31285;POLYGON((353975 5513421,408024 5512729,407377 5429316,352499 5430011,353975 5513421))
31286;POLYGON((437852 5521584,491881 5518729,487915 5435340,433054 5438207,437852 5521584))
31287;POLYGON((303937 651072,358006 650403,357377 566975,302502 567654,303937 651072))
25833;POLYGON((283902 5515154,337921 5513264,335435 5429895,280586 5431792,283902 5515154))
25832;POLYGON((716097 5515154,770110 5517586,774257 5434233,719413 5431792,716097 5515154))
