4326;POLYGON((12.0 47.75,12.75 47.75,12.75 47.0,12.0 47.0,12.0 47.75))
31254;POLYGON((124999 291503,181235 292985,183821 209606,126781 208121,124999 291503))
31255;POLYGON((-99924 291017,-43685 290318,-44313 206934,-101354 207634,-99924 291017))
31256;POLYGON((-324821 299256,-268594 296374,-272439 213003,-329472 215891,-324821 299256))
31257;POLYGON((274999 291503,331235 292985,333821 209606,276781 208121,274999 291503))
31258;POLYGON((350075 291017,406314 290318,405686 206934,348645 207634,350075 291017))
31259;POLYGON((425178 299256,481405 296374,477560 213003,420527 215891,425178 299256))
31284;POLYGON((274999 5291503,331235 5292985,333821 5209606,276781 5208121,274999 5291503))
31285;POLYGON((350075 5291017,406314 5290318,405686 5206934,348645 5207634,350075 5291017))
31286;POLYGON((425178 5299256,481405 5296374,477560 5213003,420527 5215891,425178 5299256))
31287;POLYGON((300113 428705,356329 428009,355700 344655,298680 345360,300113 428705))
25833;POLYGON((275144 5292873,331354 5290966,328945 5207621,271930 5209532,275144 5292873))
25832;POLYGON((724855 5292873,781062 5295327,785081 5211991,728069 5209532,724855 5292873))
