4326;POLYGON((11.75 49.25,12.5 49.25,12.5 48.5,11.75 48.5,11.75 49.25))
31254;POLYGON((103169 457926,157770 459218,160143 375819,104720 374523,103169 457926))
31255;POLYGON((-115211 458164,-60608 457290,-61525 373885,-116950 374762,-115211 458164))
31256;POLYGON((-333545 467074,-278963 464030,-283174 380649,-338582 383704,-333545 467074))
31257;POLYGON((253169 457926,307770 459218,310143 375819,254720 374523,253169 457926))
31258;POLYGON((334788 458164,389391 457290,388474 373885,333049 374762,334788 458164))
31259;POLYGON((416454 467074,471036 464030,466825 380649,411417 383704,416454 467074))
31284;POLYGON((253169 5457926,307770 5459218,310143 5375819,254720 5374523,253169 5457926))
31285;POLYGON((334788 5458164,389391 5457290,388474 5373885,333049 5374762,334788 5458164))
31286;POLYGON((416454 5467074,471036 5464030,466825 5380649,411417 5383704,416454 5467074))
31287;POLYGON((284780 595797,339384 594946,338487 511548,283078 512412,284780 595797))
25833;POLYGON((263497 5460331,318069 5458255,315327 5374893,259932 5376977,263497 5460331))
25832;POLYGON((700122 5458887,754691 5461144,758531 5377793,703138 5375528,700122 5458887))
