4326;POLYGON((12.25 47.75,13.0 47.75,13.0 47.0,12.25 47.0,12.25 47.75))
31254;POLYGON((143744 291936,199979 293600,202834 210223,145794 208555,143744 291936))
31255;POLYGON((-81177 290723,-24938 290207,-25298 206822,-82341 207340,-81177 290723))
31256;POLYGON((-306079 298234,-249851 295535,-253427 212162,-310461 214868,-306079 298234))
31257;POLYGON((293744 291936,349979 293600,352834 210223,295794 208555,293744 291936))
31258;POLYGON((368822 290723,425061 290207,424701 206822,367658 207340,368822 290723))
31259;POLYGON((443920 298234,500148 295535,496572 212162,439538 214868,443920 298234))
31284;POLYGON((293744 5291936,349979 5293600,352834 5210223,295794 5208555,293744 5291936))
31285;POLYGON((368822 5290723,425061 5290207,424701 5206822,367658 5207340,368822 5290723))
31286;POLYGON((443920 5298234,500148 5295535,496572 5212162,439538 5214868,443920 5298234))
31287;POLYGON((318851 428413,375069 427898,374708 344542,317686 345064,318851 428413))
25833;POLYGON((293880 5292177,350092 5290451,347950 5207105,290935 5208834,293880 5292177))
25832;POLYGON((743591 5293630,799797 5296266,804085 5212933,747074 5210291,743591 5293630))
