4326;POLYGON((12.5 49.25,13.25 49.25,13.25 48.5,12.5 48.5,12.5 49.25))
31254;POLYGON((157770 459218,212366 461052,215563 377660,160143 375819,157770 459218))
31255;POLYGON((-60608 457290,-6004 456957,-6099 373551,-61525 373885,-60608 457290))
31256;POLYGON((-278963 464030,-224373 461528,-227760 378138,-283174 380649,-278963 464030))
31257;POLYGON((307770 459218,362366 461052,365563 377660,310143 375819,307770 459218))
31258;POLYGON((389391 457290,443995 456957,443900 373551,388474 373885,389391 457290))
31259;POLYGON((471036 464030,525626 461528,522239 378138,466825 380649,471036 464030))
31284;POLYGON((307770 5459218,362366 5461052,365563 5377660,310143 5375819,307770 5459218))
31285;POLYGON((389391 5457290,443995 5456957,443900 5373551,388474 5373885,389391 5457290))
31286;POLYGON((471036 5464030,525626 5461528,522239 5378138,466825 5380649,471036 5464030))
31287;POLYGON((339384 594946,393994 594622,393901 511220,338487 511548,339384 594946))
25833;POLYGON((318069 5458255,372645 5456721,370726 5373354,315327 5374893,318069 5458255))
25832;POLYGON((754691 5461144,809255 5463944,813920 5380603,758531 5377793,754691 5461144))
