4326;POLYGON((12.0 48.75,12.75 48.75,12.75 48.0,12.0 48.0,12.0 48.75))
31254;POLYGON((122589 402694,177738 404170,180366 320780,124400 319299,122589 402694))
31255;POLYGON((-97989 402209,-42836 401514,-43474 318115,-99443 318813,-97989 402209))
31256;POLYGON((-318532 410416,-263396 407545,-267302 324166,-323258 327045,-318532 410416))
31257;POLYGON((272589 402694,327738 404170,330366 320780,274400 319299,272589 402694))
31258;POLYGON((352010 402209,407163 401514,406525 318115,350556 318813,352010 402209))
31259;POLYGON((431467 410416,486603 407545,482697 324166,426741 327045,431467 410416))
31284;POLYGON((272589 5402694,327738 5404170,330366 5320780,274400 5319299,272589 5402694))
31285;POLYGON((352010 5402209,407163 5401514,406525 5318115,350556 5318813,352010 5402209))
31286;POLYGON((431467 5410416,486603 5407545,482697 5324166,426741 5327045,431467 5410416))
31287;POLYGON((302024 539857,357167 539175,356539 455797,300591 456489,302024 539857))
25833;POLYGON((279489 5404007,334612 5402107,332164 5318749,276224 5320655,279489 5404007))
25832;POLYGON((720510 5404007,775629 5406451,779712 5323107,723775 5320655,720510 5404007))
