4326;POLYGON((11.75 46.25,12.5 46.25,12.5 45.5,11.75 45.5,11.75 46.25))
31254;POLYGON((109263 124375,167098 125680,169359 42319,110740 41014,109263 124375))
31255;POLYGON((-122046 124617,-64211 123734,-65084 40372,-123703 41256,-122046 124617))
31256;POLYGON((-353342 133618,-295513 130542,-299525 47185,-358142 50264,-353342 133618))
31257;POLYGON((259263 124375,317098 125680,319359 42319,260740 41014,259263 124375))
31258;POLYGON((327953 124617,385788 123734,384915 40372,326296 41256,327953 124617))
31259;POLYGON((396657 133618,454486 130542,450474 47185,391857 50264,396657 133618))
31284;POLYGON((259263 5124375,317098 5125680,319359 5042319,260740 5041014,259263 5124375))
31285;POLYGON((327953 5124617,385788 5123734,384915 5040372,326296 5041256,327953 5124617))
31286;POLYGON((396657 5133618,454486 5130542,450474 5047185,391857 5050264,396657 5133618))
31287;POLYGON((277973 262380,335796 261478,334899 178115,276272 179029,277973 262380))
25833;POLYGON((249486 5126959,307295 5124862,304683 5041536,246090 5043635,249486 5126959))
25832;POLYGON((711974 5125500,769782 5127780,773441 5044457,714847 5042175,711974 5125500))
