4326;POLYGON((11.75 49.5,12.5 49.5,12.5 48.75,11.75 48.75,11.75 49.5))
31254;POLYGON((102648 485729,156972 487019,159355 403618,104205 402322,102648 485729))
31255;POLYGON((-114626 485967,-60300 485094,-61221 401685,-116372 402562,-114626 485967))
31256;POLYGON((-331853 494865,-277548 491825,-281776 408442,-336910 411494,-331853 494865))
31257;POLYGON((252648 485729,306972 487019,309355 403618,254205 402322,252648 485729))
31258;POLYGON((335373 485967,389699 485094,388778 401685,333627 402562,335373 485967))
31259;POLYGON((418146 494865,472451 491825,468223 408442,413089 411494,418146 494865))
31284;POLYGON((252648 5485729,306972 5487019,309355 5403618,254205 5402322,252648 5485729))
31285;POLYGON((335373 5485967,389699 5485094,388778 5401685,333627 5402562,335373 5485967))
31286;POLYGON((418146 5494865,472451 5491825,468223 5408442,413089 5411494,418146 5494865))
31287;POLYGON((285347 623601,339683 622754,338786 539344,283645 540203,285347 623601))
25833;POLYGON((264695 5488118,318989 5486044,316237 5402680,261115 5404761,264695 5488118))
25832;POLYGON((699108 5486675,753401 5488929,757256 5405576,702136 5403313,699108 5486675))
