4326;POLYGON((12.0 47.25,12.75 47.25,12.75 46.5,12.0 46.5,12.0 47.25))
31254;POLYGON((126189 235914,182962 237398,185528 154026,127957 152539,126189 235914))
31255;POLYGON((-100879 235427,-44104 234728,-44727 151351,-102299 152052,-100879 235427))
31256;POLYGON((-327927 243679,-271162 240792,-274976 157426,-332541 160318,-327927 243679))
31257;POLYGON((276189 235914,332962 237398,335528 154026,277957 152539,276189 235914))
31258;POLYGON((349120 235427,405895 234728,405272 151351,347700 152052,349120 235427))
31259;POLYGON((422072 243679,478837 240792,475023 157426,417458 160318,422072 243679))
31284;POLYGON((276189 5235914,332962 5237398,335528 5154026,277957 5152539,276189 5235914))
31285;POLYGON((349120 5235427,405895 5234728,405272 5151351,347700 5152052,349120 5235427))
31286;POLYGON((422072 5243679,478837 5240792,475023 5157426,417458 5160318,422072 5243679))
31287;POLYGON((299157 373141,355910 372439,355281 289087,297724 289799,299157 373141))
25833;POLYGON((272997 5237312,329745 5235401,327355 5152062,269809 5153976,272997 5237312))
25832;POLYGON((727002 5237312,783747 5239769,787734 5156438,730190 5153976,727002 5237312))
