4326;POLYGON((12.0 47.0,12.75 47.0,12.75 46.25,12.0 46.25,12.0 47.0))
31254;POLYGON((126781 208121,183821 209606,186376 126237,128541 124749,126781 208121))
31255;POLYGON((-101354 207634,-44313 206934,-44932 123561,-102768 124262,-101354 207634))
31256;POLYGON((-329472 215891,-272439 213003,-276236 129639,-334066 132532,-329472 215891))
31257;POLYGON((276781 208121,333821 209606,336376 126237,278541 124749,276781 208121))
31258;POLYGON((348645 207634,405686 206934,405067 123561,347231 124262,348645 207634))
31259;POLYGON((420527 215891,477560 213003,473763 129639,415933 132532,420527 215891))
31284;POLYGON((276781 5208121,333821 5209606,336376 5126237,278541 5124749,276781 5208121))
31285;POLYGON((348645 5207634,405686 5206934,405067 5123561,347231 5124262,348645 5207634))
31286;POLYGON((420527 5215891,477560 5213003,473763 5129639,415933 5132532,420527 5215891))
31287;POLYGON((298680 345360,355700 344655,355072 261302,297246 262017,298680 345360))
25833;POLYGON((271930 5209532,328945 5207621,326565 5124285,268755 5126199,271930 5209532))
25832;POLYGON((728069 5209532,785081 5211991,789051 5128662,731244 5126199,728069 5209532))
