4326;POLYGON((12.25 48.5,13.0 48.5,13.0 47.75,12.25 47.75,12.25 48.5))
31254;POLYGON((141669 375327,197091 376986,199979 293600,143744 291936,141669 375327))
31255;POLYGON((-80000 374117,-24574 373602,-24938 290207,-81177 290723,-80000 374117))
31256;POLYGON((-301644 381606,-246232 378915,-249851 295535,-306079 298234,-301644 381606))
31257;POLYGON((291669 375327,347091 376986,349979 293600,293744 291936,291669 375327))
31258;POLYGON((369999 374117,425425 373602,425061 290207,368822 290723,369999 374117))
31259;POLYGON((448355 381606,503767 378915,500148 295535,443920 298234,448355 381606))
31284;POLYGON((291669 5375327,347091 5376986,349979 5293600,293744 5291936,291669 5375327))
31285;POLYGON((369999 5374117,425425 5373602,425061 5290207,368822 5290723,369999 5374117))
31286;POLYGON((448355 5381606,503767 5378915,500148 5295535,443920 5298234,448355 5381606))
31287;POLYGON((320016 511777,375429 511270,375069 427898,318851 428413,320016 511777))
25833;POLYGON((296861 5375528,352259 5373807,350092 5290451,293880 5292177,296861 5375528))
25832;POLYGON((740067 5376977,795458 5379605,799797 5296266,743591 5293630,740067 5376977))
