4326;POLYGON((11.75 49.0,12.5 49.0,12.5 48.25,11.75 48.25,11.75 49.0))
31254;POLYGON((103688 430123,158564 431417,160929 348022,105233 346724,103688 430123))
31255;POLYGON((-115793 430363,-60915 429487,-61828 346086,-117525 346964,-115793 430363))
31256;POLYGON((-335230 439284,-280372 436235,-284567 352856,-340249 355915,-335230 439284))
31257;POLYGON((253688 430123,308564 431417,310929 348022,255233 346724,253688 430123))
31258;POLYGON((334206 430363,389084 429487,388171 346086,332474 346964,334206 430363))
31259;POLYGON((414769 439284,469627 436235,465432 352856,409750 355915,414769 439284))
31284;POLYGON((253688 5430123,308564 5431417,310929 5348022,255233 5346724,253688 5430123))
31285;POLYGON((334206 5430363,389084 5429487,388171 5346086,332474 5346964,334206 5430363))
31286;POLYGON((414769 5439284,469627 5436235,465432 5352856,409750 5355915,414769 5439284))
31287;POLYGON((284212 567998,339085 567143,338188 483757,282510 484624,284212 567998))
25833;POLYGON((262304 5432546,317151 5430467,314420 5347108,258752 5349194,262304 5432546))
25832;POLYGON((701131 5431099,755976 5433359,759802 5350010,704135 5347743,701131 5431099))
