4326;POLYGON((11.75 46.75,12.5 46.75,12.5 46.0,11.75 46.0,11.75 46.75))
31254;POLYGON((108268 179956,165574 181259,167854 97892,109757 96587,108268 179956))
31255;POLYGON((-120930 180197,-63623 179315,-64503 95945,-122601 96829,-120930 180197))
31256;POLYGON((-350108 189190,-292810 186117,-296856 102756,-354949 105833,-350108 189190))
31257;POLYGON((258268 179956,315574 181259,317854 97892,259757 96587,258268 179956))
31258;POLYGON((329069 180197,386376 179315,385496 95945,327398 96829,329069 180197))
31259;POLYGON((399891 189190,457189 186117,453143 102756,395050 105833,399891 189190))
31284;POLYGON((258268 5179956,315574 5181259,317854 5097892,259757 5096587,258268 5179956))
31285;POLYGON((329069 5180197,386376 5179315,385496 5095945,327398 5096829,329069 5180197))
31286;POLYGON((399891 5189190,457189 5186117,453143 5102756,395050 5105833,399891 5189190))
31287;POLYGON((279107 317939,336394 317046,335497 233693,277406 234598,279107 317939))
25833;POLYGON((251774 5182513,309054 5180418,306421 5097086,248349 5099184,251774 5182513))
25832;POLYGON((710038 5181055,767318 5183333,771007 5100005,712936 5097724,710038 5181055))
