4326;POLYGON((11.75 50.0,12.5 50.0,12.5 49.25,11.75 49.25,11.75 50.0))
31254;POLYGON((101601 541339,155368 542625,157770 459218,103169 457926,101601 541339))
31255;POLYGON((-113451 541576,-59681 540706,-60608 457290,-115211 458164,-113451 541576))
31256;POLYGON((-328450 550448,-274703 547416,-278963 464030,-333545 467074,-328450 550448))
31257;POLYGON((251601 541339,305368 542625,307770 459218,253169 457926,251601 541339))
31258;POLYGON((336548 541576,390318 540706,389391 457290,334788 458164,336548 541576))
31259;POLYGON((421549 550448,475296 547416,471036 464030,416454 467074,421549 550448))
31284;POLYGON((251601 5541339,305368 5542625,307770 5459218,253169 5457926,251601 5541339))
31285;POLYGON((336548 5541576,390318 5540706,389391 5457290,334788 5458164,336548 5541576))
31286;POLYGON((421549 5550448,475296 5547416,471036 5464030,416454 5467074,421549 5550448))
31287;POLYGON((286483 679227,340282 678388,339384 594946,284780 595797,286483 679227))
25833;POLYGON((267103 5543693,320842 5541625,318069 5458255,263497 5460331,267103 5543693))
25832;POLYGON((697071 5542254,750807 5544502,754691 5461144,700122 5458887,697071 5542254))
