4326;POLYGON((12.5 49.75,13.25 49.75,13.25 49.0,12.5 49.0,12.5 49.75))
31254;POLYGON((156172 514822,210214 516651,213436 433253,158564 431417,156172 514822))
31255;POLYGON((-59991 512899,-5941 512567,-6036 429154,-60915 429487,-59991 512899))
31256;POLYGON((-276128 519620,-222094 517126,-225506 433731,-280372 436235,-276128 519620))
31257;POLYGON((306172 514822,360214 516651,363436 433253,308564 431417,306172 514822))
31258;POLYGON((390008 512899,444058 512567,443963 429154,389084 429487,390008 512899))
31259;POLYGON((473871 519620,527905 517126,524493 433731,469627 436235,473871 519620))
31284;POLYGON((306172 5514822,360214 5516651,363436 5433253,308564 5431417,306172 5514822))
31285;POLYGON((390008 5512899,444058 5512567,443963 5429154,389084 5429487,390008 5512899))
31286;POLYGON((473871 5519620,527905 5517126,524493 5433731,469627 5436235,473871 5519620))
31287;POLYGON((339983 650568,394055 650247,393963 566817,339085 567143,339983 650568))
25833;POLYGON((319914 5513834,373936 5512304,372003 5428931,317151 5430467,319914 5513834))
25832;POLYGON((752107 5516715,806115 5519507,810816 5436163,755976 5433359,752107 5516715))
