4326;POLYGON((12.5 49.0,13.25 49.0,13.25 48.25,12.5 48.25,12.5 49.0))
31254;POLYGON((158564 431417,213436 433253,216621 349864,160929 348022,158564 431417))
31255;POLYGON((-60915 429487,-6036 429154,-6130 345751,-61828 346086,-60915 429487))
31256;POLYGON((-280372 436235,-225506 433731,-228880 350344,-284567 352856,-280372 436235))
31257;POLYGON((308564 431417,363436 433253,366621 349864,310929 348022,308564 431417))
31258;POLYGON((389084 429487,443963 429154,443869 345751,388171 346086,389084 429487))
31259;POLYGON((469627 436235,524493 433731,521119 350344,465432 352856,469627 436235))
31284;POLYGON((308564 5431417,363436 5433253,366621 5349864,310929 5348022,308564 5431417))
31285;POLYGON((389084 5429487,443963 5429154,443869 5345751,388171 5346086,389084 5429487))
31286;POLYGON((469627 5436235,524493 5433731,521119 5350344,465432 5352856,469627 5436235))
31287;POLYGON((339085 567143,393963 566817,393871 483426,338188 483757,339085 567143))
25833;POLYGON((317151 5430467,372003 5428931,370092 5345567,314420 5347108,317151 5430467))
25832;POLYGON((755976 5433359,810816 5436163,815463 5352823,759802 5350010,755976 5433359))
