4326;POLYGON((12.0 47.5,12.75 47.5,12.75 46.75,12.0 46.75,12.0 47.5))
31254;POLYGON((125595 263708,182100 265191,184676 181815,127370 180329,125595 263708))
31255;POLYGON((-100402 263221,-43895 262522,-44520 179142,-101828 179842,-100402 263221))
31256;POLYGON((-326377 271467,-269881 268583,-273710 185214,-331009 188104,-326377 271467))
31257;POLYGON((275595 263708,332100 265191,334676 181815,277370 180329,275595 263708))
31258;POLYGON((349597 263221,406104 262522,405479 179142,348171 179842,349597 263221))
31259;POLYGON((423622 271467,480118 268583,476289 185214,418990 188104,423622 271467))
31284;POLYGON((275595 5263708,332100 5265191,334676 5181815,277370 5180329,275595 5263708))
31285;POLYGON((349597 5263221,406104 5262522,405479 5179142,348171 5179842,349597 5263221))
31286;POLYGON((423622 5271467,480118 5268583,476289 5185214,418990 5188104,423622 5271467))
31287;POLYGON((299635 400922,356119 400224,355491 316871,298202 317580,299635 400922))
25833;POLYGON((274068 5265092,330548 5263183,328148 5179841,270867 5181754,274068 5265092))
25832;POLYGON((725931 5265092,782407 5267548,786410 5184214,729132 5181754,725931 5265092))
