4326;POLYGON((12.0 49.0,12.75 49.0,12.75 48.25,12.0 48.25,12.0 49.0))
31254;POLYGON((121980 430494,176855 431969,179493 348575,123798 347096,121980 430494))
31255;POLYGON((-97500 430011,-42622 429316,-43262 345914,-98960 346611,-97500 430011))
31256;POLYGON((-316945 438207,-262084 435340,-266005 351958,-321689 354835,-316945 438207))
31257;POLYGON((271980 430494,326855 431969,329493 348575,273798 347096,271980 430494))
31258;POLYGON((352499 430011,407377 429316,406737 345914,351039 346611,352499 430011))
31259;POLYGON((433054 438207,487915 435340,483994 351958,428310 354835,433054 438207))
31284;POLYGON((271980 5430494,326855 5431969,329493 5348575,273798 5347096,271980 5430494))
31285;POLYGON((352499 5430011,407377 5429316,406737 5345914,351039 5346611,352499 5430011))
31286;POLYGON((433054 5438207,487915 5435340,483994 5351958,428310 5354835,433054 5438207))
31287;POLYGON((302502 567654,357377 566975,356748 483587,301068 484276,302502 567654))
25833;POLYGON((280586 5431792,335435 5429895,332977 5346534,277308 5348438,280586 5431792))
25832;POLYGON((719413 5431792,774257 5434233,778356 5350887,722691 5348438,719413 5431792))
