4326;POLYGON((13.25 46.25,14.0 46.25,14.0 45.5,13.25 45.5,13.25 46.25))
31254;POLYGON((224931 127533,282763 129933,286594 46576,227977 44173,224931 127533))
31255;POLYGON((-6375 123398,51460 123608,52153 40246,-6465 40035,-6375 123398))
31256;POLYGON((-237682 128015,-179849 126037,-182290 42677,-240908 44657,-237682 128015))
31257;POLYGON((374931 127533,432763 129933,436594 46576,377977 44173,374931 127533))
31258;POLYGON((443624 123398,501460 123608,502153 40246,443534 40035,443624 123398))
31259;POLYGON((512317 128015,570150 126037,567709 42677,509091 44657,512317 128015))
31284;POLYGON((374931 5127533,432763 5129933,436594 5046576,377977 5044173,374931 5127533))
31285;POLYGON((443624 5123398,501460 5123608,502153 5040246,443534 5040035,443624 5123398))
31286;POLYGON((512317 5128015,570150 5126037,567709 5042677,509091 5044657,512317 5128015))
31287;POLYGON((393624 261135,451454 261350,452166 177985,393532 177767,393624 261135))
25833;POLYGON((365105 5123313,422917 5122310,421873 5038982,363278 5039985,365105 5123313))
25832;POLYGON((827589 5130609,885393 5133987,890625 5050668,832033 5047287,827589 5130609))
