4326;POLYGON((13.5 48.0,14.25 48.0,14.25 47.25,13.5 47.25,13.5 48.0))
31254;POLYGON((236328 322806,292287 325377,296501 242007,239733 239429,236328 322806))
31255;POLYGON((12494 317962,68464 318353,69446 234966,12671 234574,12494 317962))
31256;POLYGON((-211342 321832,-155378 320045,-157622 236662,-214393 238454,-211342 321832))
31257;POLYGON((386328 322806,442287 325377,446501 242007,389733 239429,386328 322806))
31258;POLYGON((462494 317962,518464 318353,519446 234966,462671 234574,462494 317962))
31259;POLYGON((538657 321832,594621 320045,592377 236662,535606 238454,538657 321832))
31284;POLYGON((386328 5322806,442287 5325377,446501 5242007,389733 5239429,386328 5322806))
31285;POLYGON((462494 5317962,518464 5318353,519446 5234966,462671 5234574,462494 5317962))
31286;POLYGON((538657 5321832,594621 5320045,592377 5236662,535606 5238454,538657 5321832))
31287;POLYGON((412491 455645,468442 456033,469422 372678,412667 372285,412491 455645))
25833;POLYGON((388108 5317388,444053 5316572,443247 5233219,386495 5234037,388108 5317388))
25832;POLYGON((835643 5326105,891569 5329649,897225 5246328,840488 5242774,835643 5326105))
