4326;POLYGON((13.25 48.5,14.0 48.5,14.0 47.75,13.25 47.75,13.25 48.5))
31254;POLYGON((215563 377660,270979 380045,274954 296668,218724 294276,215563 377660))
31255;POLYGON((-6099 373551,49327 373760,50046 290365,-6192 290156,-6099 373551))
31256;POLYGON((-227760 378138,-172341 376173,-174874 292785,-231107 294756,-227760 378138))
31257;POLYGON((365563 377660,420979 380045,424954 296668,368724 294276,365563 377660))
31258;POLYGON((443900 373551,499327 373760,500046 290365,443807 290156,443900 373551))
31259;POLYGON((522239 378138,577658 376173,575125 292785,518892 294756,522239 378138))
31284;POLYGON((365563 5377660,420979 5380045,424954 5296668,368724 5294276,365563 5377660))
31285;POLYGON((443900 5373551,499327 5373760,500046 5290365,443807 5290156,443900 5373551))
31286;POLYGON((522239 5378138,577658 5376173,575125 5292785,518892 5294756,522239 5378138))
31287;POLYGON((393901 511220,449317 511426,450029 428056,393809 427847,393901 511220))
25833;POLYGON((370726 5373354,426128 5372358,425045 5288998,368830 5289997,370726 5373354))
25832;POLYGON((813920 5380603,869302 5383958,874730 5300632,818531 5297266,813920 5380603))
