4326;POLYGON((13.25 47.5,14.0 47.5,14.0 46.75,13.25 46.75,13.25 47.5))
31254;POLYGON((219769 266483,276269 268877,280181 185509,222879 183110,219769 266483))
31255;POLYGON((-6223 262359,50284 262570,50992 179189,-6315 178979,-6223 262359))
31256;POLYGON((-232214 266964,-175712 264991,-178204 181616,-235508 183592,-232214 266964))
31257;POLYGON((369769 266483,426269 268877,430181 185509,372879 183110,369769 266483))
31258;POLYGON((443776 262359,500284 262570,500992 179189,443684 178979,443776 262359))
31259;POLYGON((517785 266964,574287 264991,571795 181616,514491 183592,517785 266964))
31284;POLYGON((369769 5266483,426269 5268877,430181 5185509,372879 5183110,369769 5266483))
31285;POLYGON((443776 5262359,500284 5262570,500992 5179189,443684 5178979,443776 5262359))
31286;POLYGON((517785 5266964,574287 5264991,571795 5181616,514491 5183592,517785 5266964))
31287;POLYGON((393778 400061,450267 400271,450979 316919,393686 316706,393778 400061))
25833;POLYGON((368203 5262213,424686 5261214,423620 5177868,366337 5178870,368203 5262213))
25832;POLYGON((820056 5269489,876525 5272857,881867 5189534,824594 5186159,820056 5269489))
