4326;POLYGON((13.25 48.25,14.0 48.25,14.0 47.5,13.25 47.5,13.25 48.25))
31254;POLYGON((216621 349864,272309 352252,276269 268877,219769 266483,216621 349864))
31255;POLYGON((-6130 345751,49568 345961,50284 262570,-6223 262359,-6130 345751))
31256;POLYGON((-228880 350344,-173189 348376,-175712 264991,-232214 266964,-228880 350344))
31257;POLYGON((366621 349864,422309 352252,426269 268877,369769 266483,366621 349864))
31258;POLYGON((443869 345751,499568 345961,500284 262570,443776 262359,443869 345751))
31259;POLYGON((521119 350344,576810 348376,574287 264991,517785 266964,521119 350344))
31284;POLYGON((366621 5349864,422309 5352252,426269 5268877,369769 5266483,366621 5349864))
31285;POLYGON((443869 5345751,499568 5345961,500284 5262570,443776 5262359,443869 5345751))
31286;POLYGON((521119 5350344,576810 5348376,574287 5264991,517785 5266964,521119 5350344))
31287;POLYGON((393871 483426,449554 483633,450267 400271,393778 400061,393871 483426))
25833;POLYGON((370092 5345567,425766 5344570,424686 5261214,368203 5262213,370092 5345567))
25832;POLYGON((815463 5352823,871118 5356182,876525 5272857,820056 5269489,815463 5352823))
