4326;POLYGON((13.5 47.75,14.25 47.75,14.25 47.0,13.5 47.0,13.5 47.75))
31254;POLYGON((237468 295012,293697 297587,297894 214218,240859 211638,237468 295012))
31255;POLYGON((12553 290165,68793 290557,69771 207173,12729 206781,12553 290165))
31256;POLYGON((-212363 294039,-156129 292249,-158364 208870,-215402 210663,-212363 294039))
31257;POLYGON((387468 295012,443697 297587,447894 214218,390859 211638,387468 295012))
31258;POLYGON((462553 290165,518793 290557,519771 207173,462729 206781,462553 290165))
31259;POLYGON((537636 294039,593870 292249,591635 208870,534597 210663,537636 294039))
31284;POLYGON((387468 5295012,443697 5297587,447894 5214218,390859 5211638,387468 5295012))
31285;POLYGON((462553 5290165,518793 5290557,519771 5207173,462729 5206781,462553 5290165))
31286;POLYGON((537636 5294039,593870 5292249,591635 5208870,534597 5210663,537636 5294039))
31287;POLYGON((412549 427857,468768 428247,469749 344896,412725 344500,412549 427857))
25833;POLYGON((387568 5289603,443783 5288786,442980 5205437,385962 5206255,387568 5289603))
25832;POLYGON((837265 5298327,893461 5301875,899095 5218554,842090 5214998,837265 5298327))
