4326;POLYGON((13.0 49.0,13.75 49.0,13.75 48.25,13.0 48.25,13.0 49.0))
31254;POLYGON((195146 432581,250014 434779,253747 351395,198057 349189,195146 432581))
31255;POLYGON((-24329 429205,30549 429233,31001 345830,-24696 345802,-24329 429205))
31256;POLYGON((-243796 434505,-188927 432363,-191753 348971,-247443 351120,-243796 434505))
31257;POLYGON((345146 432581,400014 434779,403747 351395,348057 349189,345146 432581))
31258;POLYGON((425670 429205,480549 429233,481001 345830,425303 345802,425670 429205))
31259;POLYGON((506203 434505,561072 432363,558246 348971,502556 351120,506203 434505))
31284;POLYGON((345146 5432581,400014 5434779,403747 5351395,348057 5349189,345146 5432581))
31285;POLYGON((425670 5429205,480549 5429233,481001 5345830,425303 5345802,425670 5429205))
31286;POLYGON((506203 5434505,561072 5432363,558246 5348971,502556 5351120,506203 5434505))
31287;POLYGON((375670 566867,430549 566894,430993 483505,375309 483477,375670 566867))
25833;POLYGON((353719 5429382,408572 5428208,407207 5344842,351534 5346020,353719 5429382))
25832;POLYGON((792537 5435168,847371 5438334,852567 5355002,796910 5351825,792537 5435168))
