4326;POLYGON((13.5 46.75,14.25 46.75,14.25 46.0,13.5 46.0,13.5 46.75))
31254;POLYGON((241980 183849,299282 186430,303410 103069,245316 100485,241980 183849))
31255;POLYGON((12787 178988,70095 179381,71058 96011,12960 95618,12787 178988))
31256;POLYGON((-216407 182873,-159102 181078,-161301 97711,-219397 99508,-216407 182873))
31257;POLYGON((391980 183849,449282 186430,453410 103069,395316 100485,391980 183849))
31258;POLYGON((462787 178988,520095 179381,521058 96011,462960 95618,462787 178988))
31259;POLYGON((533592 182873,590897 181078,588698 97711,530602 99508,533592 182873))
31284;POLYGON((391980 5183849,449282 5186430,453410 5103069,395316 5100485,391980 5183849))
31285;POLYGON((462787 5178988,520095 5179381,521058 5096011,462960 5095618,462787 5178988))
31286;POLYGON((533592 5182873,590897 5181078,588698 5097711,530602 5099508,533592 5182873))
31287;POLYGON((412784 316716,470076 317113,471056 233761,412960 233358,412784 316716))
25833;POLYGON((385431 5178475,442715 5177656,441925 5094320,383851 5095141,385431 5178475))
25832;POLYGON((843686 5187223,900958 5190781,906499 5107462,848433 5103900,843686 5187223))
