4326;POLYGON((13.0 50.25,13.75 50.25,13.75 49.5,13.0 49.5,13.0 50.25))
31254;POLYGON((190218 571586,243698 573769,247502 490373,193186 488180,190218 571586))
31255;POLYGON((-23708 568233,29784 568261,30245 484840,-24082 484812,-23708 568233))
31256;POLYGON((-237624 573496,-184144 571369,-187024 487963,-241341 490099,-237624 573496))
31257;POLYGON((340218 571586,393698 573769,397502 490373,343186 488180,340218 571586))
31258;POLYGON((426291 568233,479784 568261,480245 484840,425917 484812,426291 568233))
31259;POLYGON((512375 573496,565855 571369,562975 487963,508658 490099,512375 573496))
31284;POLYGON((340218 5571586,393698 5573769,397502 5490373,343186 5488180,340218 5571586))
31285;POLYGON((426291 5568233,479784 5568261,480245 5484840,425917 5484812,426291 5568233))
31286;POLYGON((512375 5573496,565855 5571369,562975 5487963,508658 5490099,512375 5573496))
31287;POLYGON((376272 705945,429808 705972,430253 622508,375911 622481,376272 705945))
25833;POLYGON((357415 5568341,410882 5567174,409491 5483791,355189 5484963,357415 5568341))
25832;POLYGON((785136 5574085,838579 5577229,843874 5493891,789593 5490733,785136 5574085))
