4326;POLYGON((13.5 48.5,14.25 48.5,14.25 47.75,13.5 47.75,13.5 48.5))
31254;POLYGON((234036 378394,289450 380961,293697 297587,237468 295012,234036 378394))
31255;POLYGON((12376 373560,67802 373951,68793 290557,12553 290165,12376 373560))
31256;POLYGON((-209287 377423,-153867 375639,-156129 292249,-212363 294039,-209287 377423))
31257;POLYGON((384036 378394,439450 380961,443697 297587,387468 295012,384036 378394))
31258;POLYGON((462376 373560,517802 373951,518793 290557,462553 290165,462376 373560))
31259;POLYGON((540712 377423,596132 375639,593870 292249,537636 294039,540712 377423))
31284;POLYGON((384036 5378394,439450 5380961,443697 5297587,387468 5295012,384036 5378394))
31285;POLYGON((462376 5373560,517802 5373951,518793 5290557,462553 5290165,462376 5373560))
31286;POLYGON((540712 5377423,596132 5375639,593870 5292249,537636 5294039,540712 5377423))
31287;POLYGON((412373 511229,467788 511613,468768 428247,412549 427857,412373 511229))
25833;POLYGON((389193 5372962,444596 5372147,443783 5288786,387568 5289603,389193 5372962))
25832;POLYGON((832381 5381660,887761 5385198,893461 5301875,837265 5298327,832381 5381660))
