4326;POLYGON((13.5 49.0,14.25 49.0,14.25 48.25,13.5 48.25,13.5 49.0))
31254;POLYGON((231725 433986,286590 436547,290871 353169,235184 350599,231725 433986))
31255;POLYGON((12256 429163,67135 429553,68134 346152,12435 345761,12256 429163))
31256;POLYGON((-207217 433017,-152345 431237,-154624 347841,-210317 349627,-207217 433017))
31257;POLYGON((381725 433986,436590 436547,440871 353169,385184 350599,381725 433986))
31258;POLYGON((462256 429163,517135 429553,518134 346152,462435 345761,462256 429163))
31259;POLYGON((542782 433017,597654 431237,595375 347841,539682 349627,542782 433017))
31284;POLYGON((381725 5433986,436590 5436547,440871 5353169,385184 5350599,381725 5433986))
31285;POLYGON((462256 5429163,517135 5429553,518134 5346152,462435 5345761,462256 5429163))
31286;POLYGON((542782 5433017,597654 5431237,595375 5347841,539682 5349627,542782 5433017))
31287;POLYGON((412256 566826,467134 567207,468115 483822,412432 483436,412256 566826))
25833;POLYGON((390287 5428539,445143 5427726,444324 5344359,388649 5345174,390287 5428539))
25832;POLYGON((829094 5437218,883923 5440748,889668 5357424,834015 5353882,829094 5437218))
