4326;POLYGON((13.5 49.5,14.25 49.5,14.25 48.75,13.5 48.75,13.5 49.5))
31254;POLYGON((229397 489582,283709 492136,288023 408754,232883 406190,229397 489582))
31255;POLYGON((12136 484771,66463 485160,67469 401751,12316 401361,12136 484771))
31256;POLYGON((-205130 488615,-150810 486839,-153107 403437,-208254 405219,-205130 488615))
31257;POLYGON((379397 489582,433709 492136,438023 408754,382883 406190,379397 489582))
31258;POLYGON((462136 484771,516463 485160,517469 401751,462316 401361,462136 484771))
31259;POLYGON((544869 488615,599189 486839,596892 403437,541745 405219,544869 488615))
31284;POLYGON((379397 5489582,433709 5492136,438023 5408754,382883 5406190,379397 5489582))
31285;POLYGON((462136 5484771,516463 5485160,517469 5401751,462316 5401361,462136 5484771))
31286;POLYGON((544869 5488615,599189 5486839,596892 5403437,541745 5405219,544869 5488615))
31287;POLYGON((412139 622441,466480 622818,467461 539408,412315 539026,412139 622441))
25833;POLYGON((391390 5484122,445694 5483311,444869 5399936,389739 5400750,391390 5484122))
25832;POLYGON((825781 5492778,880056 5496298,885845 5412973,830741 5409439,825781 5492778))
