4326;POLYGON((13.5 50.0,14.25 50.0,14.25 49.25,13.5 49.25,13.5 50.0))
31254;POLYGON((227051 545180,280806 547727,285152 464341,230564 461784,227051 545180))
31255;POLYGON((12014 540384,65786 540771,66800 457356,12196 456967,12014 540384))
31256;POLYGON((-203028 544216,-149264 542446,-151579 459038,-206176 460815,-203028 544216))
31257;POLYGON((377051 545180,430806 547727,435152 464341,380564 461784,377051 545180))
31258;POLYGON((462014 540384,515786 540771,516800 457356,462196 456967,462014 540384))
31259;POLYGON((546971 544216,600735 542446,598420 459038,543823 460815,546971 544216))
31284;POLYGON((377051 5545180,430806 5547727,435152 5464341,380564 5461784,377051 5545180))
31285;POLYGON((462014 5540384,515786 5540771,516800 5457356,462196 5456967,462014 5540384))
31286;POLYGON((546971 5544216,600735 5542446,598420 5459038,543823 5460815,546971 5544216))
31287;POLYGON((412021 678078,465826 678451,466807 595010,412197 594631,412021 678078))
25833;POLYGON((392501 5539708,446249 5538900,445418 5455518,390838 5456330,392501 5539708))
25832;POLYGON((822444 5548339,876160 5551849,881993 5468523,827441 5464998,822444 5548339))
