4326;POLYGON((13.25 49.0,14.0 49.0,14.0 48.25,13.25 48.25,13.25 49.0))
31254;POLYGON((213436 433253,268303 435633,272309 352252,216621 349864,213436 433253))
31255;POLYGON((-6036 429154,48842 429363,49568 345961,-6130 345751,-6036 429154))
31256;POLYGON((-225506 433731,-170636 431770,-173189 348376,-228880 350344,-225506 433731))
31257;POLYGON((363436 433253,418303 435633,422309 352252,366621 349864,363436 433253))
31258;POLYGON((443963 429154,498842 429363,499568 345961,443869 345751,443963 429154))
31259;POLYGON((524493 433731,579363 431770,576810 348376,521119 350344,524493 433731))
31284;POLYGON((363436 5433253,418303 5435633,422309 5352252,366621 5349864,363436 5433253))
31285;POLYGON((443963 5429154,498842 5429363,499568 5345961,443869 5345751,443963 5429154))
31286;POLYGON((524493 5433731,579363 5431770,576810 5348376,521119 5350344,524493 5433731))
31287;POLYGON((393963 566817,448842 567021,449554 483633,393871 483426,393963 566817))
25833;POLYGON((372003 5428931,426857 5427937,425766 5344570,370092 5345567,372003 5428931))
25832;POLYGON((810816 5436163,865648 5439511,871118 5356182,815463 5352823,810816 5436163))
