4326;POLYGON((12.75 49.25,13.5 49.25,13.5 48.5,12.75 48.5,12.75 49.25))
31254;POLYGON((175969 459769,230564 461784,234036 378394,178617 376372,175969 459769))
31255;POLYGON((-42407 457119,12196 456967,12376 373560,-43050 373713,-42407 457119))
31256;POLYGON((-260767 463135,-206176 460815,-209287 377423,-264703 379751,-260767 463135))
31257;POLYGON((325969 459769,380564 461784,384036 378394,328617 376372,325969 459769))
31258;POLYGON((407592 457119,462196 456967,462376 373560,406949 373713,407592 457119))
31259;POLYGON((489232 463135,543823 460815,540712 377423,485296 379751,489232 463135))
31284;POLYGON((325969 5459769,380564 5461784,384036 5378394,328617 5376372,325969 5459769))
31285;POLYGON((407592 5457119,462196 5456967,462376 5373560,406949 5373713,407592 5457119))
31286;POLYGON((489232 5463135,543823 5460815,540712 5377423,485296 5379751,489232 5463135))
31287;POLYGON((357587 594779,412197 594631,412373 511229,356958 511379,357587 594779))
25833;POLYGON((336260 5457683,390838 5456330,389193 5372962,333793 5374320,336260 5457683))
25832;POLYGON((772880 5462017,827441 5464998,832381 5381660,776995 5378669,772880 5462017))
