4326;POLYGON((13.5 49.75,14.25 49.75,14.25 49.0,13.5 49.0,13.5 49.75))
31254;POLYGON((228226 517381,282260 519931,286590 436547,231725 433986,228226 517381))
31255;POLYGON((12075 512577,66125 512965,67135 429553,12256 429163,12075 512577))
31256;POLYGON((-204081 516415,-150039 514642,-152345 431237,-207217 433017,-204081 516415))
31257;POLYGON((378226 517381,432260 519931,436590 436547,381725 433986,378226 517381))
31258;POLYGON((462075 512577,516125 512965,517135 429553,462256 429163,462075 512577))
31259;POLYGON((545918 516415,599960 514642,597654 431237,542782 433017,545918 516415))
31284;POLYGON((378226 5517381,432260 5519931,436590 5436547,381725 5433986,378226 5517381))
31285;POLYGON((462075 5512577,516125 5512965,517135 5429553,462256 5429163,462075 5512577))
31286;POLYGON((545918 5516415,599960 5514642,597654 5431237,542782 5433017,545918 5516415))
31287;POLYGON((412080 650256,466153 650631,467134 567207,412256 566826,412080 650256))
25833;POLYGON((391944 5511914,445971 5511105,445143 5427726,390287 5428539,391944 5511914))
25832;POLYGON((824116 5520558,878112 5524073,883923 5440748,829094 5437218,824116 5520558))
