4326;POLYGON((12.75 48.5,13.5 48.5,13.5 47.75,12.75 47.75,12.75 48.5))
31254;POLYGON((178617 376372,234036 378394,237468 295012,181235 292985,178617 376372))
31255;POLYGON((-43050 373713,12376 373560,12553 290165,-43685 290318,-43050 373713))
31256;POLYGON((-264703 379751,-209287 377423,-212363 294039,-268594 296374,-264703 379751))
31257;POLYGON((328617 376372,384036 378394,387468 295012,331235 292985,328617 376372))
31258;POLYGON((406949 373713,462376 373560,462553 290165,406314 290318,406949 373713))
31259;POLYGON((485296 379751,540712 377423,537636 294039,481405 296374,485296 379751))
31284;POLYGON((328617 5376372,384036 5378394,387468 5295012,331235 5292985,328617 5376372))
31285;POLYGON((406949 5373713,462376 5373560,462553 5290165,406314 5290318,406949 5373713))
31286;POLYGON((485296 5379751,540712 5377423,537636 5294039,481405 5296374,485296 5379751))
31287;POLYGON((356958 511379,412373 511229,412549 427857,356329 428009,356958 511379))
25833;POLYGON((333793 5374320,389193 5372962,387568 5289603,331354 5290966,333793 5374320))
25832;POLYGON((776995 5378669,832381 5381660,837265 5298327,781062 5295327,776995 5378669))
