4326;POLYGON((12.75 48.25,13.5 48.25,13.5 47.5,12.75 47.5,12.75 48.25))
31254;POLYGON((179493 348575,235184 350599,238603 267220,182100 265191,179493 348575))
31255;POLYGON((-43262 345914,12435 345761,12612 262369,-43895 262522,-43262 345914))
31256;POLYGON((-266005 351958,-210317 349627,-213380 266246,-269881 268583,-266005 351958))
31257;POLYGON((329493 348575,385184 350599,388603 267220,332100 265191,329493 348575))
31258;POLYGON((406737 345914,462435 345761,462612 262369,406104 262522,406737 345914))
31259;POLYGON((483994 351958,539682 349627,536619 266246,480118 268583,483994 351958))
31284;POLYGON((329493 5348575,385184 5350599,388603 5267220,332100 5265191,329493 5348575))
31285;POLYGON((406737 5345914,462435 5345761,462612 5262369,406104 5262522,406737 5345914))
31286;POLYGON((483994 5351958,539682 5349627,536619 5266246,480118 5268583,483994 5351958))
31287;POLYGON((356748 483587,412432 483436,412608 400070,356119 400224,356748 483587))
25833;POLYGON((332977 5346534,388649 5345174,387030 5261820,330548 5263183,332977 5346534))
25832;POLYGON((778356 5350887,834015 5353882,838880 5270550,782407 5267548,778356 5350887))
