4326;POLYGON((12.75 48.75,13.5 48.75,13.5 48.0,12.75 48.0,12.75 48.75))
31254;POLYGON((177738 404170,232883 406190,236328 322806,180366 320780,177738 404170))
31255;POLYGON((-42836 401514,12316 401361,12494 317962,-43474 318115,-42836 401514))
31256;POLYGON((-263396 407545,-208254 405219,-211342 321832,-267302 324166,-263396 407545))
31257;POLYGON((327738 404170,382883 406190,386328 322806,330366 320780,327738 404170))
31258;POLYGON((407163 401514,462316 401361,462494 317962,406525 318115,407163 401514))
31259;POLYGON((486603 407545,541745 405219,538657 321832,482697 324166,486603 407545))
31284;POLYGON((327738 5404170,382883 5406190,386328 5322806,330366 5320780,327738 5404170))
31285;POLYGON((407163 5401514,462316 5401361,462494 5317962,406525 5318115,407163 5401514))
31286;POLYGON((486603 5407545,541745 5405219,538657 5321832,482697 5324166,486603 5407545))
31287;POLYGON((357167 539175,412315 539026,412491 455645,356539 455797,357167 539175))
25833;POLYGON((334612 5402107,389739 5400750,388108 5317388,332164 5318749,334612 5402107))
25832;POLYGON((775629 5406451,830741 5409439,835643 5326105,779712 5323107,775629 5406451))
