4326;POLYGON((13.0 46.5,13.75 46.5,13.75 45.75,13.0 45.75,13.0 46.5))
31254;POLYGON((204717 154643,262286 156860,265871 73499,207513 71280,204717 154643))
31255;POLYGON((-25536 151239,32036 151267,32470 67901,-25888 67873,-25536 151239))
31256;POLYGON((-255787 156584,-198218 154424,-200932 71061,-259289 73224,-255787 156584))
31257;POLYGON((354717 154643,412286 156860,415871 73499,357513 71280,354717 154643))
31258;POLYGON((424463 151239,482036 151267,482470 67901,424111 67873,424463 151239))
31259;POLYGON((494212 156584,551781 154424,549067 71061,490710 73224,494212 156584))
31284;POLYGON((354717 5154643,412286 5156860,415871 5073499,357513 5071280,354717 5154643))
31285;POLYGON((424463 5151239,482036 5151267,482470 5067901,424111 5067873,424463 5151239))
31286;POLYGON((494212 5156584,551781 5154424,549067 5071061,490710 5073224,494212 5156584))
31287;POLYGON((374468 288973,432029 289002,432473 205641,374107 205612,374468 288973))
25833;POLYGON((346537 5151546,404085 5150362,402774 5067031,344440 5068216,346537 5151546))
25832;POLYGON((806914 5157380,864454 5160574,869445 5077253,811114 5074056,806914 5157380))
