4326;POLYGON((12.75 50.0,13.5 50.0,13.5 49.25,12.75 49.25,12.75 50.0))
31254;POLYGON((173290 543174,227051 545180,230564 461784,175969 459769,173290 543174))
31255;POLYGON((-41757 540535,12014 540384,12196 456967,-42407 457119,-41757 540535))
31256;POLYGON((-256786 546526,-203028 544216,-206176 460815,-260767 463135,-256786 546526))
31257;POLYGON((323290 543174,377051 545180,380564 461784,325969 459769,323290 543174))
31258;POLYGON((408242 540535,462014 540384,462196 456967,407592 457119,408242 540535))
31259;POLYGON((493213 546526,546971 544216,543823 460815,489232 463135,493213 546526))
31284;POLYGON((323290 5543174,377051 5545180,380564 5461784,325969 5459769,323290 5543174))
31285;POLYGON((408242 5540535,462014 5540384,462196 5456967,407592 5457119,408242 5540535))
31286;POLYGON((493213 5546526,546971 5544216,543823 5460815,489232 5463135,493213 5546526))
31287;POLYGON((358216 678224,412021 678078,412197 594631,357587 594779,358216 678224))
25833;POLYGON((338756 5541056,392501 5539708,390838 5456330,336260 5457683,338756 5541056))
25832;POLYGON((768718 5545371,822444 5548339,827441 5464998,772880 5462017,768718 5545371))
