4326;POLYGON((13.25 47.25,14.0 47.25,14.0 46.5,13.25 46.5,13.25 47.25))
31254;POLYGON((220810 238691,277579 241087,281475 157721,223907 155321,220810 238691))
31255;POLYGON((-6254 234565,50521 234775,51226 151398,-6345 151188,-6254 234565))
31256;POLYGON((-233317 239172,-176546 237198,-179028 153826,-236597 155803,-233317 239172))
31257;POLYGON((370810 238691,427579 241087,431475 157721,373907 155321,370810 238691))
31258;POLYGON((443745 234565,500521 234775,501226 151398,443654 151188,443745 234565))
31259;POLYGON((516682 239172,573453 237198,570971 153826,513402 155803,516682 239172))
31284;POLYGON((370810 5238691,427579 5241087,431475 5157721,373907 5155321,370810 5238691))
31285;POLYGON((443745 5234565,500521 5234775,501226 5151398,443654 5151188,443745 5234565))
31286;POLYGON((516682 5239172,573453 5237198,570971 5153826,513402 5155803,516682 5239172))
31287;POLYGON((393747 372275,450504 372486,451216 289135,393655 288921,393747 372275))
25833;POLYGON((367578 5234431,424330 5233431,423268 5150089,365720 5151091,367578 5234431))
25832;POLYGON((821575 5241712,878313 5245082,883634 5161760,826095 5158384,821575 5241712))
