4326;POLYGON((13.0 47.0,13.75 47.0,13.75 46.25,13.0 46.25,13.0 47.0))
31254;POLYGON((202834 210223,259871 212437,263486 129072,205653 126854,202834 210223))
31255;POLYGON((-25298 206822,31743 206851,32181 123477,-25654 123449,-25298 206822))
31256;POLYGON((-253427 212162,-196390 210004,-199127 126636,-256959 128797,-253427 212162))
31257;POLYGON((352834 210223,409871 212437,413486 129072,355653 126854,352834 210223))
31258;POLYGON((424701 206822,481743 206851,482181 123477,424345 123449,424701 206822))
31259;POLYGON((496572 212162,553609 210004,550872 126636,493040 128797,496572 212162))
31284;POLYGON((352834 5210223,409871 5212437,413486 5129072,355653 5126854,352834 5210223))
31285;POLYGON((424701 5206822,481743 5206851,482181 5123477,424345 5123449,424701 5206822))
31286;POLYGON((496572 5212162,553609 5210004,550872 5126636,493040 5128797,496572 5212162))
31287;POLYGON((374708 344542,431733 344571,432177 261217,374348 261188,374708 344542))
25833;POLYGON((347950 5207105,404968 5205922,403646 5122584,345835 5123768,347950 5207105))
25832;POLYGON((804085 5212933,861092 5216123,866125 5132800,808320 5129605,804085 5212933))
