4326;POLYGON((13.5 47.5,14.25 47.5,14.25 46.75,13.5 46.75,13.5 47.5))
31254;POLYGON((238603 267220,295102 269796,299282 186430,241980 183849,238603 267220))
31255;POLYGON((12612 262369,69120 262761,70095 179381,12787 178988,12612 262369))
31256;POLYGON((-213380 266246,-156877 264455,-159102 181078,-216407 182873,-213380 266246))
31257;POLYGON((388603 267220,445102 269796,449282 186430,391980 183849,388603 267220))
31258;POLYGON((462612 262369,519120 262761,520095 179381,462787 178988,462612 262369))
31259;POLYGON((536619 266246,593122 264455,590897 181078,533592 182873,536619 266246))
31284;POLYGON((388603 5267220,445102 5269796,449282 5186430,391980 5183849,388603 5267220))
31285;POLYGON((462612 5262369,519120 5262761,520095 5179381,462787 5178988,462612 5262369))
31286;POLYGON((536619 5266246,593122 5264455,590897 5181078,533592 5182873,536619 5266246))
31287;POLYGON((412608 400070,469095 400462,470076 317113,412784 316716,412608 400070))
25833;POLYGON((387030 5261820,443515 5261002,442715 5177656,385431 5178475,387030 5261820))
25832;POLYGON((838880 5270550,895347 5274101,900958 5190781,843686 5187223,838880 5270550))
