4326;POLYGON((13.25 46.5,14.0 46.5,14.0 45.75,13.25 45.75,13.25 46.5))
31254;POLYGON((223907 155321,281475 157721,285323 74361,226966 71959,223907 155321))
31255;POLYGON((-6345 151188,51226 151398,51923 68032,-6435 67821,-6345 151188))
31256;POLYGON((-236597 155803,-179028 153826,-181480 70462,-239837 72442,-236597 155803))
31257;POLYGON((373907 155321,431475 157721,435323 74361,376966 71959,373907 155321))
31258;POLYGON((443654 151188,501226 151398,501923 68032,443564 67821,443654 151188))
31259;POLYGON((513402 155803,570971 153826,568519 70462,510162 72442,513402 155803))
31284;POLYGON((373907 5155321,431475 5157721,435323 5074361,376966 5071959,373907 5155321))
31285;POLYGON((443654 5151188,501226 5151398,501923 5068032,443564 5067821,443654 5151188))
31286;POLYGON((513402 5155803,570971 5153826,568519 5070462,510162 5072442,513402 5155803))
31287;POLYGON((393655 288921,451216 289135,451928 205776,393563 205559,393655 288921))
25833;POLYGON((365720 5151091,423268 5150089,422219 5066757,363884 5067760,365720 5151091))
25832;POLYGON((826095 5158384,883634 5161760,888888 5078441,830558 5075061,826095 5158384))
