4326;POLYGON((12.75 49.0,13.5 49.0,13.5 48.25,12.75 48.25,12.75 49.0))
31254;POLYGON((176855 431969,231725 433986,235184 350599,179493 348575,176855 431969))
31255;POLYGON((-42622 429316,12256 429163,12435 345761,-43262 345914,-42622 429316))
31256;POLYGON((-262084 435340,-207217 433017,-210317 349627,-266005 351958,-262084 435340))
31257;POLYGON((326855 431969,381725 433986,385184 350599,329493 348575,326855 431969))
31258;POLYGON((407377 429316,462256 429163,462435 345761,406737 345914,407377 429316))
31259;POLYGON((487915 435340,542782 433017,539682 349627,483994 351958,487915 435340))
31284;POLYGON((326855 5431969,381725 5433986,385184 5350599,329493 5348575,326855 5431969))
31285;POLYGON((407377 5429316,462256 5429163,462435 5345761,406737 5345914,407377 5429316))
31286;POLYGON((487915 5435340,542782 5433017,539682 5349627,483994 5351958,487915 5435340))
31287;POLYGON((357377 566975,412256 566826,412432 483436,356748 483587,357377 566975))
25833;POLYGON((335435 5429895,390287 5428539,388649 5345174,332977 5346534,335435 5429895))
25832;POLYGON((774257 5434233,829094 5437218,834015 5353882,778356 5350887,774257 5434233))
