4326;POLYGON((13.25 47.0,14.0 47.0,14.0 46.25,13.25 46.25,13.25 47.0))
31254;POLYGON((221847 210900,278883 213297,282763 129933,224931 127533,221847 210900))
31255;POLYGON((-6284 206771,50757 206981,51460 123608,-6375 123398,-6284 206771))
31256;POLYGON((-234415 211382,-177377 209407,-179849 126037,-237682 128015,-234415 211382))
31257;POLYGON((371847 210900,428883 213297,432763 129933,374931 127533,371847 210900))
31258;POLYGON((443715 206771,500757 206981,501460 123608,443624 123398,443715 206771))
31259;POLYGON((515584 211382,572622 209407,570150 126037,512317 128015,515584 211382))
31284;POLYGON((371847 5210900,428883 5213297,432763 5129933,374931 5127533,371847 5210900))
31285;POLYGON((443715 5206771,500757 5206981,501460 5123608,443624 5123398,443715 5206771))
31286;POLYGON((515584 5211382,572622 5209407,570150 5126037,512317 5128015,515584 5211382))
31287;POLYGON((393717 344491,450741 344703,451454 261350,393624 261135,393717 344491))
25833;POLYGON((366956 5206650,423974 5205649,422917 5122310,365105 5123313,366956 5206650))
25832;POLYGON((823088 5213935,880094 5217308,885393 5133987,827589 5130609,823088 5213935))
