4326;POLYGON((13.25 48.75,14.0 48.75,14.0 48.0,13.25 48.0,13.25 48.75))
31254;POLYGON((214502 405456,269643 407839,273635 324459,217675 322070,214502 405456))
31255;POLYGON((-6067 401352,49085 401561,49807 318163,-6161 317953,-6067 401352))
31256;POLYGON((-226635 405934,-171490 403971,-174033 320580,-229996 322549,-226635 405934))
31257;POLYGON((364502 405456,419643 407839,423635 324459,367675 322070,364502 405456))
31258;POLYGON((443932 401352,499085 401561,499807 318163,443838 317953,443932 401352))
31259;POLYGON((523364 405934,578509 403971,575966 320580,520003 322549,523364 405934))
31284;POLYGON((364502 5405456,419643 5407839,423635 5324459,367675 5322070,364502 5405456))
31285;POLYGON((443932 5401352,499085 5401561,499807 5318163,443838 5317953,443932 5401352))
31286;POLYGON((523364 5405934,578509 5403971,575966 5320580,520003 5322549,523364 5405934))
31287;POLYGON((393932 539016,449079 539221,449792 455844,393840 455636,393932 539016))
25833;POLYGON((371363 5401142,426492 5400147,425404 5316784,369459 5317781,371363 5401142))
25832;POLYGON((812371 5408382,867478 5411734,872928 5328407,817000 5325045,812371 5408382))
