4326;POLYGON((13.5 50.25,14.25 50.25,14.25 49.5,13.5 49.5,13.5 50.25))
31254;POLYGON((225872 572981,279346 575524,283709 492136,229397 489582,225872 572981))
31255;POLYGON((11953 568192,65445 568579,66463 485160,12136 484771,11953 568192))
31256;POLYGON((-201971 572018,-148487 570251,-150810 486839,-205130 488615,-201971 572018))
31257;POLYGON((375872 572981,429346 575524,433709 492136,379397 489582,375872 572981))
31258;POLYGON((461953 568192,515445 568579,516463 485160,462136 484771,461953 568192))
31259;POLYGON((548028 572018,601512 570251,599189 486839,544869 488615,548028 572018))
31284;POLYGON((375872 5572981,429346 5575524,433709 5492136,379397 5489582,375872 5572981))
31285;POLYGON((461953 5568192,515445 5568579,516463 5485160,462136 5484771,461953 5568192))
31286;POLYGON((548028 5572018,601512 5570251,599189 5486839,544869 5488615,548028 5572018))
31287;POLYGON((411963 705906,465498 706277,466480 622818,412139 622441,411963 705906))
25833;POLYGON((393060 5567503,446529 5566696,445694 5483311,391390 5484122,393060 5567503))
25832;POLYGON((820766 5576121,874201 5579625,880056 5496298,825781 5492778,820766 5576121))
