4326;POLYGON((13.25 50.0,14.0 50.0,14.0 49.25,13.25 49.25,13.25 50.0))
31254;POLYGON((209132 544452,262889 546818,266957 463428,212366 461052,209132 544452))
31255;POLYGON((-5909 540374,47862 540582,48599 457166,-6004 456957,-5909 540374))
31256;POLYGON((-220948 544926,-167186 542976,-169778 459570,-224373 461528,-220948 544926))
31257;POLYGON((359132 544452,412889 546818,416957 463428,362366 461052,359132 544452))
31258;POLYGON((444090 540374,497862 540582,498599 457166,443995 456957,444090 540374))
31259;POLYGON((529051 544926,582813 542976,580221 459570,525626 461528,529051 544926))
31284;POLYGON((359132 5544452,412889 5546818,416957 5463428,362366 5461052,359132 5544452))
31285;POLYGON((444090 5540374,497862 5540582,498599 5457166,443995 5456957,444090 5540374))
31286;POLYGON((529051 5544926,582813 5542976,580221 5459570,525626 5461528,529051 5544926))
31287;POLYGON((394086 678069,447891 678269,448604 594825,393994 594622,394086 678069))
25833;POLYGON((374585 5540098,428333 5539109,427224 5455728,372645 5456721,374585 5540098))
25832;POLYGON((804536 5547290,858256 5550619,863810 5467287,809255 5463944,804536 5547290))
