4326;POLYGON((13.0 46.25,13.75 46.25,13.75 45.5,13.0 45.5,13.0 46.25))
31254;POLYGON((205653 126854,263486 129072,267055 45714,208437 43494,205653 126854))
31255;POLYGON((-25654 123449,32181 123477,32613 40115,-26005 40086,-25654 123449))
31256;POLYGON((-256959 128797,-199127 126636,-201829 43276,-260447 45438,-256959 128797))
31257;POLYGON((355653 126854,413486 129072,417055 45714,358437 43494,355653 126854))
31258;POLYGON((424345 123449,482181 123477,482613 40115,423994 40086,424345 123449))
31259;POLYGON((493040 128797,550872 126636,548170 43276,489552 45438,493040 128797))
31284;POLYGON((355653 5126854,413486 5129072,417055 5045714,358437 5043494,355653 5126854))
31285;POLYGON((424345 5123449,482181 5123477,482613 5040115,423994 5040086,424345 5123449))
31286;POLYGON((493040 5128797,550872 5126636,548170 5043276,489552 5045438,493040 5128797))
31287;POLYGON((374348 261188,432177 261217,432622 177850,373987 177820,374348 261188))
25833;POLYGON((345835 5123768,403646 5122584,402341 5039256,343746 5040442,345835 5123768))
25832;POLYGON((808320 5129605,866125 5132800,871095 5049480,812502 5046283,808320 5129605))
