4326;POLYGON((13.25 48.0,14.0 48.0,14.0 47.25,13.25 47.25,13.25 48.0))
31254;POLYGON((217675 322070,273635 324459,277579 241087,220810 238691,217675 322070))
31255;POLYGON((-6161 317953,49807 318163,50521 234775,-6254 234565,-6161 317953))
31256;POLYGON((-229996 322549,-174033 320580,-176546 237198,-233317 239172,-229996 322549))
31257;POLYGON((367675 322070,423635 324459,427579 241087,370810 238691,367675 322070))
31258;POLYGON((443838 317953,499807 318163,500521 234775,443745 234565,443838 317953))
31259;POLYGON((520003 322549,575966 320580,573453 237198,516682 239172,520003 322549))
31284;POLYGON((367675 5322070,423635 5324459,427579 5241087,370810 5238691,367675 5322070))
31285;POLYGON((443838 5317953,499807 5318163,500521 5234775,443745 5234565,443838 5317953))
31286;POLYGON((520003 5322549,575966 5320580,573453 5237198,516682 5239172,520003 5322549))
31287;POLYGON((393840 455636,449792 455844,450504 372486,393747 372275,393840 455636))
25833;POLYGON((369459 5317781,425404 5316784,424330 5233431,367578 5234431,369459 5317781))
25832;POLYGON((817000 5325045,872928 5328407,878313 5245082,821575 5241712,817000 5325045))
