4326;POLYGON((12.75 49.75,13.5 49.75,13.5 49.0,12.75 49.0,12.75 49.75))
31254;POLYGON((174186 515371,228226 517381,231725 433986,176855 431969,174186 515371))
31255;POLYGON((-41975 512729,12075 512577,12256 429163,-42622 429316,-41975 512729))
31256;POLYGON((-258118 518729,-204081 516415,-207217 433017,-262084 435340,-258118 518729))
31257;POLYGON((324186 515371,378226 517381,381725 433986,326855 431969,324186 515371))
31258;POLYGON((408024 512729,462075 512577,462256 429163,407377 429316,408024 512729))
31259;POLYGON((491881 518729,545918 516415,542782 433017,487915 435340,491881 518729))
31284;POLYGON((324186 5515371,378226 5517381,381725 5433986,326855 5431969,324186 5515371))
31285;POLYGON((408024 5512729,462075 5512577,462256 5429163,407377 5429316,408024 5512729))
31286;POLYGON((491881 5518729,545918 5516415,542782 5433017,487915 5435340,491881 5518729))
31287;POLYGON((358006 650403,412080 650256,412256 566826,357377 566975,358006 650403))
25833;POLYGON((337921 5513264,391944 5511914,390287 5428539,335435 5429895,337921 5513264))
25832;POLYGON((770110 5517586,824116 5520558,829094 5437218,774257 5434233,770110 5517586))
