4326;POLYGON((12.75 47.0,13.5 47.0,13.5 46.25,12.75 46.25,12.75 47.0))
31254;POLYGON((183821 209606,240859 211638,244209 128272,186376 126237,183821 209606))
31255;POLYGON((-44313 206934,12729 206781,12902 123407,-44932 123561,-44313 206934))
31256;POLYGON((-272439 213003,-215402 210663,-218404 127295,-276236 129639,-272439 213003))
31257;POLYGON((333821 209606,390859 211638,394209 128272,336376 126237,333821 209606))
31258;POLYGON((405686 206934,462729 206781,462902 123407,405067 123561,405686 206934))
31259;POLYGON((477560 213003,534597 210663,531595 127295,473763 129639,477560 213003))
31284;POLYGON((333821 5209606,390859 5211638,394209 5128272,336376 5126237,333821 5209606))
31285;POLYGON((405686 5206934,462729 5206781,462902 5123407,405067 5123561,405686 5206934))
31286;POLYGON((477560 5213003,534597 5210663,531595 5127295,473763 5129639,477560 5213003))
31287;POLYGON((355700 344655,412725 344500,412901 261145,355072 261302,355700 344655))
25833;POLYGON((328945 5207621,385962 5206255,384376 5122918,326565 5124285,328945 5207621))
25832;POLYGON((785081 5211991,842090 5214998,846857 5131674,789051 5128662,785081 5211991))
