4326;POLYGON((13.25 49.25,14.0 49.25,14.0 48.5,13.25 48.5,13.25 49.25))
31254;POLYGON((212366 461052,266957 463428,270979 380045,215563 377660,212366 461052))
31255;POLYGON((-6004 456957,48599 457166,49327 373760,-6099 373551,-6004 456957))
31256;POLYGON((-224373 461528,-169778 459570,-172341 376173,-227760 378138,-224373 461528))
31257;POLYGON((362366 461052,416957 463428,420979 380045,365563 377660,362366 461052))
31258;POLYGON((443995 456957,498599 457166,499327 373760,443900 373551,443995 456957))
31259;POLYGON((525626 461528,580221 459570,577658 376173,522239 378138,525626 461528))
31284;POLYGON((362366 5461052,416957 5463428,420979 5380045,365563 5377660,362366 5461052))
31285;POLYGON((443995 5456957,498599 5457166,499327 5373760,443900 5373551,443995 5456957))
31286;POLYGON((525626 5461528,580221 5459570,577658 5376173,522239 5378138,525626 5461528))
31287;POLYGON((393994 594622,448604 594825,449317 511426,393901 511220,393994 594622))
25833;POLYGON((372645 5456721,427224 5455728,426128 5372358,370726 5373354,372645 5456721))
25832;POLYGON((809255 5463944,863810 5467287,869302 5383958,813920 5380603,809255 5463944))
