4326;POLYGON((13.5 49.25,14.25 49.25,14.25 48.5,13.5 48.5,13.5 49.25))
31254;POLYGON((230564 461784,285152 464341,289450 380961,234036 378394,230564 461784))
31255;POLYGON((12196 456967,66800 457356,67802 373951,12376 373560,12196 456967))
31256;POLYGON((-206176 460815,-151579 459038,-153867 375639,-209287 377423,-206176 460815))
31257;POLYGON((380564 461784,435152 464341,439450 380961,384036 378394,380564 461784))
31258;POLYGON((462196 456967,516800 457356,517802 373951,462376 373560,462196 456967))
31259;POLYGON((543823 460815,598420 459038,596132 375639,540712 377423,543823 460815))
31284;POLYGON((380564 5461784,435152 5464341,439450 5380961,384036 5378394,380564 5461784))
31285;POLYGON((462196 5456967,516800 5457356,517802 5373951,462376 5373560,462196 5456967))
31286;POLYGON((543823 5460815,598420 5459038,596132 5375639,540712 5377423,543823 5460815))
31287;POLYGON((412197 594631,466807 595010,467788 511613,412373 511229,412197 594631))
25833;POLYGON((390838 5456330,445418 5455518,444596 5372147,389193 5372962,390838 5456330))
25832;POLYGON((827441 5464998,881993 5468523,887761 5385198,832381 5381660,827441 5464998))
