4326;POLYGON((12.75 46.75,13.5 46.75,13.5 46.0,12.75 46.0,12.75 46.75))
31254;POLYGON((184676 181815,241980 183849,245316 100485,187220 98449,184676 181815))
31255;POLYGON((-44520 179142,12787 178988,12960 95618,-45137 95772,-44520 179142))
31256;POLYGON((-273710 185214,-216407 182873,-219397 99508,-277492 101852,-273710 185214))
31257;POLYGON((334676 181815,391980 183849,395316 100485,337220 98449,334676 181815))
31258;POLYGON((405479 179142,462787 178988,462960 95618,404862 95772,405479 179142))
31259;POLYGON((476289 185214,533592 182873,530602 99508,472507 101852,476289 185214))
31284;POLYGON((334676 5181815,391980 5183849,395316 5100485,337220 5098449,334676 5181815))
31285;POLYGON((405479 5179142,462787 5178988,462960 5095618,404862 5095772,405479 5179142))
31286;POLYGON((476289 5185214,533592 5182873,530602 5099508,472507 5101852,476289 5185214))
31287;POLYGON((355491 316871,412784 316716,412960 233358,354862 233516,355491 316871))
25833;POLYGON((328148 5179841,385431 5178475,383851 5095141,325778 5096508,328148 5179841))
25832;POLYGON((786410 5184214,843686 5187223,848433 5103900,790364 5100887,786410 5184214))
