4326;POLYGON((12.75 46.5,13.5 46.5,13.5 45.75,12.75 45.75,12.75 46.5))
31254;POLYGON((185528 154026,243097 156060,246418 72698,188061 70662,185528 154026))
31255;POLYGON((-44727 151351,12845 151197,13017 67831,-45341 67985,-44727 151351))
31256;POLYGON((-274976 157426,-217408 155083,-220385 71721,-278742 74066,-274976 157426))
31257;POLYGON((335528 154026,393097 156060,396418 72698,338061 70662,335528 154026))
31258;POLYGON((405272 151351,462845 151197,463017 67831,404658 67985,405272 151351))
31259;POLYGON((475023 157426,532591 155083,529614 71721,471257 74066,475023 157426))
31284;POLYGON((335528 5154026,393097 5156060,396418 5072698,338061 5070662,335528 5154026))
31285;POLYGON((405272 5151351,462845 5151197,463017 5067831,404658 5067985,405272 5151351))
31286;POLYGON((475023 5157426,532591 5155083,529614 5071721,471257 5074066,475023 5157426))
31287;POLYGON((355281 289087,412842 288931,413018 205569,354652 205727,355281 289087))
25833;POLYGON((327355 5152062,384902 5150696,383329 5067365,324995 5068733,327355 5152062))
25832;POLYGON((787734 5156438,845275 5159448,850002 5076126,791670 5073113,787734 5156438))
