4326;POLYGON((13.25 50.25,14.0 50.25,14.0 49.5,13.25 49.5,13.25 50.25))
31254;POLYGON((208046 572253,261522 574616,265606 491224,211292 488851,208046 572253))
31255;POLYGON((-5877 568182,47615 568390,48354 484970,-5973 484762,-5877 568182))
31256;POLYGON((-219798 572727,-166316 570780,-168917 487371,-223236 489327,-219798 572727))
31257;POLYGON((358046 572253,411522 574616,415606 491224,361292 488851,358046 572253))
31258;POLYGON((444122 568182,497615 568390,498354 484970,444026 484762,444122 568182))
31259;POLYGON((530201 572727,583683 570780,581082 487371,526763 489327,530201 572727))
31284;POLYGON((358046 5572253,411522 5574616,415606 5491224,361292 5488851,358046 5572253))
31285;POLYGON((444122 5568182,497615 5568390,498354 5484970,444026 5484762,444122 5568182))
31286;POLYGON((530201 5572727,583683 5570780,581082 5487371,526763 5489327,530201 5572727))
31287;POLYGON((394117 705897,447654 706096,448367 622634,394025 622432,394117 705897))
25833;POLYGON((375237 5567892,428705 5566905,427592 5483521,373289 5484512,375237 5567892))
25832;POLYGON((802952 5575073,856391 5578397,861966 5495064,807688 5491725,802952 5575073))
