4326;POLYGON((13.0 47.75,13.75 47.75,13.75 47.0,13.0 47.0,13.0 47.75))
31254;POLYGON((199979 293600,256211 295810,259871 212437,202834 210223,199979 293600))
31255;POLYGON((-24938 290207,31300 290235,31743 206851,-25298 206822,-24938 290207))
31256;POLYGON((-249851 295535,-193619 293382,-196390 210004,-253427 212162,-249851 295535))
31257;POLYGON((349979 293600,406211 295810,409871 212437,352834 210223,349979 293600))
31258;POLYGON((425061 290207,481300 290235,481743 206851,424701 206822,425061 290207))
31259;POLYGON((500148 295535,556380 293382,553609 210004,496572 212162,500148 295535))
31284;POLYGON((349979 5293600,406211 5295810,409871 5212437,352834 5210223,349979 5293600))
31285;POLYGON((425061 5290207,481300 5290235,481743 5206851,424701 5206822,425061 5290207))
31286;POLYGON((500148 5295535,556380 5293382,553609 5210004,496572 5212162,500148 5295535))
31287;POLYGON((375069 427898,431289 427926,431733 344571,374708 344542,375069 427898))
25833;POLYGON((350092 5290451,406306 5289270,404968 5205922,347950 5207105,350092 5290451))
25832;POLYGON((799797 5296266,855998 5299449,861092 5216123,804085 5212933,799797 5296266))
