4326;POLYGON((12.75 49.5,13.5 49.5,13.5 48.75,12.75 48.75,12.75 49.5))
31254;POLYGON((175079 487569,229397 489582,232883 406190,177738 404170,175079 487569))
31255;POLYGON((-42191 484923,12136 484771,12316 401361,-42836 401514,-42191 484923))
31256;POLYGON((-259445 490932,-205130 488615,-208254 405219,-263396 407545,-259445 490932))
31257;POLYGON((325079 487569,379397 489582,382883 406190,327738 404170,325079 487569))
31258;POLYGON((407808 484923,462136 484771,462316 401361,407163 401514,407808 484923))
31259;POLYGON((490554 490932,544869 488615,541745 405219,486603 407545,490554 490932))
31284;POLYGON((325079 5487569,379397 5489582,382883 5406190,327738 5404170,325079 5487569))
31285;POLYGON((407808 5484923,462136 5484771,462316 5401361,407163 5401514,407808 5484923))
31286;POLYGON((490554 5490932,544869 5488615,541745 5405219,486603 5407545,490554 5490932))
31287;POLYGON((357797 622589,412139 622441,412315 539026,357167 539175,357797 622589))
25833;POLYGON((337089 5485473,391390 5484122,389739 5400750,334612 5402107,337089 5485473))
25832;POLYGON((771498 5489801,825781 5492778,830741 5409439,775629 5406451,771498 5489801))
