4326;POLYGON((13.25 49.75,14.0 49.75,14.0 49.0,13.25 49.0,13.25 49.75))
31254;POLYGON((210214 516651,264250 519021,268303 435633,213436 433253,210214 516651))
31255;POLYGON((-5941 512567,48109 512775,48842 429363,-6036 429154,-5941 512567))
31256;POLYGON((-222094 517126,-168053 515173,-170636 431770,-225506 433731,-222094 517126))
31257;POLYGON((360214 516651,414250 519021,418303 435633,363436 433253,360214 516651))
31258;POLYGON((444058 512567,498109 512775,498842 429363,443963 429154,444058 512567))
31259;POLYGON((527905 517126,581946 515173,579363 431770,524493 433731,527905 517126))
31284;POLYGON((360214 5516651,414250 5519021,418303 5435633,363436 5433253,360214 5516651))
31285;POLYGON((444058 5512567,498109 5512775,498842 5429363,443963 5429154,444058 5512567))
31286;POLYGON((527905 5517126,581946 5515173,579363 5431770,524493 5433731,527905 5517126))
31287;POLYGON((394055 650247,448129 650448,448842 567021,393963 566817,394055 650247))
25833;POLYGON((373936 5512304,427962 5511314,426857 5427937,372003 5428931,373936 5512304))
25832;POLYGON((806115 5519507,860114 5522841,865648 5439511,810816 5436163,806115 5519507))
