4326;POLYGON((12.75 48.0,13.5 48.0,13.5 47.25,12.75 47.25,12.75 48.0))
31254;POLYGON((180366 320780,236328 322806,239733 239429,182962 237398,180366 320780))
31255;POLYGON((-43474 318115,12494 317962,12671 234574,-44104 234728,-43474 318115))
31256;POLYGON((-267302 324166,-211342 321832,-214393 238454,-271162 240792,-267302 324166))
31257;POLYGON((330366 320780,386328 322806,389733 239429,332962 237398,330366 320780))
31258;POLYGON((406525 318115,462494 317962,462671 234574,405895 234728,406525 318115))
31259;POLYGON((482697 324166,538657 321832,535606 238454,478837 240792,482697 324166))
31284;POLYGON((330366 5320780,386328 5322806,389733 5239429,332962 5237398,330366 5320780))
31285;POLYGON((406525 5318115,462494 5317962,462671 5234574,405895 5234728,406525 5318115))
31286;POLYGON((482697 5324166,538657 5321832,535606 5238454,478837 5240792,482697 5324166))
31287;POLYGON((356539 455797,412491 455645,412667 372285,355910 372439,356539 455797))
25833;POLYGON((332164 5318749,388108 5317388,386495 5234037,329745 5235401,332164 5318749))
25832;POLYGON((779712 5323107,835643 5326105,840488 5242774,783747 5239769,779712 5323107))
