4326;POLYGON((12.75 47.75,13.5 47.75,13.5 47.0,12.75 47.0,12.75 47.75))
31254;POLYGON((181235 292985,237468 295012,240859 211638,183821 209606,181235 292985))
31255;POLYGON((-43685 290318,12553 290165,12729 206781,-44313 206934,-43685 290318))
31256;POLYGON((-268594 296374,-212363 294039,-215402 210663,-272439 213003,-268594 296374))
31257;POLYGON((331235 292985,387468 295012,390859 211638,333821 209606,331235 292985))
31258;POLYGON((406314 290318,462553 290165,462729 206781,405686 206934,406314 290318))
31259;POLYGON((481405 296374,537636 294039,534597 210663,477560 213003,481405 296374))
31284;POLYGON((331235 5292985,387468 5295012,390859 5211638,333821 5209606,331235 5292985))
31285;POLYGON((406314 5290318,462553 5290165,462729 5206781,405686 5206934,406314 5290318))
31286;POLYGON((481405 5296374,537636 5294039,534597 5210663,477560 5213003,481405 5296374))
31287;POLYGON((356329 428009,412549 427857,412725 344500,355700 344655,356329 428009))
25833;POLYGON((331354 5290966,387568 5289603,385962 5206255,328945 5207621,331354 5290966))
25832;POLYGON((781062 5295327,837265 5298327,842090 5214998,785081 5211991,781062 5295327))
