4326;POLYGON((13.0 48.25,13.75 48.25,13.75 47.5,13.0 47.5,13.0 48.25))
31254;POLYGON((198057 349189,253747 351395,257436 268018,200935 265807,198057 349189))
31255;POLYGON((-24696 345802,31001 345830,31448 262439,-25059 262411,-24696 345802))
31256;POLYGON((-247443 351120,-191753 348971,-194546 265588,-251048 267743,-247443 351120))
31257;POLYGON((348057 349189,403747 351395,407436 268018,350935 265807,348057 349189))
31258;POLYGON((425303 345802,481001 345830,481448 262439,424940 262411,425303 345802))
31259;POLYGON((502556 351120,558246 348971,555453 265588,498951 267743,502556 351120))
31284;POLYGON((348057 5349189,403747 5351395,407436 5268018,350935 5265807,348057 5349189))
31285;POLYGON((425303 5345802,481001 5345830,481448 5262439,424940 5262411,425303 5345802))
31286;POLYGON((502556 5351120,558246 5348971,555453 5265588,498951 5267743,502556 5351120))
31287;POLYGON((375309 483477,430993 483505,431437 400140,374949 400112,375309 483477))
25833;POLYGON((351534 5346020,407207 5344842,405858 5261486,349375 5262668,351534 5346020))
25832;POLYGON((796910 5351825,852567 5355002,857703 5271673,801232 5268488,796910 5351825))
