4326;POLYGON((13.25 47.75,14.0 47.75,14.0 47.0,13.25 47.0,13.25 47.75))
31254;POLYGON((218724 294276,274954 296668,278883 213297,221847 210900,218724 294276))
31255;POLYGON((-6192 290156,50046 290365,50757 206981,-6284 206771,-6192 290156))
31256;POLYGON((-231107 294756,-174874 292785,-177377 209407,-234415 211382,-231107 294756))
31257;POLYGON((368724 294276,424954 296668,428883 213297,371847 210900,368724 294276))
31258;POLYGON((443807 290156,500046 290365,500757 206981,443715 206771,443807 290156))
31259;POLYGON((518892 294756,575125 292785,572622 209407,515584 211382,518892 294756))
31284;POLYGON((368724 5294276,424954 5296668,428883 5213297,371847 5210900,368724 5294276))
31285;POLYGON((443807 5290156,500046 5290365,500757 5206981,443715 5206771,443807 5290156))
31286;POLYGON((518892 5294756,575125 5292785,572622 5209407,515584 5211382,518892 5294756))
31287;POLYGON((393809 427847,450029 428056,450741 344703,393717 344491,393809 427847))
25833;POLYGON((368830 5289997,425045 5288998,423974 5205649,366956 5206650,368830 5289997))
25832;POLYGON((818531 5297266,874730 5300632,880094 5217308,823088 5213935,818531 5297266))
