4326;POLYGON((12.75 46.25,13.5 46.25,13.5 45.5,12.75 45.5,12.75 46.25))
31254;POLYGON((186376 126237,244209 128272,247516 44913,188898 42876,186376 126237))
31255;POLYGON((-44932 123561,12902 123407,13073 40045,-45545 40199,-44932 123561))
31256;POLYGON((-276236 129639,-218404 127295,-221369 43936,-279986 46281,-276236 129639))
31257;POLYGON((336376 126237,394209 128272,397516 44913,338898 42876,336376 126237))
31258;POLYGON((405067 123561,462902 123407,463073 40045,404454 40199,405067 123561))
31259;POLYGON((473763 129639,531595 127295,528630 43936,470013 46281,473763 129639))
31284;POLYGON((336376 5126237,394209 5128272,397516 5044913,338898 5042876,336376 5126237))
31285;POLYGON((405067 5123561,462902 5123407,463073 5040045,404454 5040199,405067 5123561))
31286;POLYGON((473763 5129639,531595 5127295,528630 5043936,470013 5046281,473763 5129639))
31287;POLYGON((355072 261302,412901 261145,413077 177777,354443 177936,355072 261302))
25833;POLYGON((326565 5124285,384376 5122918,382810 5039590,324215 5040958,326565 5124285))
25832;POLYGON((789051 5128662,846857 5131674,851564 5048353,792972 5045339,789051 5128662))
