4326;POLYGON((12.75 50.25,13.5 50.25,13.5 49.5,12.75 49.5,12.75 50.25))
31254;POLYGON((172391 570978,225872 572981,229397 489582,175079 487569,172391 570978))
31255;POLYGON((-41539 568343,11953 568192,12136 484771,-42191 484923,-41539 568343))
31256;POLYGON((-255449 574325,-201971 572018,-205130 488615,-259445 490932,-255449 574325))
31257;POLYGON((322391 570978,375872 572981,379397 489582,325079 487569,322391 570978))
31258;POLYGON((408460 568343,461953 568192,462136 484771,407808 484923,408460 568343))
31259;POLYGON((494550 574325,548028 572018,544869 488615,490554 490932,494550 574325))
31284;POLYGON((322391 5570978,375872 5572981,379397 5489582,325079 5487569,322391 5570978))
31285;POLYGON((408460 5568343,461953 5568192,462136 5484771,407808 5484923,408460 5568343))
31286;POLYGON((494550 5574325,548028 5572018,544869 5488615,490554 5490932,494550 5574325))
31287;POLYGON((358426 706051,411963 705906,412139 622441,357797 622589,358426 706051))
25833;POLYGON((339594 5568849,393060 5567503,391390 5484122,337089 5485473,339594 5568849))
25832;POLYGON((767320 5573157,820766 5576121,825781 5492778,771498 5489801,767320 5573157))
