4326;POLYGON((13.25 46.75,14.0 46.75,14.0 46.0,13.25 46.0,13.25 46.75))
31254;POLYGON((222879 183110,280181 185509,284045 102147,225951 99745,222879 183110))
31255;POLYGON((-6315 178979,50992 179189,51692 95820,-6405 95609,-6315 178979))
31256;POLYGON((-235508 183592,-178204 181616,-180666 98249,-238762 100228,-235508 183592))
31257;POLYGON((372879 183110,430181 185509,434045 102147,375951 99745,372879 183110))
31258;POLYGON((443684 178979,500992 179189,501692 95820,443594 95609,443684 178979))
31259;POLYGON((514491 183592,571795 181616,569333 98249,511237 100228,514491 183592))
31284;POLYGON((372879 5183110,430181 5185509,434045 5102147,375951 5099745,372879 5183110))
31285;POLYGON((443684 5178979,500992 5179189,501692 5095820,443594 5095609,443684 5178979))
31286;POLYGON((514491 5183592,571795 5181616,569333 5098249,511237 5100228,514491 5183592))
31287;POLYGON((393686 316706,450979 316919,451691 233564,393594 233348,393686 316706))
25833;POLYGON((366337 5178870,423620 5177868,422567 5094533,364494 5095536,366337 5178870))
25832;POLYGON((824594 5186159,881867 5189534,887144 5106214,829077 5102834,824594 5186159))
