4326;POLYGON((13.5 47.0,14.25 47.0,14.25 46.25,13.5 46.25,13.5 47.0))
31254;POLYGON((240859 211638,297894 214218,302040 130855,244209 128272,240859 211638))
31255;POLYGON((12729 206781,69771 207173,70738 123800,12902 123407,12729 206781))
31256;POLYGON((-215402 210663,-158364 208870,-160571 125499,-218404 127295,-215402 210663))
31257;POLYGON((390859 211638,447894 214218,452040 130855,394209 128272,390859 211638))
31258;POLYGON((462729 206781,519771 207173,520738 123800,462902 123407,462729 206781))
31259;POLYGON((534597 210663,591635 208870,589428 125499,531595 127295,534597 210663))
31284;POLYGON((390859 5211638,447894 5214218,452040 5130855,394209 5128272,390859 5211638))
31285;POLYGON((462729 5206781,519771 5207173,520738 5123800,462902 5123407,462729 5206781))
31286;POLYGON((534597 5210663,591635 5208870,589428 5125499,531595 5127295,534597 5210663))
31287;POLYGON((412725 344500,469749 344896,470729 261546,412901 261145,412725 344500))
25833;POLYGON((385962 5206255,442980 5205437,442187 5122098,384376 5122918,385962 5206255))
25832;POLYGON((842090 5214998,899095 5218554,904660 5135235,846857 5131674,842090 5214998))
