4326;POLYGON((13.5 48.25,14.25 48.25,14.25 47.5,13.5 47.5,13.5 48.25))
31254;POLYGON((235184 350599,290871 353169,295102 269796,238603 267220,235184 350599))
31255;POLYGON((12435 345761,68134 346152,69120 262761,12612 262369,12435 345761))
31256;POLYGON((-210317 349627,-154624 347841,-156877 264455,-213380 266246,-210317 349627))
31257;POLYGON((385184 350599,440871 353169,445102 269796,388603 267220,385184 350599))
31258;POLYGON((462435 345761,518134 346152,519120 262761,462612 262369,462435 345761))
31259;POLYGON((539682 349627,595375 347841,593122 264455,536619 266246,539682 349627))
31284;POLYGON((385184 5350599,440871 5353169,445102 5269796,388603 5267220,385184 5350599))
31285;POLYGON((462435 5345761,518134 5346152,519120 5262761,462612 5262369,462435 5345761))
31286;POLYGON((539682 5349627,595375 5347841,593122 5264455,536619 5266246,539682 5349627))
31287;POLYGON((412432 483436,468115 483822,469095 400462,412608 400070,412432 483436))
25833;POLYGON((388649 5345174,444324 5344359,443515 5261002,387030 5261820,388649 5345174))
25832;POLYGON((834015 5353882,889668 5357424,895347 5274101,838880 5270550,834015 5353882))
