4326;POLYGON((13.0 48.5,13.75 48.5,13.75 47.75,13.0 47.75,13.0 48.5))
31254;POLYGON((197091 376986,252508 379189,256211 295810,199979 293600,197091 376986))
31255;POLYGON((-24574 373602,30851 373630,31300 290235,-24938 290207,-24574 373602))
31256;POLYGON((-246232 378915,-190814 376768,-193619 293382,-249851 295535,-246232 378915))
31257;POLYGON((347091 376986,402508 379189,406211 295810,349979 293600,347091 376986))
31258;POLYGON((425425 373602,480851 373630,481300 290235,425061 290207,425425 373602))
31259;POLYGON((503767 378915,559185 376768,556380 293382,500148 295535,503767 378915))
31284;POLYGON((347091 5376986,402508 5379189,406211 5295810,349979 5293600,347091 5376986))
31285;POLYGON((425425 5373602,480851 5373630,481300 5290235,425061 5290207,425425 5373602))
31286;POLYGON((503767 5378915,559185 5376768,556380 5293382,500148 5295535,503767 5378915))
31287;POLYGON((375429 511270,430845 511298,431289 427926,375069 427898,375429 511270))
25833;POLYGON((352259 5373807,407661 5372630,406306 5289270,350092 5290451,352259 5373807))
25832;POLYGON((795458 5379605,850842 5382779,855998 5299449,799797 5296266,795458 5379605))
