4326;POLYGON((12.75 47.5,13.5 47.5,13.5 46.75,12.75 46.75,12.75 47.5))
31254;POLYGON((182100 265191,238603 267220,241980 183849,184676 181815,182100 265191))
31255;POLYGON((-43895 262522,12612 262369,12787 178988,-44520 179142,-43895 262522))
31256;POLYGON((-269881 268583,-213380 266246,-216407 182873,-273710 185214,-269881 268583))
31257;POLYGON((332100 265191,388603 267220,391980 183849,334676 181815,332100 265191))
31258;POLYGON((406104 262522,462612 262369,462787 178988,405479 179142,406104 262522))
31259;POLYGON((480118 268583,536619 266246,533592 182873,476289 185214,480118 268583))
31284;POLYGON((332100 5265191,388603 5267220,391980 5183849,334676 5181815,332100 5265191))
31285;POLYGON((406104 5262522,462612 5262369,462787 5178988,405479 5179142,406104 5262522))
31286;POLYGON((480118 5268583,536619 5266246,533592 5182873,476289 5185214,480118 5268583))
31287;POLYGON((356119 400224,412608 400070,412784 316716,355491 316871,356119 400224))
25833;POLYGON((330548 5263183,387030 5261820,385431 5178475,328148 5179841,330548 5263183))
25832;POLYGON((782407 5267548,838880 5270550,843686 5187223,786410 5184214,782407 5267548))
