4326;POLYGON((13.5 46.5,14.25 46.5,14.25 45.75,13.5 45.75,13.5 46.5))
31254;POLYGON((243097 156060,300664 158642,304775 75284,246418 72698,243097 156060))
31255;POLYGON((12845 151197,70417 151590,71376 68224,13017 67831,12845 151197))
31256;POLYGON((-217408 155083,-159838 153288,-162027 69924,-220385 71721,-217408 155083))
31257;POLYGON((393097 156060,450664 158642,454775 75284,396418 72698,393097 156060))
31258;POLYGON((462845 151197,520417 151590,521376 68224,463017 67831,462845 151197))
31259;POLYGON((532591 155083,590161 153288,587972 69924,529614 71721,532591 155083))
31284;POLYGON((393097 5156060,450664 5158642,454775 5075284,396418 5072698,393097 5156060))
31285;POLYGON((462845 5151197,520417 5151590,521376 5068224,463017 5067831,462845 5151197))
31286;POLYGON((532591 5155083,590161 5153288,587972 5069924,529614 5071721,532591 5155083))
31287;POLYGON((412842 288931,470402 289330,471383 205974,413018 205569,412842 288931))
25833;POLYGON((384902 5150696,442451 5149876,441664 5066544,383329 5067365,384902 5150696))
25832;POLYGON((845275 5159448,902813 5163008,908331 5079690,850002 5076126,845275 5159448))
