4326;POLYGON((13.25 49.5,14.0 49.5,14.0 48.75,13.25 48.75,13.25 49.5))
31254;POLYGON((211292 488851,265606 491224,269643 407839,214502 405456,211292 488851))
31255;POLYGON((-5973 484762,48354 484970,49085 401561,-6067 401352,-5973 484762))
31256;POLYGON((-223236 489327,-168917 487371,-171490 403971,-226635 405934,-223236 489327))
31257;POLYGON((361292 488851,415606 491224,419643 407839,364502 405456,361292 488851))
31258;POLYGON((444026 484762,498354 484970,499085 401561,443932 401352,444026 484762))
31259;POLYGON((526763 489327,581082 487371,578509 403971,523364 405934,526763 489327))
31284;POLYGON((361292 5488851,415606 5491224,419643 5407839,364502 5405456,361292 5488851))
31285;POLYGON((444026 5484762,498354 5484970,499085 5401561,443932 5401352,444026 5484762))
31286;POLYGON((526763 5489327,581082 5487371,578509 5403971,523364 5405934,526763 5489327))
31287;POLYGON((394025 622432,448367 622634,449079 539221,393932 539016,394025 622432))
25833;POLYGON((373289 5484512,427592 5483521,426492 5400147,371363 5401142,373289 5484512))
25832;POLYGON((807688 5491725,861966 5495064,867478 5411734,812371 5408382,807688 5491725))
