4326;POLYGON((13.0 48.0,13.75 48.0,13.75 47.25,13.0 47.25,13.0 48.0))
31254;POLYGON((199020 321394,254982 323602,258656 240227,201886 238014,199020 321394))
31255;POLYGON((-24818 318004,31151 318032,31596 234644,-25179 234616,-24818 318004))
31256;POLYGON((-248649 323327,-192688 321176,-195470 237796,-252240 239952,-248649 323327))
31257;POLYGON((349020 321394,404982 323602,408656 240227,351886 238014,349020 321394))
31258;POLYGON((425181 318004,481151 318032,481596 234644,424820 234616,425181 318004))
31259;POLYGON((501350 323327,557311 321176,554529 237796,497759 239952,501350 323327))
31284;POLYGON((349020 5321394,404982 5323602,408656 5240227,351886 5238014,349020 5321394))
31285;POLYGON((425181 5318004,481151 5318032,481596 5234644,424820 5234616,425181 5318004))
31286;POLYGON((501350 5323327,557311 5321176,554529 5237796,497759 5239952,501350 5323327))
31287;POLYGON((375189 455686,431141 455714,431585 372355,374829 372327,375189 455686))
25833;POLYGON((350812 5318235,406756 5317056,405412 5233704,348661 5234886,350812 5318235))
25832;POLYGON((798356 5324045,854286 5327225,859401 5243898,802661 5240710,798356 5324045))
