4326;POLYGON((13.5 48.75,14.25 48.75,14.25 48.0,13.5 48.0,13.5 48.75))
31254;POLYGON((232883 406190,288023 408754,292287 325377,236328 322806,232883 406190))
31255;POLYGON((12316 401361,67469 401751,68464 318353,12494 317962,12316 401361))
31256;POLYGON((-208254 405219,-153107 403437,-155378 320045,-211342 321832,-208254 405219))
31257;POLYGON((382883 406190,438023 408754,442287 325377,386328 322806,382883 406190))
31258;POLYGON((462316 401361,517469 401751,518464 318353,462494 317962,462316 401361))
31259;POLYGON((541745 405219,596892 403437,594621 320045,538657 321832,541745 405219))
31284;POLYGON((382883 5406190,438023 5408754,442287 5325377,386328 5322806,382883 5406190))
31285;POLYGON((462316 5401361,517469 5401751,518464 5318353,462494 5317962,462316 5401361))
31286;POLYGON((541745 5405219,596892 5403437,594621 5320045,538657 5321832,541745 5405219))
31287;POLYGON((412315 539026,467461 539408,468442 456033,412491 455645,412315 539026))
25833;POLYGON((389739 5400750,444869 5399936,444053 5316572,388108 5317388,389739 5400750))
25832;POLYGON((830741 5409439,885845 5412973,891569 5329649,835643 5326105,830741 5409439))
