4326;POLYGON((12.75 47.25,13.5 47.25,13.5 46.5,12.75 46.5,12.75 47.25))
31254;POLYGON((182962 237398,239733 239429,243097 156060,185528 154026,182962 237398))
31255;POLYGON((-44104 234728,12671 234574,12845 151197,-44727 151351,-44104 234728))
31256;POLYGON((-271162 240792,-214393 238454,-217408 155083,-274976 157426,-271162 240792))
31257;POLYGON((332962 237398,389733 239429,393097 156060,335528 154026,332962 237398))
31258;POLYGON((405895 234728,462671 234574,462845 151197,405272 151351,405895 234728))
31259;POLYGON((478837 240792,535606 238454,532591 155083,475023 157426,478837 240792))
31284;POLYGON((332962 5237398,389733 5239429,393097 5156060,335528 5154026,332962 5237398))
31285;POLYGON((405895 5234728,462671 5234574,462845 5151197,405272 5151351,405895 5234728))
31286;POLYGON((478837 5240792,535606 5238454,532591 5155083,475023 5157426,478837 5240792))
31287;POLYGON((355910 372439,412667 372285,412842 288931,355281 289087,355910 372439))
25833;POLYGON((329745 5235401,386495 5234037,384902 5150696,327355 5152062,329745 5235401))
25832;POLYGON((783747 5239769,840488 5242774,845275 5159448,787734 5156438,783747 5239769))
