4326;POLYGON((13.0 49.5,13.75 49.5,13.75 48.75,13.0 48.75,13.0 49.5))
31254;POLYGON((193186 488180,247502 490373,251263 406984,196120 404783,193186 488180))
31255;POLYGON((-24082 484812,30245 484840,30701 401431,-24452 401403,-24082 484812))
31256;POLYGON((-241341 490099,-187024 487963,-189872 404565,-245016 406710,-241341 490099))
31257;POLYGON((343186 488180,397502 490373,401263 406984,346120 404783,343186 488180))
31258;POLYGON((425917 484812,480245 484840,480701 401431,425547 401403,425917 484812))
31259;POLYGON((508658 490099,562975 487963,560127 404565,504983 406710,508658 490099))
31284;POLYGON((343186 5488180,397502 5490373,401263 5406984,346120 5404783,343186 5488180))
31285;POLYGON((425917 5484812,480245 5484840,480701 5401431,425547 5401403,425917 5484812))
31286;POLYGON((508658 5490099,562975 5487963,560127 5404565,504983 5406710,508658 5490099))
31287;POLYGON((375911 622481,430253 622508,430697 539094,375550 539066,375911 622481))
25833;POLYGON((355189 5484963,409491 5483791,408116 5400418,352988 5401594,355189 5484963))
25832;POLYGON((789593 5490733,843874 5493891,849110 5410556,794000 5407386,789593 5490733))
