4326;POLYGON((13.5 46.25,14.25 46.25,14.25 45.5,13.5 45.5,13.5 46.25))
31254;POLYGON((244209 128272,302040 130855,306133 47499,247516 44913,244209 128272))
31255;POLYGON((12902 123407,70738 123800,71693 40438,13073 40045,12902 123407))
31256;POLYGON((-218404 127295,-160571 125499,-162751 42139,-221369 43936,-218404 127295))
31257;POLYGON((394209 128272,452040 130855,456133 47499,397516 44913,394209 128272))
31258;POLYGON((462902 123407,520738 123800,521693 40438,463073 40045,462902 123407))
31259;POLYGON((531595 127295,589428 125499,587248 42139,528630 43936,531595 127295))
31284;POLYGON((394209 5128272,452040 5130855,456133 5047499,397516 5044913,394209 5128272))
31285;POLYGON((462902 5123407,520738 5123800,521693 5040438,463073 5040045,462902 5123407))
31286;POLYGON((531595 5127295,589428 5125499,587248 5042139,528630 5043936,531595 5127295))
31287;POLYGON((412901 261145,470729 261546,471710 178184,413077 177777,412901 261145))
25833;POLYGON((384376 5122918,442187 5122098,441404 5038770,382810 5039590,384376 5122918))
25832;POLYGON((846857 5131674,904660 5135235,910155 5051918,851564 5048353,846857 5131674))
