4326;POLYGON((13.0 46.75,13.75 46.75,13.75 46.0,13.0 46.0,13.0 46.75))
31254;POLYGON((203778 182432,261081 184648,264681 101285,206585 99067,203778 182432))
31255;POLYGON((-25417 179030,31890 179058,32326 95689,-25771 95660,-25417 179030))
31256;POLYGON((-254609 184373,-197306 182214,-200031 98848,-258127 101010,-254609 184373))
31257;POLYGON((353778 182432,411081 184648,414681 101285,356585 99067,353778 182432))
31258;POLYGON((424582 179030,481890 179058,482326 95689,424228 95660,424582 179030))
31259;POLYGON((495390 184373,552693 182214,549968 98848,491872 101010,495390 184373))
31284;POLYGON((353778 5182432,411081 5184648,414681 5101285,356585 5099067,353778 5182432))
31285;POLYGON((424582 5179030,481890 5179058,482326 5095689,424228 5095660,424582 5179030))
31286;POLYGON((495390 5184373,552693 5182214,549968 5098848,491872 5101010,495390 5184373))
31287;POLYGON((374588 316758,431881 316787,432325 233430,374228 233401,374588 316758))
25833;POLYGON((347242 5179325,404526 5178141,403209 5094807,345136 5095992,347242 5179325))
25832;POLYGON((805502 5185156,862777 5188348,867788 5105026,809720 5101830,805502 5185156))
