4326;POLYGON((13.0 49.25,13.75 49.25,13.75 48.5,13.0 48.5,13.0 49.25))
31254;POLYGON((194168 460380,248760 462576,252508 379189,197091 376986,194168 460380))
31255;POLYGON((-24206 457008,30397 457036,30851 373630,-24574 373602,-24206 457008))
31256;POLYGON((-242570 462302,-187977 460162,-190814 376768,-246232 378915,-242570 462302))
31257;POLYGON((344168 460380,398760 462576,402508 379189,347091 376986,344168 460380))
31258;POLYGON((425793 457008,480397 457036,480851 373630,425425 373602,425793 457008))
31259;POLYGON((507429 462302,562022 460162,559185 376768,503767 378915,507429 462302))
31284;POLYGON((344168 5460380,398760 5462576,402508 5379189,347091 5376986,344168 5460380))
31285;POLYGON((425793 5457008,480397 5457036,480851 5373630,425425 5373602,425793 5457008))
31286;POLYGON((507429 5462302,562022 5460162,559185 5376768,503767 5378915,507429 5462302))
31287;POLYGON((375790 594671,430401 594699,430845 511298,375429 511270,375790 594671))
25833;POLYGON((354452 5457172,409031 5455999,407661 5372630,352259 5373807,354452 5457172))
25832;POLYGON((791068 5462950,845626 5466112,850842 5382779,795458 5379605,791068 5462950))
