4326;POLYGON((13.0 47.5,13.75 47.5,13.75 46.75,13.0 46.75,13.0 47.5))
31254;POLYGON((200935 265807,257436 268018,261081 184648,203778 182432,200935 265807))
31255;POLYGON((-25059 262411,31448 262439,31890 179058,-25417 179030,-25059 262411))
31256;POLYGON((-251048 267743,-194546 265588,-197306 182214,-254609 184373,-251048 267743))
31257;POLYGON((350935 265807,407436 268018,411081 184648,353778 182432,350935 265807))
31258;POLYGON((424940 262411,481448 262439,481890 179058,424582 179030,424940 262411))
31259;POLYGON((498951 267743,555453 265588,552693 182214,495390 184373,498951 267743))
31284;POLYGON((350935 5265807,407436 5268018,411081 5184648,353778 5182432,350935 5265807))
31285;POLYGON((424940 5262411,481448 5262439,481890 5179058,424582 5179030,424940 5262411))
31286;POLYGON((498951 5267743,555453 5265588,552693 5182214,495390 5184373,498951 5267743))
31287;POLYGON((374949 400112,431437 400140,431881 316787,374588 316758,374949 400112))
25833;POLYGON((349375 5262668,405858 5261486,404526 5178141,347242 5179325,349375 5262668))
25832;POLYGON((801232 5268488,857703 5271673,862777 5188348,805502 5185156,801232 5268488))
