4326;POLYGON((13.0 50.0,13.75 50.0,13.75 49.25,13.0 49.25,13.0 50.0))
31254;POLYGON((191211 543783,244970 545969,248760 462576,194168 460380,191211 543783))
31255;POLYGON((-23833 540425,29938 540453,30397 457036,-24206 457008,-23833 540425))
31256;POLYGON((-238867 545696,-185107 543566,-187977 460162,-242570 462302,-238867 545696))
31257;POLYGON((341211 543783,394970 545969,398760 462576,344168 460380,341211 543783))
31258;POLYGON((426166 540425,479938 540453,480397 457036,425793 457008,426166 540425))
31259;POLYGON((511132 545696,564892 543566,562022 460162,507429 462302,511132 545696))
31284;POLYGON((341211 5543783,394970 5545969,398760 5462576,344168 5460380,341211 5543783))
31285;POLYGON((426166 5540425,479938 5540453,480397 5457036,425793 5457008,426166 5540425))
31286;POLYGON((511132 5545696,564892 5543566,562022 5460162,507429 5462302,511132 5545696))
31287;POLYGON((376151 678117,429957 678144,430401 594699,375790 594671,376151 678117))
25833;POLYGON((356670 5540547,410417 5539379,409031 5455999,354452 5457172,356670 5540547))
25832;POLYGON((786627 5546300,840350 5549449,845626 5466112,791068 5462950,786627 5546300))
