4326;POLYGON((13.0 47.25,13.75 47.25,13.75 46.5,13.0 46.5,13.0 47.25))
31254;POLYGON((201886 238014,258656 240227,262286 156860,204717 154643,201886 238014))
31255;POLYGON((-25179 234616,31596 234644,32036 151267,-25536 151239,-25179 234616))
31256;POLYGON((-252240 239952,-195470 237796,-198218 154424,-255787 156584,-252240 239952))
31257;POLYGON((351886 238014,408656 240227,412286 156860,354717 154643,351886 238014))
31258;POLYGON((424820 234616,481596 234644,482036 151267,424463 151239,424820 234616))
31259;POLYGON((497759 239952,554529 237796,551781 154424,494212 156584,497759 239952))
31284;POLYGON((351886 5238014,408656 5240227,412286 5156860,354717 5154643,351886 5238014))
31285;POLYGON((424820 5234616,481596 5234644,482036 5151267,424463 5151239,424820 5234616))
31286;POLYGON((497759 5239952,554529 5237796,551781 5154424,494212 5156584,497759 5239952))
31287;POLYGON((374829 372327,431585 372355,432029 289002,374468 288973,374829 372327))
25833;POLYGON((348661 5234886,405412 5233704,404085 5150362,346537 5151546,348661 5234886))
25832;POLYGON((802661 5240710,859401 5243898,864454 5160574,806914 5157380,802661 5240710))
