4326;POLYGON((13.0 48.75,13.75 48.75,13.75 48.0,13.0 48.0,13.0 48.75))
31254;POLYGON((196120 404783,251263 406984,254982 323602,199020 321394,196120 404783))
31255;POLYGON((-24452 401403,30701 401431,31151 318032,-24818 318004,-24452 401403))
31256;POLYGON((-245016 406710,-189872 404565,-192688 321176,-248649 323327,-245016 406710))
31257;POLYGON((346120 404783,401263 406984,404982 323602,349020 321394,346120 404783))
31258;POLYGON((425547 401403,480701 401431,481151 318032,425181 318004,425547 401403))
31259;POLYGON((504983 406710,560127 404565,557311 321176,501350 323327,504983 406710))
31284;POLYGON((346120 5404783,401263 5406984,404982 5323602,349020 5321394,346120 5404783))
31285;POLYGON((425547 5401403,480701 5401431,481151 5318032,425181 5318004,425547 5401403))
31286;POLYGON((504983 5406710,560127 5404565,557311 5321176,501350 5323327,504983 5406710))
31287;POLYGON((375550 539066,430697 539094,431141 455714,375189 455686,375550 539066))
25833;POLYGON((352988 5401594,408116 5400418,406756 5317056,350812 5318235,352988 5401594))
25832;POLYGON((794000 5407386,849110 5410556,854286 5327225,798356 5324045,794000 5407386))
