4326;POLYGON((13.0 49.75,13.75 49.75,13.75 49.0,13.0 49.0,13.0 49.75))
31254;POLYGON((192200 515981,246239 518171,250014 434779,195146 432581,192200 515981))
31255;POLYGON((-23958 512618,30092 512646,30549 429233,-24329 429205,-23958 512618))
31256;POLYGON((-240106 517897,-186068 515764,-188927 432363,-243796 434505,-240106 517897))
31257;POLYGON((342200 515981,396239 518171,400014 434779,345146 432581,342200 515981))
31258;POLYGON((426041 512618,480092 512646,480549 429233,425670 429205,426041 512618))
31259;POLYGON((509893 517897,563931 515764,561072 432363,506203 434505,509893 517897))
31284;POLYGON((342200 5515981,396239 5518171,400014 5434779,345146 5432581,342200 5515981))
31285;POLYGON((426041 5512618,480092 5512646,480549 5429233,425670 5429205,426041 5512618))
31286;POLYGON((509893 5517897,563931 5515764,561072 5432363,506203 5434505,509893 5517897))
31287;POLYGON((376031 650296,430105 650323,430549 566894,375670 566867,376031 650296))
25833;POLYGON((355928 5512754,409953 5511584,408572 5428208,353719 5429382,355928 5512754))
25832;POLYGON((788113 5518516,842115 5521670,847371 5438334,792537 5435168,788113 5518516))
