4326;POLYGON((13.5 47.25,14.25 47.25,14.25 46.5,13.5 46.5,13.5 47.25))
31254;POLYGON((239733 239429,296501 242007,300664 158642,243097 156060,239733 239429))
31255;POLYGON((12671 234574,69446 234966,70417 151590,12845 151197,12671 234574))
31256;POLYGON((-214393 238454,-157622 236662,-159838 153288,-217408 155083,-214393 238454))
31257;POLYGON((389733 239429,446501 242007,450664 158642,393097 156060,389733 239429))
31258;POLYGON((462671 234574,519446 234966,520417 151590,462845 151197,462671 234574))
31259;POLYGON((535606 238454,592377 236662,590161 153288,532591 155083,535606 238454))
31284;POLYGON((389733 5239429,446501 5242007,450664 5158642,393097 5156060,389733 5239429))
31285;POLYGON((462671 5234574,519446 5234966,520417 5151590,462845 5151197,462671 5234574))
31286;POLYGON((535606 5238454,592377 5236662,590161 5153288,532591 5155083,535606 5238454))
31287;POLYGON((412667 372285,469422 372678,470402 289330,412842 288931,412667 372285))
25833;POLYGON((386495 5234037,443247 5233219,442451 5149876,384902 5150696,386495 5234037))
25832;POLYGON((840488 5242774,897225 5246328,902813 5163008,845275 5159448,840488 5242774))
