4326;POLYGON((14.5 46.25,15.25 46.25,15.25 45.5,14.5 45.5,14.5 46.25))
31254;POLYGON((321316 131839,379144 135155,384288 51802,325672 48483,321316 131839))
31255;POLYGON((90017 124053,147852 125175,149851 41814,91232 40691,90017 124053))
31256;POLYGON((-141293 125022,-83458 123957,-84592 40595,-143211 41661,-141293 125022))
31257;POLYGON((471316 131839,529144 135155,534288 51802,475672 48483,471316 131839))
31258;POLYGON((540017 124053,597852 125175,599851 41814,541232 40691,540017 124053))
31259;POLYGON((608706 125022,666541 123957,665407 40595,606788 41661,608706 125022))
31284;POLYGON((471316 5131839,529144 5135155,534288 5051802,475672 5048483,471316 5131839))
31285;POLYGON((540017 5124053,597852 5125175,599851 5041814,541232 5040691,540017 5124053))
31286;POLYGON((608706 5125022,666541 5123957,665407 5040595,606788 5041661,608706 5125022))
31287;POLYGON((490004 261804,547822 262949,549876 179606,491253 178445,490004 261804))
25833;POLYGON((461458 5121946,519270 5121855,519531 5038526,460936 5038618,461458 5121946))
25832;POLYGON((923927 5136545,981725 5140841,988275 5057528,929686 5053228,923927 5136545))
