4326;POLYGON((14.0 50.0,14.75 50.0,14.75 49.25,14.0 49.25,14.0 50.0))
31254;POLYGON((262889 546818,316638 549726,321541 466348,266957 463428,262889 546818))
31255;POLYGON((47862 540582,101633 541329,103201 457916,48599 457166,47862 540582))
31256;POLYGON((-167186 542976,-113419 541566,-115179 458154,-169778 459570,-167186 542976))
31257;POLYGON((412889 546818,466638 549726,471541 466348,416957 463428,412889 546818))
31258;POLYGON((497862 540582,551633 541329,553201 457916,498599 457166,497862 540582))
31259;POLYGON((582813 542976,636580 541566,634820 458154,580221 459570,582813 542976))
31284;POLYGON((412889 5546818,466638 5549726,471541 5466348,416957 5463428,412889 5546818))
31285;POLYGON((497862 5540582,551633 5541329,553201 5457916,498599 5457166,497862 5540582))
31286;POLYGON((582813 5542976,636580 5541566,634820 5458154,580221 5459570,582813 5542976))
31287;POLYGON((447891 678269,501692 678988,503210 595555,448604 594825,447891 678269))
25833;POLYGON((428333 5539109,482083 5538660,481806 5455277,427224 5455728,428333 5539109))
25832;POLYGON((858256 5550619,911965 5554490,918356 5471175,863810 5467287,858256 5550619))
