4326;POLYGON((14.0 47.25,14.75 47.25,14.75 46.5,14.0 46.5,14.0 47.25))
31254;POLYGON((277579 241087,334344 244030,339040 160669,281475 157721,277579 241087))
31255;POLYGON((50521 234775,107296 235531,108798 152155,51226 151398,50521 234775))
31256;POLYGON((-176546 237198,-119773 235771,-121458 152396,-179028 153826,-176546 237198))
31257;POLYGON((427579 241087,484344 244030,489040 160669,431475 157721,427579 241087))
31258;POLYGON((500521 234775,557296 235531,558798 152155,501226 151398,500521 234775))
31259;POLYGON((573453 237198,630226 235771,628541 152396,570971 153826,573453 237198))
31284;POLYGON((427579 5241087,484344 5244030,489040 5160669,431475 5157721,427579 5241087))
31285;POLYGON((500521 5234775,557296 5235531,558798 5152155,501226 5151398,500521 5234775))
31286;POLYGON((573453 5237198,630226 5235771,628541 5152396,570971 5153826,573453 5237198))
31287;POLYGON((450504 372486,507256 373245,508772 289905,451216 289135,450504 372486))
25833;POLYGON((424330 5233431,481082 5232976,480817 5149633,423268 5150089,424330 5233431))
25832;POLYGON((878313 5245082,935046 5249002,941169 5165687,883634 5161760,878313 5245082))
