4326;POLYGON((14.5 46.75,15.25 46.75,15.25 46.0,14.5 46.0,14.5 46.75))
31254;POLYGON((318381 187412,375679 190725,380866 107370,322774 104053,318381 187412))
31255;POLYGON((89197 179633,146504 180754,148521 97387,90423 96264,89197 179633))
31256;POLYGON((-140000 180602,-82693 179537,-83838 96168,-141935 97234,-140000 180602))
31257;POLYGON((468381 187412,525679 190725,530866 107370,472774 104053,468381 187412))
31258;POLYGON((539197 179633,596504 180754,598521 97387,540423 96264,539197 179633))
31259;POLYGON((609999 180602,667306 179537,666161 96168,608064 97234,609999 180602))
31284;POLYGON((468381 5187412,525679 5190725,530866 5107370,472774 5104053,468381 5187412))
31285;POLYGON((539197 5179633,596504 5180754,598521 5097387,540423 5096264,539197 5179633))
31286;POLYGON((609999 5180602,667306 5179537,666161 5096168,608064 5097234,609999 5180602))
31287;POLYGON((489172 317368,546454 318503,548507 235170,490420 234020,489172 317368))
25833;POLYGON((461810 5177504,519094 5177413,519358 5094077,461283 5094169,461810 5177504))
25832;POLYGON((920047 5192089,977313 5196381,983918 5113070,925854 5108772,920047 5192089))
