4326;POLYGON((14.0 47.0,14.75 47.0,14.75 46.25,14.0 46.25,14.0 47.0))
31254;POLYGON((278883 213297,335915 216243,340593 132883,282763 129933,278883 213297))
31255;POLYGON((50757 206981,107799 207738,109295 124366,51460 123608,50757 206981))
31256;POLYGON((-177377 209407,-120337 207978,-122015 124606,-179849 126037,-177377 209407))
31257;POLYGON((428883 213297,485915 216243,490593 132883,432763 129933,428883 213297))
31258;POLYGON((500757 206981,557799 207738,559295 124366,501460 123608,500757 206981))
31259;POLYGON((572622 209407,629662 207978,627984 124606,570150 126037,572622 209407))
31284;POLYGON((428883 5213297,485915 5216243,490593 5132883,432763 5129933,428883 5213297))
31285;POLYGON((500757 5206981,557799 5207738,559295 5124366,501460 5123608,500757 5206981))
31286;POLYGON((572622 5209407,629662 5207978,627984 5124606,570150 5126037,572622 5209407))
31287;POLYGON((450741 344703,507761 345465,509278 262124,451454 261350,450741 344703))
25833;POLYGON((423974 5205649,480993 5205194,480729 5121855,422917 5122310,423974 5205649))
25832;POLYGON((880094 5217308,937095 5221230,943193 5137915,885393 5133987,880094 5217308))
