4326;POLYGON((14.5 50.0,15.25 50.0,15.25 49.25,14.5 49.25,14.5 50.0))
31254;POLYGON((298722 548696,352465 551965,357926 468597,303347 465314,298722 548696))
31255;POLYGON((83710 541020,137478 542127,139602 458717,85001 457606,83710 541020))
31256;POLYGON((-131342 541976,-77573 540925,-78778 457510,-133379 458565,-131342 541976))
31257;POLYGON((448722 548696,502465 551965,507926 468597,453347 465314,448722 548696))
31258;POLYGON((533710 541020,587478 542127,589602 458717,535001 457606,533710 541020))
31259;POLYGON((618657 541976,672426 540925,671221 457510,616620 458565,618657 541976))
31284;POLYGON((448722 5548696,502465 5551965,507926 5468597,453347 5465314,448722 5548696))
31285;POLYGON((533710 5541020,587478 5542127,589602 5458717,535001 5457606,533710 5541020))
31286;POLYGON((618657 5541976,672426 5540925,671221 5457510,616620 5458565,618657 5541976))
31287;POLYGON((483759 678691,537554 679756,539609 596335,485009 595253,483759 678691))
25833;POLYGON((464166 5538750,517916 5538660,518193 5455277,463612 5455367,464166 5538750))
25832;POLYGON((894063 5553139,947764 5557372,954714 5474070,900175 5469819,894063 5553139))
