4326;POLYGON((13.75 46.5,14.5 46.5,14.5 45.75,13.75 45.75,13.75 46.5))
31254;POLYGON((262286 156860,319852 159625,324226 76267,265871 73499,262286 156860))
31255;POLYGON((32036 151267,89608 151842,90829 68477,32470 67901,32036 151267))
31256;POLYGON((-198218 154424,-140648 152812,-142574 69447,-200932 71061,-198218 154424))
31257;POLYGON((412286 156860,469852 159625,474226 76267,415871 73499,412286 156860))
31258;POLYGON((482036 151267,539608 151842,540829 68477,482470 67901,482036 151267))
31259;POLYGON((551781 154424,609351 152812,607425 69447,549067 71061,551781 154424))
31284;POLYGON((412286 5156860,469852 5159625,474226 5076267,415871 5073499,412286 5156860))
31285;POLYGON((482036 5151267,539608 5151842,540829 5068477,482470 5067901,482036 5151267))
31286;POLYGON((551781 5154424,609351 5152812,607425 5069447,549067 5071061,551781 5154424))
31287;POLYGON((432029 289002,489588 289586,490837 206234,432473 205641,432029 289002))
25833;POLYGON((404085 5150362,461634 5149724,461109 5066392,402774 5067031,404085 5150362))
25832;POLYGON((864454 5160574,921991 5164317,927774 5081000,869445 5077253,864454 5160574))
