4326;POLYGON((14.5 48.75,15.25 48.75,15.25 48.0,14.5 48.0,14.5 48.75))
31254;POLYGON((306401 409729,361532 413020,366890 329657,310939 326356,306401 409729))
31255;POLYGON((85853 402002,141004 403116,143087 319722,87120 318605,85853 402002))
31256;POLYGON((-134724 402964,-79573 401906,-80755 318509,-136723 319570,-134724 402964))
31257;POLYGON((456401 409729,511532 413020,516890 329657,460939 326356,456401 409729))
31258;POLYGON((535853 402002,591004 403116,593087 319722,537120 318605,535853 402002))
31259;POLYGON((615275 402964,670426 401906,669244 318509,613276 319570,615275 402964))
31284;POLYGON((456401 5409729,511532 5413020,516890 5329657,460939 5326356,456401 5409729))
31285;POLYGON((535853 5402002,591004 5403116,593087 5319722,537120 5318605,535853 5402002))
31286;POLYGON((615275 5402964,670426 5401906,669244 5318509,613276 5319570,615275 5402964))
31287;POLYGON((485842 539654,540979 540746,543032 457390,487091 456282,485842 539654))
25833;POLYGON((463246 5399785,518376 5399695,518648 5316330,462702 5316421,463246 5399785))
25832;POLYGON((904212 5414272,959304 5418534,966124 5335229,910209 5330953,904212 5414272))
