4326;POLYGON((14.25 48.5,15.0 48.5,15.0 47.75,14.25 47.75,14.25 48.5))
31254;POLYGON((289450 380961,344857 384073,349921 300708,293697 297587,289450 380961))
31255;POLYGON((67802 373951,123227 374885,125031 291493,68793 290557,67802 373951))
31256;POLYGON((-153867 375639,-98444 374399,-99892 291006,-156129 292249,-153867 375639))
31257;POLYGON((439450 380961,494857 384073,499921 300708,443697 297587,439450 380961))
31258;POLYGON((517802 373951,573227 374885,575031 291493,518793 290557,517802 373951))
31259;POLYGON((596132 375639,651555 374399,650107 291006,593870 292249,596132 375639))
31284;POLYGON((439450 5380961,494857 5384073,499921 5300708,443697 5297587,439450 5380961))
31285;POLYGON((517802 5373951,573227 5374885,575031 5291493,518793 5290557,517802 5373951))
31286;POLYGON((596132 5375639,651555 5374399,650107 5291006,593870 5292249,596132 5375639))
31287;POLYGON((467788 511613,523196 512532,524981 429179,468768 428247,467788 511613))
25833;POLYGON((444596 5372147,500000 5371875,499999 5288514,443783 5288786,444596 5372147))
25832;POLYGON((887761 5385198,943132 5389283,949652 5305972,893461 5301875,887761 5385198))
