4326;POLYGON((13.75 47.75,14.5 47.75,14.5 47.0,13.75 47.0,13.75 47.75))
31254;POLYGON((256211 295810,312439 298566,316905 215200,259871 212437,256211 295810))
31255;POLYGON((31300 290235,87539 290808,88785 207425,31743 206851,31300 290235))
31256;POLYGON((-193619 293382,-137383 291774,-139350 208393,-196390 210004,-193619 293382))
31257;POLYGON((406211 295810,462439 298566,466905 215200,409871 212437,406211 295810))
31258;POLYGON((481300 290235,537539 290808,538785 207425,481743 206851,481300 290235))
31259;POLYGON((556380 293382,612616 291774,610649 208393,553609 210004,556380 293382))
31284;POLYGON((406211 5295810,462439 5298566,466905 5215200,409871 5212437,406211 5295810))
31285;POLYGON((481300 5290235,537539 5290808,538785 5207425,481743 5206851,481300 5290235))
31286;POLYGON((556380 5293382,612616 5291774,610649 5208393,553609 5210004,556380 5293382))
31287;POLYGON((431289 427926,487507 428497,488756 345150,431733 344571,431289 427926))
25833;POLYGON((406306 5289270,462522 5288635,461987 5205285,404968 5205922,406306 5289270))
25832;POLYGON((855998 5299449,912192 5303180,918095 5219862,861092 5216123,855998 5299449))
