4326;POLYGON((14.25 46.5,15.0 46.5,15.0 45.75,14.25 45.75,14.25 46.5))
31254;POLYGON((300664 158642,358228 161774,363130 78418,304775 75284,300664 158642))
31255;POLYGON((70417 151590,127989 152529,129735 69165,71376 68224,70417 151590))
31256;POLYGON((-159838 153288,-102267 152041,-103669 68676,-162027 69924,-159838 153288))
31257;POLYGON((450664 158642,508228 161774,513130 78418,454775 75284,450664 158642))
31258;POLYGON((520417 151590,577989 152529,579735 69165,521376 68224,520417 151590))
31259;POLYGON((590161 153288,647732 152041,646330 68676,587972 69924,590161 153288))
31284;POLYGON((450664 5158642,508228 5161774,513130 5078418,454775 5075284,450664 5158642))
31285;POLYGON((520417 5151590,577989 5152529,579735 5069165,521376 5068224,520417 5151590))
31286;POLYGON((590161 5153288,647732 5152041,646330 5068676,587972 5069924,590161 5153288))
31287;POLYGON((470402 289330,527956 290285,529741 206942,471383 205974,470402 289330))
25833;POLYGON((442451 5149876,499999 5149603,500000 5066271,441664 5066544,442451 5149876))
25832;POLYGON((902813 5163008,960347 5167118,966659 5083805,908331 5079690,902813 5163008))
