4326;POLYGON((13.75 50.25,14.5 50.25,14.5 49.5,13.75 49.5,13.75 50.25))
31254;POLYGON((243698 573769,297169 576491,301811 493108,247502 490373,243698 573769))
31255;POLYGON((29784 568261,83276 568827,84572 485409,30245 484840,29784 568261))
31256;POLYGON((-184144 571369,-130658 569781,-132703 486368,-187024 487963,-184144 571369))
31257;POLYGON((393698 573769,447169 576491,451811 493108,397502 490373,393698 573769))
31258;POLYGON((479784 568261,533276 568827,534572 485409,480245 484840,479784 568261))
31259;POLYGON((565855 571369,619341 569781,617296 486368,562975 487963,565855 571369))
31284;POLYGON((393698 5573769,447169 5576491,451811 5493108,397502 5490373,393698 5573769))
31285;POLYGON((479784 5568261,533276 5568827,534572 5485409,480245 5484840,479784 5568261))
31286;POLYGON((565855 5571369,619341 5569781,617296 5486368,562975 5487963,565855 5571369))
31287;POLYGON((429808 705972,483342 706516,484592 623060,430253 622508,429808 705972))
25833;POLYGON((410882 5567174,464352 5566547,463796 5483160,409491 5483791,410882 5567174))
25832;POLYGON((838579 5577229,892011 5580913,898145 5497592,843874 5493891,838579 5577229))
