4326;POLYGON((14.0 48.5,14.75 48.5,14.75 47.75,14.0 47.75,14.0 48.5))
31254;POLYGON((270979 380045,326389 382975,331181 299607,274954 296668,270979 380045))
31255;POLYGON((49327 373760,104752 374513,106285 291120,50046 290365,49327 373760))
31256;POLYGON((-172341 376173,-116918 374752,-118638 291360,-174874 292785,-172341 376173))
31257;POLYGON((420979 380045,476389 382975,481181 299607,424954 296668,420979 380045))
31258;POLYGON((499327 373760,554752 374513,556285 291120,500046 290365,499327 373760))
31259;POLYGON((577658 376173,633081 374752,631361 291360,575125 292785,577658 376173))
31284;POLYGON((420979 5380045,476389 5382975,481181 5299607,424954 5296668,420979 5380045))
31285;POLYGON((499327 5373760,554752 5374513,556285 5291120,500046 5290365,499327 5373760))
31286;POLYGON((577658 5376173,633081 5374752,631361 5291360,575125 5292785,577658 5376173))
31287;POLYGON((449317 511426,504728 512167,506245 428808,450029 428056,449317 511426))
25833;POLYGON((426128 5372358,481532 5371905,481261 5288544,425045 5288998,426128 5372358))
25832;POLYGON((869302 5383958,924676 5387860,930922 5304545,874730 5300632,869302 5383958))
