4326;POLYGON((14.0 47.5,14.75 47.5,14.75 46.75,14.0 46.75,14.0 47.5))
31254;POLYGON((276269 268877,332765 271818,337481 188456,280181 185509,276269 268877))
31255;POLYGON((50284 262570,106792 263325,108300 179946,50992 179189,50284 262570))
31256;POLYGON((-175712 264991,-119206 263565,-120898 180186,-178204 181616,-175712 264991))
31257;POLYGON((426269 268877,482765 271818,487481 188456,430181 185509,426269 268877))
31258;POLYGON((500284 262570,556792 263325,558300 179946,500992 179189,500284 262570))
31259;POLYGON((574287 264991,630793 263565,629101 180186,571795 181616,574287 264991))
31284;POLYGON((426269 5268877,482765 5271818,487481 5188456,430181 5185509,426269 5268877))
31285;POLYGON((500284 5262570,556792 5263325,558300 5179946,500992 5179189,500284 5262570))
31286;POLYGON((574287 5264991,630793 5263565,629101 5180186,571795 5181616,574287 5264991))
31287;POLYGON((450267 400271,506750 401026,508267 317685,450979 316919,450267 400271))
25833;POLYGON((424686 5261214,481171 5260760,480905 5177413,423620 5177868,424686 5261214))
25832;POLYGON((876525 5272857,932988 5276774,939136 5193459,881867 5189534,876525 5272857))
