4326;POLYGON((14.25 48.75,15.0 48.75,15.0 48.0,14.25 48.0,14.25 48.75))
31254;POLYGON((288023 408754,343156 411863,348240 328496,292287 325377,288023 408754))
31255;POLYGON((67469 401751,122621 402684,124432 319289,68464 318353,67469 401751))
31256;POLYGON((-153107 403437,-97957 402199,-99411 318802,-155378 320045,-153107 403437))
31257;POLYGON((438023 408754,493156 411863,498240 328496,442287 325377,438023 408754))
31258;POLYGON((517469 401751,572621 402684,574432 319289,518464 318353,517469 401751))
31259;POLYGON((596892 403437,652042 402199,650588 318802,594621 320045,596892 403437))
31284;POLYGON((438023 5408754,493156 5411863,498240 5328496,442287 5325377,438023 5408754))
31285;POLYGON((517469 5401751,572621 5402684,574432 5319289,518464 5318353,517469 5401751))
31286;POLYGON((596892 5403437,652042 5402199,650588 5318802,594621 5320045,596892 5403437))
31287;POLYGON((467461 539408,522601 540323,524386 456961,468442 456033,467461 539408))
25833;POLYGON((444869 5399936,500000 5399665,499999 5316300,444053 5316572,444869 5399936))
25832;POLYGON((885845 5412973,940941 5417053,947487 5333742,891569 5329649,885845 5412973))
