4326;POLYGON((14.5 47.75,15.25 47.75,15.25 47.0,14.5 47.0,14.5 47.75))
31254;POLYGON((312439 298566,368662 301870,373935 218511,316905 215200,312439 298566))
31255;POLYGON((87539 290808,143776 291927,145826 208546,88785 207425,87539 290808))
31256;POLYGON((-137383 291774,-81146 290713,-82309 207329,-139350 208393,-137383 291774))
31257;POLYGON((462439 298566,518662 301870,523935 218511,466905 215200,462439 298566))
31258;POLYGON((537539 290808,593776 291927,595826 208546,538785 207425,537539 290808))
31259;POLYGON((612616 291774,668853 290713,667690 207329,610649 208393,612616 291774))
31284;POLYGON((462439 5298566,518662 5301870,523935 5218511,466905 5215200,462439 5298566))
31285;POLYGON((537539 5290808,593776 5291927,595826 5208546,538785 5207425,537539 5290808))
31286;POLYGON((612616 5291774,668853 5290713,667690 5207329,610649 5208393,612616 5291774))
31287;POLYGON((487507 428497,543716 429611,545769 346279,488756 345150,487507 428497))
25833;POLYGON((462522 5288635,518738 5288544,519006 5205194,461987 5205285,462522 5288635))
25832;POLYGON((912192 5303180,968380 5307460,975093 5224151,918095 5219862,912192 5303180))
