4326;POLYGON((14.25 48.0,15.0 48.0,15.0 47.25,14.25 47.25,14.25 48.0))
31254;POLYGON((292287 325377,348240 328496,353264 245133,296501 242007,292287 325377))
31255;POLYGON((68464 318353,124432 319289,126221 235904,69446 234966,68464 318353))
31256;POLYGON((-155378 320045,-99411 318802,-100848 235416,-157622 236662,-155378 320045))
31257;POLYGON((442287 325377,498240 328496,503264 245133,446501 242007,442287 325377))
31258;POLYGON((518464 318353,574432 319289,576221 235904,519446 234966,518464 318353))
31259;POLYGON((594621 320045,650588 318802,649151 235416,592377 236662,594621 320045))
31284;POLYGON((442287 5325377,498240 5328496,503264 5245133,446501 5242007,442287 5325377))
31285;POLYGON((518464 5318353,574432 5319289,576221 5235904,519446 5234966,518464 5318353))
31286;POLYGON((594621 5320045,650588 5318802,649151 5235416,592377 5236662,594621 5320045))
31287;POLYGON((468442 456033,524386 456961,526171 373620,469422 372678,468442 456033))
25833;POLYGON((444053 5316572,499999 5316300,499999 5232946,443247 5233219,444053 5316572))
25832;POLYGON((891569 5329649,947487 5333742,953956 5250431,897225 5246328,891569 5329649))
