4326;POLYGON((14.25 49.0,15.0 49.0,15.0 48.25,14.25 48.25,14.25 49.0))
31254;POLYGON((286590 436547,341448 439652,346552 356284,290871 353169,286590 436547))
31255;POLYGON((67135 429553,122013 430485,123831 347086,68134 346152,67135 429553))
31256;POLYGON((-152345 431237,-97469 430000,-98928 346600,-154624 347841,-152345 431237))
31257;POLYGON((436590 436547,491448 439652,496552 356284,440871 353169,436590 436547))
31258;POLYGON((517135 429553,572013 430485,573831 347086,518134 346152,517135 429553))
31259;POLYGON((597654 431237,652530 430000,651071 346600,595375 347841,597654 431237))
31284;POLYGON((436590 5436547,491448 5439652,496552 5356284,440871 5353169,436590 5436547))
31285;POLYGON((517135 5429553,572013 5430485,573831 5347086,518134 5346152,517135 5429553))
31286;POLYGON((597654 5431237,652530 5430000,651071 5346600,595375 5347841,597654 5431237))
31287;POLYGON((467134 567207,522006 568117,523791 484745,468115 483822,467134 567207))
25833;POLYGON((445143 5427726,499999 5427455,500000 5344087,444324 5344359,445143 5427726))
25832;POLYGON((883923 5440748,938743 5444823,945313 5361512,889668 5357424,883923 5440748))
