4326;POLYGON((13.75 48.5,14.5 48.5,14.5 47.75,13.75 47.75,13.75 48.5))
31254;POLYGON((252508 379189,307920 381938,312439 298566,256211 295810,252508 379189))
31255;POLYGON((30851 373630,86277 374202,87539 290808,31300 290235,30851 373630))
31256;POLYGON((-190814 376768,-135393 375165,-137383 291774,-193619 293382,-190814 376768))
31257;POLYGON((402508 379189,457920 381938,462439 298566,406211 295810,402508 379189))
31258;POLYGON((480851 373630,536277 374202,537539 290808,481300 290235,480851 373630))
31259;POLYGON((559185 376768,614606 375165,612616 291774,556380 293382,559185 376768))
31284;POLYGON((402508 5379189,457920 5381938,462439 5298566,406211 5295810,402508 5379189))
31285;POLYGON((480851 5373630,536277 5374202,537539 5290808,481300 5290235,480851 5373630))
31286;POLYGON((559185 5376768,614606 5375165,612616 5291774,556380 5293382,559185 5376768))
31287;POLYGON((430845 511298,486258 511860,487507 428497,431289 427926,430845 511298))
25833;POLYGON((407661 5372630,463064 5371996,462522 5288635,406306 5289270,407661 5372630))
25832;POLYGON((850842 5382779,906219 5386499,912192 5303180,855998 5299449,850842 5382779))
