4326;POLYGON((13.75 46.25,14.5 46.25,14.5 45.5,13.75 45.5,13.75 46.25))
31254;POLYGON((263486 129072,321316 131839,325672 48483,267055 45714,263486 129072))
31255;POLYGON((32181 123477,90017 124053,91232 40691,32613 40115,32181 123477))
31256;POLYGON((-199127 126636,-141293 125022,-143211 41661,-201829 43276,-199127 126636))
31257;POLYGON((413486 129072,471316 131839,475672 48483,417055 45714,413486 129072))
31258;POLYGON((482181 123477,540017 124053,541232 40691,482613 40115,482181 123477))
31259;POLYGON((550872 126636,608706 125022,606788 41661,548170 43276,550872 126636))
31284;POLYGON((413486 5129072,471316 5131839,475672 5048483,417055 5045714,413486 5129072))
31285;POLYGON((482181 5123477,540017 5124053,541232 5040691,482613 5040115,482181 5123477))
31286;POLYGON((550872 5126636,608706 5125022,606788 5041661,548170 5043276,550872 5126636))
31287;POLYGON((432177 261217,490004 261804,491253 178445,432622 177850,432177 261217))
25833;POLYGON((403646 5122584,461458 5121946,460936 5038618,402341 5039256,403646 5122584))
25832;POLYGON((866125 5132800,923927 5136545,929686 5053228,871095 5049480,866125 5132800))
