4326;POLYGON((14.25 50.25,15.0 50.25,15.0 49.5,14.25 49.5,14.25 50.25))
31254;POLYGON((279346 575524,332812 578607,338013 495233,283709 492136,279346 575524))
31255;POLYGON((65445 568579,118936 569504,120789 486089,66463 485160,65445 568579))
31256;POLYGON((-148487 570251,-94999 569022,-96486 485605,-150810 486839,-148487 570251))
31257;POLYGON((429346 575524,482812 578607,488013 495233,433709 492136,429346 575524))
31258;POLYGON((515445 568579,568936 569504,570789 486089,516463 485160,515445 568579))
31259;POLYGON((601512 570251,655000 569022,653513 485605,599189 486839,601512 570251))
31284;POLYGON((429346 5575524,482812 5578607,488013 5495233,433709 5492136,429346 5575524))
31285;POLYGON((515445 5568579,568936 5569504,570789 5486089,516463 5485160,515445 5568579))
31286;POLYGON((601512 5570251,655000 5569022,653513 5485605,599189 5486839,601512 5570251))
31287;POLYGON((465498 706277,519028 707165,520815 623719,466480 622818,465498 706277))
25833;POLYGON((446529 5566696,500000 5566427,500000 5483040,445694 5483311,446529 5566696))
25832;POLYGON((874201 5579625,927625 5583670,934320 5500362,880056 5496298,874201 5579625))
