4326;POLYGON((13.75 49.0,14.5 49.0,14.5 48.25,13.75 48.25,13.75 49.0))
31254;POLYGON((250014 434779,304877 437522,309432 354147,253747 351395,250014 434779))
31255;POLYGON((30549 429233,85428 429803,86699 346403,31001 345830,30549 429233))
31256;POLYGON((-188927 432363,-134053 430764,-136059 347367,-191753 348971,-188927 432363))
31257;POLYGON((400014 434779,454877 437522,459432 354147,403747 351395,400014 434779))
31258;POLYGON((480549 429233,535428 429803,536699 346403,481001 345830,480549 429233))
31259;POLYGON((561072 432363,615946 430764,613940 347367,558246 348971,561072 432363))
31284;POLYGON((400014 5434779,454877 5437522,459432 5354147,403747 5351395,400014 5434779))
31285;POLYGON((480549 5429233,535428 5429803,536699 5346403,481001 5345830,480549 5429233))
31286;POLYGON((561072 5432363,615946 5430764,613940 5347367,558246 5348971,561072 5432363))
31287;POLYGON((430549 566894,485425 567451,486675 484070,430993 483505,430549 566894))
25833;POLYGON((408572 5428208,463428 5427576,462882 5344208,407207 5344842,408572 5428208))
25832;POLYGON((847371 5438334,902197 5442045,908218 5358726,852567 5355002,847371 5438334))
