4326;POLYGON((13.75 50.0,14.5 50.0,14.5 49.25,13.75 49.25,13.75 50.0))
31254;POLYGON((244970 545969,298722 548696,303347 465314,248760 462576,244970 545969))
31255;POLYGON((29938 540453,83710 541020,85001 457606,30397 457036,29938 540453))
31256;POLYGON((-185107 543566,-131342 541976,-133379 458565,-187977 460162,-185107 543566))
31257;POLYGON((394970 545969,448722 548696,453347 465314,398760 462576,394970 545969))
31258;POLYGON((479938 540453,533710 541020,535001 457606,480397 457036,479938 540453))
31259;POLYGON((564892 543566,618657 541976,616620 458565,562022 460162,564892 543566))
31284;POLYGON((394970 5545969,448722 5548696,453347 5465314,398760 5462576,394970 5545969))
31285;POLYGON((479938 5540453,533710 5541020,535001 5457606,480397 5457036,479938 5540453))
31286;POLYGON((564892 5543566,618657 5541976,616620 5458565,562022 5460162,564892 5543566))
31287;POLYGON((429957 678144,483759 678691,485009 595253,430401 594699,429957 678144))
25833;POLYGON((410417 5539379,464166 5538750,463612 5455367,409031 5455999,410417 5539379))
25832;POLYGON((840350 5549449,894063 5553139,900175 5469819,845626 5466112,840350 5549449))
