4326;POLYGON((13.75 46.75,14.5 46.75,14.5 46.0,13.75 46.0,13.75 46.75))
31254;POLYGON((261081 184648,318381 187412,322774 104053,264681 101285,261081 184648))
31255;POLYGON((31890 179058,89197 179633,90423 96264,32326 95689,31890 179058))
31256;POLYGON((-197306 182214,-140000 180602,-141935 97234,-200031 98848,-197306 182214))
31257;POLYGON((411081 184648,468381 187412,472774 104053,414681 101285,411081 184648))
31258;POLYGON((481890 179058,539197 179633,540423 96264,482326 95689,481890 179058))
31259;POLYGON((552693 182214,609999 180602,608064 97234,549968 98848,552693 182214))
31284;POLYGON((411081 5184648,468381 5187412,472774 5104053,414681 5101285,411081 5184648))
31285;POLYGON((481890 5179058,539197 5179633,540423 5096264,482326 5095689,481890 5179058))
31286;POLYGON((552693 5182214,609999 5180602,608064 5097234,549968 5098848,552693 5182214))
31287;POLYGON((431881 316787,489172 317368,490420 234020,432325 233430,431881 316787))
25833;POLYGON((404526 5178141,461810 5177504,461283 5094169,403209 5094807,404526 5178141))
25832;POLYGON((862777 5188348,920047 5192089,925854 5108772,867788 5105026,862777 5188348))
