4326;POLYGON((14.25 47.25,15.0 47.25,15.0 46.5,14.25 46.5,14.25 47.25))
31254;POLYGON((296501 242007,353264 245133,358228 161774,300664 158642,296501 242007))
31255;POLYGON((69446 234966,126221 235904,127989 152529,70417 151590,69446 234966))
31256;POLYGON((-157622 236662,-100848 235416,-102267 152041,-159838 153288,-157622 236662))
31257;POLYGON((446501 242007,503264 245133,508228 161774,450664 158642,446501 242007))
31258;POLYGON((519446 234966,576221 235904,577989 152529,520417 151590,519446 234966))
31259;POLYGON((592377 236662,649151 235416,647732 152041,590161 153288,592377 236662))
31284;POLYGON((446501 5242007,503264 5245133,508228 5161774,450664 5158642,446501 5242007))
31285;POLYGON((519446 5234966,576221 5235904,577989 5152529,520417 5151590,519446 5234966))
31286;POLYGON((592377 5236662,649151 5235416,647732 5152041,590161 5153288,592377 5236662))
31287;POLYGON((469422 372678,526171 373620,527956 290285,470402 289330,469422 372678))
25833;POLYGON((443247 5233219,499999 5232946,499999 5149603,442451 5149876,443247 5233219))
25832;POLYGON((897225 5246328,953956 5250431,960347 5167118,902813 5163008,897225 5246328))
