4326;POLYGON((14.0 49.75,14.75 49.75,14.75 49.0,14.0 49.0,14.0 49.75))
31254;POLYGON((264250 519021,318278 521933,323163 438557,268303 435633,264250 519021))
31255;POLYGON((48109 512775,102158 513524,103720 430114,48842 429363,48109 512775))
31256;POLYGON((-168053 515173,-114008 513760,-115761 430352,-170636 431770,-168053 515173))
31257;POLYGON((414250 519021,468278 521933,473163 438557,418303 435633,414250 519021))
31258;POLYGON((498109 512775,552158 513524,553720 430114,498842 429363,498109 512775))
31259;POLYGON((581946 515173,635991 513760,634238 430352,579363 431770,581946 515173))
31284;POLYGON((414250 5519021,468278 5521933,473163 5438557,418303 5435633,414250 5519021))
31285;POLYGON((498109 5512775,552158 5513524,553720 5430114,498842 5429363,498109 5512775))
31286;POLYGON((581946 5515173,635991 5513760,634238 5430352,579363 5431770,581946 5515173))
31287;POLYGON((448129 650448,502198 651171,503716 567755,448842 567021,448129 650448))
25833;POLYGON((427962 5511314,481990 5510865,481714 5427485,426857 5427937,427962 5511314))
25832;POLYGON((860114 5522841,914103 5526718,920471 5443404,865648 5439511,860114 5522841))
