4326;POLYGON((14.25 48.25,15.0 48.25,15.0 47.5,14.25 47.5,14.25 48.25))
31254;POLYGON((290871 353169,346552 356284,351596 272920,295102 269796,290871 353169))
31255;POLYGON((68134 346152,123831 347086,125627 263698,69120 262761,68134 346152))
31256;POLYGON((-154624 347841,-98928 346600,-100371 263211,-156877 264455,-154624 347841))
31257;POLYGON((440871 353169,496552 356284,501596 272920,445102 269796,440871 353169))
31258;POLYGON((518134 346152,573831 347086,575627 263698,519120 262761,518134 346152))
31259;POLYGON((595375 347841,651071 346600,649628 263211,593122 264455,595375 347841))
31284;POLYGON((440871 5353169,496552 5356284,501596 5272920,445102 5269796,440871 5353169))
31285;POLYGON((518134 5346152,573831 5347086,575627 5263698,519120 5262761,518134 5346152))
31286;POLYGON((595375 5347841,651071 5346600,649628 5263211,593122 5264455,595375 5347841))
31287;POLYGON((468115 483822,523791 484745,525576 401399,469095 400462,468115 483822))
25833;POLYGON((444324 5344359,500000 5344087,499999 5260729,443515 5261002,444324 5344359))
25832;POLYGON((889668 5357424,945313 5361512,951808 5278201,895347 5274101,889668 5357424))
