4326;POLYGON((13.75 47.0,14.5 47.0,14.5 46.25,13.75 46.25,13.75 47.0))
31254;POLYGON((259871 212437,316905 215200,321316 131839,263486 129072,259871 212437))
31255;POLYGON((31743 206851,88785 207425,90017 124053,32181 123477,31743 206851))
31256;POLYGON((-196390 210004,-139350 208393,-141293 125022,-199127 126636,-196390 210004))
31257;POLYGON((409871 212437,466905 215200,471316 131839,413486 129072,409871 212437))
31258;POLYGON((481743 206851,538785 207425,540017 124053,482181 123477,481743 206851))
31259;POLYGON((553609 210004,610649 208393,608706 125022,550872 126636,553609 210004))
31284;POLYGON((409871 5212437,466905 5215200,471316 5131839,413486 5129072,409871 5212437))
31285;POLYGON((481743 5206851,538785 5207425,540017 5124053,482181 5123477,481743 5206851))
31286;POLYGON((553609 5210004,610649 5208393,608706 5125022,550872 5126636,553609 5210004))
31287;POLYGON((431733 344571,488756 345150,490004 261804,432177 261217,431733 344571))
25833;POLYGON((404968 5205922,461987 5205285,461458 5121946,403646 5122584,404968 5205922))
25832;POLYGON((861092 5216123,918095 5219862,923927 5136545,866125 5132800,861092 5216123))
