4326;POLYGON((14.5 48.5,15.25 48.5,15.25 47.75,14.5 47.75,14.5 48.5))
31254;POLYGON((307920 381938,363325 385232,368662 301870,312439 298566,307920 381938))
31255;POLYGON((86277 374202,141701 375317,143776 291927,87539 290808,86277 374202))
31256;POLYGON((-135393 375165,-79969 374106,-81146 290713,-137383 291774,-135393 375165))
31257;POLYGON((457920 381938,513325 385232,518662 301870,462439 298566,457920 381938))
31258;POLYGON((536277 374202,591701 375317,593776 291927,537539 290808,536277 374202))
31259;POLYGON((614606 375165,670030 374106,668853 290713,612616 291774,614606 375165))
31284;POLYGON((457920 5381938,513325 5385232,518662 5301870,462439 5298566,457920 5381938))
31285;POLYGON((536277 5374202,591701 5375317,593776 5291927,537539 5290808,536277 5374202))
31286;POLYGON((614606 5375165,670030 5374106,668853 5290713,612616 5291774,614606 5375165))
31287;POLYGON((486258 511860,541663 512958,543716 429611,487507 428497,486258 511860))
25833;POLYGON((463064 5371996,518467 5371905,518738 5288544,462522 5288635,463064 5371996))
25832;POLYGON((906219 5386499,961586 5390766,968380 5307460,912192 5303180,906219 5386499))
