4326;POLYGON((14.0 49.25,14.75 49.25,14.75 48.5,14.0 48.5,14.0 49.25))
31254;POLYGON((266957 463428,321541 466348,326389 382975,270979 380045,266957 463428))
31255;POLYGON((48599 457166,103201 457916,104752 374513,49327 373760,48599 457166))
31256;POLYGON((-169778 459570,-115179 458154,-116918 374752,-172341 376173,-169778 459570))
31257;POLYGON((416957 463428,471541 466348,476389 382975,420979 380045,416957 463428))
31258;POLYGON((498599 457166,553201 457916,554752 374513,499327 373760,498599 457166))
31259;POLYGON((580221 459570,634820 458154,633081 374752,577658 376173,580221 459570))
31284;POLYGON((416957 5463428,471541 5466348,476389 5382975,420979 5380045,416957 5463428))
31285;POLYGON((498599 5457166,553201 5457916,554752 5374513,499327 5373760,498599 5457166))
31286;POLYGON((580221 5459570,634820 5458154,633081 5374752,577658 5376173,580221 5459570))
31287;POLYGON((448604 594825,503210 595555,504728 512167,449317 511426,448604 594825))
25833;POLYGON((427224 5455728,481806 5455277,481532 5371905,426128 5372358,427224 5455728))
25832;POLYGON((863810 5467287,918356 5471175,924676 5387860,869302 5383958,863810 5467287))
