4326;POLYGON((13.75 48.75,14.5 48.75,14.5 48.0,13.75 48.0,13.75 48.75))
31254;POLYGON((251263 406984,306401 409729,310939 326356,254982 323602,251263 406984))
31255;POLYGON((30701 401431,85853 402002,87120 318605,31151 318032,30701 401431))
31256;POLYGON((-189872 404565,-134724 402964,-136723 319570,-192688 321176,-189872 404565))
31257;POLYGON((401263 406984,456401 409729,460939 326356,404982 323602,401263 406984))
31258;POLYGON((480701 401431,535853 402002,537120 318605,481151 318032,480701 401431))
31259;POLYGON((560127 404565,615275 402964,613276 319570,557311 321176,560127 404565))
31284;POLYGON((401263 5406984,456401 5409729,460939 5326356,404982 5323602,401263 5406984))
31285;POLYGON((480701 5401431,535853 5402002,537120 5318605,481151 5318032,480701 5401431))
31286;POLYGON((560127 5404565,615275 5402964,613276 5319570,557311 5321176,560127 5404565))
31287;POLYGON((430697 539094,485842 539654,487091 456282,431141 455714,430697 539094))
25833;POLYGON((408116 5400418,463246 5399785,462702 5316421,406756 5317056,408116 5400418))
25832;POLYGON((849110 5410556,904212 5414272,910209 5330953,854286 5327225,849110 5410556))
