4326;POLYGON((14.5 47.0,15.25 47.0,15.25 46.25,14.5 46.25,14.5 47.0))
31254;POLYGON((316905 215200,373935 218511,379144 135155,321316 131839,316905 215200))
31255;POLYGON((88785 207425,145826 208546,147852 125175,90017 124053,88785 207425))
31256;POLYGON((-139350 208393,-82309 207329,-83458 123957,-141293 125022,-139350 208393))
31257;POLYGON((466905 215200,523935 218511,529144 135155,471316 131839,466905 215200))
31258;POLYGON((538785 207425,595826 208546,597852 125175,540017 124053,538785 207425))
31259;POLYGON((610649 208393,667690 207329,666541 123957,608706 125022,610649 208393))
31284;POLYGON((466905 5215200,523935 5218511,529144 5135155,471316 5131839,466905 5215200))
31285;POLYGON((538785 5207425,595826 5208546,597852 5125175,540017 5124053,538785 5207425))
31286;POLYGON((610649 5208393,667690 5207329,666541 5123957,608706 5125022,610649 5208393))
31287;POLYGON((488756 345150,545769 346279,547822 262949,490004 261804,488756 345150))
25833;POLYGON((461987 5205285,519006 5205194,519270 5121855,461458 5121946,461987 5205285))
25832;POLYGON((918095 5219862,975093 5224151,981725 5140841,923927 5136545,918095 5219862))
