4326;POLYGON((14.25 50.0,15.0 50.0,15.0 49.25,14.25 49.25,14.25 50.0))
31254;POLYGON((280806 547727,334552 550815,339734 467442,285152 464341,280806 547727))
31255;POLYGON((65786 540771,119556 541698,121402 458286,66800 457356,65786 540771))
31256;POLYGON((-149264 542446,-95496 541215,-96978 457802,-151579 459038,-149264 542446))
31257;POLYGON((430806 547727,484552 550815,489734 467442,435152 464341,430806 547727))
31258;POLYGON((515786 540771,569556 541698,571402 458286,516800 457356,515786 540771))
31259;POLYGON((600735 542446,654503 541215,653021 457802,598420 459038,600735 542446))
31284;POLYGON((430806 5547727,484552 5550815,489734 5467442,435152 5464341,430806 5547727))
31285;POLYGON((515786 5540771,569556 5541698,571402 5458286,516800 5457356,515786 5540771))
31286;POLYGON((600735 5542446,654503 5541215,653021 5457802,598420 5459038,600735 5542446))
31287;POLYGON((465826 678451,519624 679343,521410 595916,466807 595010,465826 678451))
25833;POLYGON((446249 5538900,499999 5538630,500000 5455247,445418 5455518,446249 5538900))
25832;POLYGON((876160 5551849,929865 5555901,936536 5472592,881993 5468523,876160 5551849))
