4326;POLYGON((14.25 47.5,15.0 47.5,15.0 46.75,14.25 46.75,14.25 47.5))
31254;POLYGON((295102 269796,351596 272920,356580 189560,299282 186430,295102 269796))
31255;POLYGON((69120 262761,125627 263698,127402 180320,70095 179381,69120 262761))
31256;POLYGON((-156877 264455,-100371 263211,-101796 179832,-159102 181078,-156877 264455))
31257;POLYGON((445102 269796,501596 272920,506580 189560,449282 186430,445102 269796))
31258;POLYGON((519120 262761,575627 263698,577402 180320,520095 179381,519120 262761))
31259;POLYGON((593122 264455,649628 263211,648203 179832,590897 181078,593122 264455))
31284;POLYGON((445102 5269796,501596 5272920,506580 5189560,449282 5186430,445102 5269796))
31285;POLYGON((519120 5262761,575627 5263698,577402 5180320,520095 5179381,519120 5262761))
31286;POLYGON((593122 5264455,649628 5263211,648203 5179832,590897 5181078,593122 5264455))
31287;POLYGON((469095 400462,525576 401399,527361 318063,470076 317113,469095 400462))
25833;POLYGON((443515 5261002,499999 5260729,500000 5177383,442715 5177656,443515 5261002))
25832;POLYGON((895347 5274101,951808 5278201,958225 5194889,900958 5190781,895347 5274101))
