4326;POLYGON((14.5 48.0,15.25 48.0,15.25 47.25,14.5 47.25,14.5 48.0))
31254;POLYGON((310939 326356,366890 329657,372184 246297,315422 242988,310939 326356))
31255;POLYGON((87120 318605,143087 319722,145146 236338,88372 235218,87120 318605))
31256;POLYGON((-136723 319570,-80755 318509,-81923 235123,-138697 236186,-136723 319570))
31257;POLYGON((460939 326356,516890 329657,522184 246297,465422 242988,460939 326356))
31258;POLYGON((537120 318605,593087 319722,595146 236338,538372 235218,537120 318605))
31259;POLYGON((613276 319570,669244 318509,668076 235123,611302 236186,613276 319570))
31284;POLYGON((460939 5326356,516890 5329657,522184 5246297,465422 5242988,460939 5326356))
31285;POLYGON((537120 5318605,593087 5319722,595146 5236338,538372 5235218,537120 5318605))
31286;POLYGON((613276 5319570,669244 5318509,668076 5235123,611302 5236186,613276 5319570))
31287;POLYGON((487091 456282,543032 457390,545085 374055,488339 372931,487091 456282))
25833;POLYGON((462702 5316421,518648 5316330,518917 5232976,462164 5233067,462702 5316421))
25832;POLYGON((910209 5330953,966124 5335229,972864 5251921,916136 5247634,910209 5330953))
