4326;POLYGON((14.25 49.25,15.0 49.25,15.0 48.5,14.25 48.5,14.25 49.25))
31254;POLYGON((285152 464341,339734 467442,344857 384073,289450 380961,285152 464341))
31255;POLYGON((66800 457356,121402 458286,123227 374885,67802 373951,66800 457356))
31256;POLYGON((-151579 459038,-96978 457802,-98444 374399,-153867 375639,-151579 459038))
31257;POLYGON((435152 464341,489734 467442,494857 384073,439450 380961,435152 464341))
31258;POLYGON((516800 457356,571402 458286,573227 374885,517802 373951,516800 457356))
31259;POLYGON((598420 459038,653021 457802,651555 374399,596132 375639,598420 459038))
31284;POLYGON((435152 5464341,489734 5467442,494857 5384073,439450 5380961,435152 5464341))
31285;POLYGON((516800 5457356,571402 5458286,573227 5374885,517802 5373951,516800 5457356))
31286;POLYGON((598420 5459038,653021 5457802,651555 5374399,596132 5375639,598420 5459038))
31287;POLYGON((466807 595010,521410 595916,523196 512532,467788 511613,466807 595010))
25833;POLYGON((445418 5455518,500000 5455247,500000 5371875,444596 5372147,445418 5455518))
25832;POLYGON((881993 5468523,936536 5472592,943132 5389283,887761 5385198,881993 5468523))
