4326;POLYGON((14.25 49.75,15.0 49.75,15.0 49.0,14.25 49.0,14.25 49.75))
31254;POLYGON((282260 519931,336286 523024,341448 439652,286590 436547,282260 519931))
31255;POLYGON((66125 512965,120173 513893,122013 430485,67135 429553,66125 512965))
31256;POLYGON((-150039 514642,-95992 513410,-97469 430000,-152345 431237,-150039 514642))
31257;POLYGON((432260 519931,486286 523024,491448 439652,436590 436547,432260 519931))
31258;POLYGON((516125 512965,570173 513893,572013 430485,517135 429553,516125 512965))
31259;POLYGON((599960 514642,654007 513410,652530 430000,597654 431237,599960 514642))
31284;POLYGON((432260 5519931,486286 5523024,491448 5439652,436590 5436547,432260 5519931))
31285;POLYGON((516125 5512965,570173 5513893,572013 5430485,517135 5429553,516125 5512965))
31286;POLYGON((599960 5514642,654007 5513410,652530 5430000,597654 5431237,599960 5514642))
31287;POLYGON((466153 650631,520219 651528,522006 568117,467134 567207,466153 650631))
25833;POLYGON((445971 5511105,500000 5510835,499999 5427455,445143 5427726,445971 5511105))
25832;POLYGON((878112 5524073,932097 5528132,938743 5444823,883923 5440748,878112 5524073))
