4326;POLYGON((14.25 47.0,15.0 47.0,15.0 46.25,14.25 46.25,14.25 47.0))
31254;POLYGON((297894 214218,354925 217346,359869 133988,302040 130855,297894 214218))
31255;POLYGON((69771 207173,126813 208112,128573 124740,70738 123800,69771 207173))
31256;POLYGON((-158364 208870,-101323 207623,-102736 124251,-160571 125499,-158364 208870))
31257;POLYGON((447894 214218,504925 217346,509869 133988,452040 130855,447894 214218))
31258;POLYGON((519771 207173,576813 208112,578573 124740,520738 123800,519771 207173))
31259;POLYGON((591635 208870,648676 207623,647263 124251,589428 125499,591635 208870))
31284;POLYGON((447894 5214218,504925 5217346,509869 5133988,452040 5130855,447894 5214218))
31285;POLYGON((519771 5207173,576813 5208112,578573 5124740,520738 5123800,519771 5207173))
31286;POLYGON((591635 5208870,648676 5207623,647263 5124251,589428 5125499,591635 5208870))
31287;POLYGON((469749 344896,526766 345841,528551 262505,470729 261546,469749 344896))
25833;POLYGON((442980 5205437,499999 5205164,500000 5121824,442187 5122098,442980 5205437))
25832;POLYGON((899095 5218554,956095 5222660,962460 5139347,904660 5135235,899095 5218554))
