4326;POLYGON((14.5 47.5,15.25 47.5,15.25 46.75,14.5 46.75,14.5 47.5))
31254;POLYGON((313934 270777,370427 274083,375679 190725,318381 187412,313934 270777))
31255;POLYGON((87956 263013,144462 264132,146504 180754,89197 179633,87956 263013))
31256;POLYGON((-138042 263980,-81535 262917,-82693 179537,-140000 180602,-138042 263980))
31257;POLYGON((463934 270777,520427 274083,525679 190725,468381 187412,463934 270777))
31258;POLYGON((537956 263013,594462 264132,596504 180754,539197 179633,537956 263013))
31259;POLYGON((611957 263980,668464 262917,667306 179537,609999 180602,611957 263980))
31284;POLYGON((463934 5270777,520427 5274083,525679 5190725,468381 5187412,463934 5270777))
31285;POLYGON((537956 5263013,594462 5264132,596504 5180754,539197 5179633,537956 5263013))
31286;POLYGON((611957 5263980,668464 5262917,667306 5179537,609999 5180602,611957 5263980))
31287;POLYGON((487923 400714,544401 401832,546454 318503,489172 317368,487923 400714))
25833;POLYGON((462343 5260850,518828 5260760,519094 5177413,461810 5177504,462343 5260850))
25832;POLYGON((914168 5275407,970627 5279690,977313 5196381,920047 5192089,914168 5275407))
