4326;POLYGON((14.5 49.25,15.25 49.25,15.25 48.5,14.5 48.5,14.5 49.25))
31254;POLYGON((303347 465314,357926 468597,363325 385232,307920 381938,303347 465314))
31255;POLYGON((85001 457606,139602 458717,141701 375317,86277 374202,85001 457606))
31256;POLYGON((-133379 458565,-78778 457510,-79969 374106,-135393 375165,-133379 458565))
31257;POLYGON((453347 465314,507926 468597,513325 385232,457920 381938,453347 465314))
31258;POLYGON((535001 457606,589602 458717,591701 375317,536277 374202,535001 457606))
31259;POLYGON((616620 458565,671221 457510,670030 374106,614606 375165,616620 458565))
31284;POLYGON((453347 5465314,507926 5468597,513325 5385232,457920 5381938,453347 5465314))
31285;POLYGON((535001 5457606,589602 5458717,591701 5375317,536277 5374202,535001 5457606))
31286;POLYGON((616620 5458565,671221 5457510,670030 5374106,614606 5375165,616620 5458565))
31287;POLYGON((485009 595253,539609 596335,541663 512958,486258 511860,485009 595253))
25833;POLYGON((463612 5455367,518193 5455277,518467 5371905,463064 5371996,463612 5455367))
25832;POLYGON((900175 5469819,954714 5474070,961586 5390766,906219 5386499,900175 5469819))
