4326;POLYGON((14.5 49.0,15.25 49.0,15.25 48.25,14.5 48.25,14.5 49.0))
31254;POLYGON((304877 437522,359732 440808,365111 357444,309432 354147,304877 437522))
31255;POLYGON((85428 429803,140304 430916,142396 347519,86699 346403,85428 429803))
31256;POLYGON((-134053 430764,-79176 429708,-80363 346307,-136059 347367,-134053 430764))
31257;POLYGON((454877 437522,509732 440808,515111 357444,459432 354147,454877 437522))
31258;POLYGON((535428 429803,590304 430916,592396 347519,536699 346403,535428 429803))
31259;POLYGON((615946 430764,670823 429708,669636 346307,613940 347367,615946 430764))
31284;POLYGON((454877 5437522,509732 5440808,515111 5357444,459432 5354147,454877 5437522))
31285;POLYGON((535428 5429803,590304 5430916,592396 5347519,536699 5346403,535428 5429803))
31286;POLYGON((615946 5430764,670823 5429708,669636 5346307,613940 5347367,615946 5430764))
31287;POLYGON((485425 567451,540294 568538,542348 485173,486675 484070,485425 567451))
25833;POLYGON((463428 5427576,518285 5427485,518558 5344117,462882 5344208,463428 5427576))
25832;POLYGON((902197 5442045,957014 5446302,963860 5362997,908218 5358726,902197 5442045))
