4326;POLYGON((14.0 48.0,14.75 48.0,14.75 47.25,14.0 47.25,14.0 48.0))
31254;POLYGON((273635 324459,329590 327396,334344 244030,277579 241087,273635 324459))
31255;POLYGON((49807 318163,105776 318917,107296 235531,50521 234775,49807 318163))
31256;POLYGON((-174033 320580,-118067 319156,-119773 235771,-176546 237198,-174033 320580))
31257;POLYGON((423635 324459,479590 327396,484344 244030,427579 241087,423635 324459))
31258;POLYGON((499807 318163,555776 318917,557296 235531,500521 234775,499807 318163))
31259;POLYGON((575966 320580,631932 319156,630226 235771,573453 237198,575966 320580))
31284;POLYGON((423635 5324459,479590 5327396,484344 5244030,427579 5241087,423635 5324459))
31285;POLYGON((499807 5318163,555776 5318917,557296 5235531,500521 5234775,499807 5318163))
31286;POLYGON((575966 5320580,631932 5319156,630226 5235771,573453 5237198,575966 5320580))
31287;POLYGON((449792 455844,505739 456592,507256 373245,450504 372486,449792 455844))
25833;POLYGON((425404 5316784,481351 5316330,481082 5232976,424330 5233431,425404 5316784))
25832;POLYGON((872928 5328407,928848 5332317,935046 5249002,878313 5245082,872928 5328407))
