4326;POLYGON((13.75 49.5,14.5 49.5,14.5 48.75,13.75 48.75,13.75 49.5))
31254;POLYGON((247502 490373,301811 493108,306401 409729,251263 406984,247502 490373))
31255;POLYGON((30245 484840,84572 485409,85853 402002,30701 401431,30245 484840))
31256;POLYGON((-187024 487963,-132703 486368,-134724 402964,-189872 404565,-187024 487963))
31257;POLYGON((397502 490373,451811 493108,456401 409729,401263 406984,397502 490373))
31258;POLYGON((480245 484840,534572 485409,535853 402002,480701 401431,480245 484840))
31259;POLYGON((562975 487963,617296 486368,615275 402964,560127 404565,562975 487963))
31284;POLYGON((397502 5490373,451811 5493108,456401 5409729,401263 5406984,397502 5490373))
31285;POLYGON((480245 5484840,534572 5485409,535853 5402002,480701 5401431,480245 5484840))
31286;POLYGON((562975 5487963,617296 5486368,615275 5402964,560127 5404565,562975 5487963))
31287;POLYGON((430253 622508,484592 623060,485842 539654,430697 539094,430253 622508))
25833;POLYGON((409491 5483791,463796 5483160,463246 5399785,408116 5400418,409491 5483791))
25832;POLYGON((843874 5493891,898145 5497592,904212 5414272,849110 5410556,843874 5493891))
