4326;POLYGON((14.0 48.75,14.75 48.75,14.75 48.0,14.0 48.0,14.0 48.75))
31254;POLYGON((269643 407839,324779 410766,329590 327396,273635 324459,269643 407839))
31255;POLYGON((49085 401561,104237 402313,105776 318917,49807 318163,49085 401561))
31256;POLYGON((-171490 403971,-116341 402551,-118067 319156,-174033 320580,-171490 403971))
31257;POLYGON((419643 407839,474779 410766,479590 327396,423635 324459,419643 407839))
31258;POLYGON((499085 401561,554237 402313,555776 318917,499807 318163,499085 401561))
31259;POLYGON((578509 403971,633658 402551,631932 319156,575966 320580,578509 403971))
31284;POLYGON((419643 5407839,474779 5410766,479590 5327396,423635 5324459,419643 5407839))
31285;POLYGON((499085 5401561,554237 5402313,555776 5318917,499807 5318163,499085 5401561))
31286;POLYGON((578509 5403971,633658 5402551,631932 5319156,575966 5320580,578509 5403971))
31287;POLYGON((449079 539221,504222 539959,505739 456592,449792 455844,449079 539221))
25833;POLYGON((426492 5400147,481623 5399695,481351 5316330,425404 5316784,426492 5400147))
25832;POLYGON((867478 5411734,922577 5415632,928848 5332317,872928 5328407,867478 5411734))
