4326;POLYGON((13.75 47.25,14.5 47.25,14.5 46.5,13.75 46.5,13.75 47.25))
31254;POLYGON((258656 240227,315422 242988,319852 159625,262286 156860,258656 240227))
31255;POLYGON((31596 234644,88372 235218,89608 151842,32036 151267,31596 234644))
31256;POLYGON((-195470 237796,-138697 236186,-140648 152812,-198218 154424,-195470 237796))
31257;POLYGON((408656 240227,465422 242988,469852 159625,412286 156860,408656 240227))
31258;POLYGON((481596 234644,538372 235218,539608 151842,482036 151267,481596 234644))
31259;POLYGON((554529 237796,611302 236186,609351 152812,551781 154424,554529 237796))
31284;POLYGON((408656 5240227,465422 5242988,469852 5159625,412286 5156860,408656 5240227))
31285;POLYGON((481596 5234644,538372 5235218,539608 5151842,482036 5151267,481596 5234644))
31286;POLYGON((554529 5237796,611302 5236186,609351 5152812,551781 5154424,554529 5237796))
31287;POLYGON((431585 372355,488339 372931,489588 289586,432029 289002,431585 372355))
25833;POLYGON((405412 5233704,462164 5233067,461634 5149724,404085 5150362,405412 5233704))
25832;POLYGON((859401 5243898,916136 5247634,921991 5164317,864454 5160574,859401 5243898))
