4326;POLYGON((14.0 49.0,14.75 49.0,14.75 48.25,14.0 48.25,14.0 49.0))
31254;POLYGON((268303 435633,323163 438557,327992 355185,272309 352252,268303 435633))
31255;POLYGON((48842 429363,103720 430114,105265 346714,49568 345961,48842 429363))
31256;POLYGON((-170636 431770,-115761 430352,-117494 346953,-173189 348376,-170636 431770))
31257;POLYGON((418303 435633,473163 438557,477992 355185,422309 352252,418303 435633))
31258;POLYGON((498842 429363,553720 430114,555265 346714,499568 345961,498842 429363))
31259;POLYGON((579363 431770,634238 430352,632505 346953,576810 348376,579363 431770))
31284;POLYGON((418303 5435633,473163 5438557,477992 5355185,422309 5352252,418303 5435633))
31285;POLYGON((498842 5429363,553720 5430114,555265 5346714,499568 5345961,498842 5429363))
31286;POLYGON((579363 5431770,634238 5430352,632505 5346953,576810 5348376,579363 5431770))
31287;POLYGON((448842 567021,503716 567755,505233 484378,449554 483633,448842 567021))
25833;POLYGON((426857 5427937,481714 5427485,481441 5344117,425766 5344570,426857 5427937))
25832;POLYGON((865648 5439511,920471 5443404,926766 5360089,871118 5356182,865648 5439511))
