4326;POLYGON((14.0 47.75,14.75 47.75,14.75 47.0,14.0 47.0,14.0 47.75))
31254;POLYGON((274954 296668,331181 299607,335915 216243,278883 213297,274954 296668))
31255;POLYGON((50046 290365,106285 291120,107799 207738,50757 206981,50046 290365))
31256;POLYGON((-174874 292785,-118638 291360,-120337 207978,-177377 209407,-174874 292785))
31257;POLYGON((424954 296668,481181 299607,485915 216243,428883 213297,424954 296668))
31258;POLYGON((500046 290365,556285 291120,557799 207738,500757 206981,500046 290365))
31259;POLYGON((575125 292785,631361 291360,629662 207978,572622 209407,575125 292785))
31284;POLYGON((424954 5296668,481181 5299607,485915 5216243,428883 5213297,424954 5296668))
31285;POLYGON((500046 5290365,556285 5291120,557799 5207738,500757 5206981,500046 5290365))
31286;POLYGON((575125 5292785,631361 5291360,629662 5207978,572622 5209407,575125 5292785))
31287;POLYGON((450029 428056,506245 428808,507761 345465,450741 344703,450029 428056))
25833;POLYGON((425045 5288998,481261 5288544,480993 5205194,423974 5205649,425045 5288998))
25832;POLYGON((874730 5300632,930922 5304545,937095 5221230,880094 5217308,874730 5300632))
