4326;POLYGON((13.75 49.75,14.5 49.75,14.5 49.0,13.75 49.0,13.75 49.75))
31254;POLYGON((246239 518171,300270 520902,304877 437522,250014 434779,246239 518171))
31255;POLYGON((30092 512646,84142 513214,85428 429803,30549 429233,30092 512646))
31256;POLYGON((-186068 515764,-132024 514171,-134053 430764,-188927 432363,-186068 515764))
31257;POLYGON((396239 518171,450270 520902,454877 437522,400014 434779,396239 518171))
31258;POLYGON((480092 512646,534142 513214,535428 429803,480549 429233,480092 512646))
31259;POLYGON((563931 515764,617975 514171,615946 430764,561072 432363,563931 515764))
31284;POLYGON((396239 5518171,450270 5520902,454877 5437522,400014 5434779,396239 5518171))
31285;POLYGON((480092 5512646,534142 5513214,535428 5429803,480549 5429233,480092 5512646))
31286;POLYGON((563931 5515764,617975 5514171,615946 5430764,561072 5432363,563931 5515764))
31287;POLYGON((430105 650323,484176 650872,485425 567451,430549 566894,430105 650323))
25833;POLYGON((409953 5511584,463981 5510955,463428 5427576,408572 5428208,409953 5511584))
25832;POLYGON((842115 5521670,896108 5525366,902197 5442045,847371 5438334,842115 5521670))
