4326;POLYGON((13.75 49.25,14.5 49.25,14.5 48.5,13.75 48.5,13.75 49.25))
31254;POLYGON((248760 462576,303347 465314,307920 381938,252508 379189,248760 462576))
31255;POLYGON((30397 457036,85001 457606,86277 374202,30851 373630,30397 457036))
31256;POLYGON((-187977 460162,-133379 458565,-135393 375165,-190814 376768,-187977 460162))
31257;POLYGON((398760 462576,453347 465314,457920 381938,402508 379189,398760 462576))
31258;POLYGON((480397 457036,535001 457606,536277 374202,480851 373630,480397 457036))
31259;POLYGON((562022 460162,616620 458565,614606 375165,559185 376768,562022 460162))
31284;POLYGON((398760 5462576,453347 5465314,457920 5381938,402508 5379189,398760 5462576))
31285;POLYGON((480397 5457036,535001 5457606,536277 5374202,480851 5373630,480397 5457036))
31286;POLYGON((562022 5460162,616620 5458565,614606 5375165,559185 5376768,562022 5460162))
31287;POLYGON((430401 594699,485009 595253,486258 511860,430845 511298,430401 594699))
25833;POLYGON((409031 5455999,463612 5455367,463064 5371996,407661 5372630,409031 5455999))
25832;POLYGON((845626 5466112,900175 5469819,906219 5386499,850842 5382779,845626 5466112))
