4326;POLYGON((14.25 47.75,15.0 47.75,15.0 47.0,14.25 47.0,14.25 47.75))
31254;POLYGON((293697 297587,349921 300708,354925 217346,297894 214218,293697 297587))
31255;POLYGON((68793 290557,125031 291493,126813 208112,69771 207173,68793 290557))
31256;POLYGON((-156129 292249,-99892 291006,-101323 207623,-158364 208870,-156129 292249))
31257;POLYGON((443697 297587,499921 300708,504925 217346,447894 214218,443697 297587))
31258;POLYGON((518793 290557,575031 291493,576813 208112,519771 207173,518793 290557))
31259;POLYGON((593870 292249,650107 291006,648676 207623,591635 208870,593870 292249))
31284;POLYGON((443697 5297587,499921 5300708,504925 5217346,447894 5214218,443697 5297587))
31285;POLYGON((518793 5290557,575031 5291493,576813 5208112,519771 5207173,518793 5290557))
31286;POLYGON((593870 5292249,650107 5291006,648676 5207623,591635 5208870,593870 5292249))
31287;POLYGON((468768 428247,524981 429179,526766 345841,469749 344896,468768 428247))
25833;POLYGON((443783 5288786,499999 5288514,499999 5205164,442980 5205437,443783 5288786))
25832;POLYGON((893461 5301875,949652 5305972,956095 5222660,899095 5218554,893461 5301875))
