4326;POLYGON((14.0 50.25,14.75 50.25,14.75 49.5,14.0 49.5,14.0 50.25))
31254;POLYGON((261522 574616,314991 577519,319913 494140,265606 491224,261522 574616))
31255;POLYGON((47615 568390,101106 569136,102681 485719,48354 484970,47615 568390))
31256;POLYGON((-166316 570780,-112829 569372,-114595 485956,-168917 487371,-166316 570780))
31257;POLYGON((411522 574616,464991 577519,469913 494140,415606 491224,411522 574616))
31258;POLYGON((497615 568390,551106 569136,552681 485719,498354 484970,497615 568390))
31259;POLYGON((583683 570780,637170 569372,635404 485956,581082 487371,583683 570780))
31284;POLYGON((411522 5574616,464991 5577519,469913 5494140,415606 5491224,411522 5574616))
31285;POLYGON((497615 5568390,551106 5569136,552681 5485719,498354 5484970,497615 5568390))
31286;POLYGON((583683 5570780,637170 5569372,635404 5485956,581082 5487371,583683 5570780))
31287;POLYGON((447654 706096,501186 706812,502704 623360,448367 622634,447654 706096))
25833;POLYGON((428705 5566905,482176 5566457,481898 5483070,427592 5483521,428705 5566905))
25832;POLYGON((856391 5578397,909819 5582262,916233 5498947,861966 5495064,856391 5578397))
