4326;POLYGON((14.5 46.5,15.25 46.5,15.25 45.75,14.5 45.75,14.5 46.5))
31254;POLYGON((319852 159625,377415 162940,382581 79586,324226 76267,319852 159625))
31255;POLYGON((89608 151842,147179 152964,149187 69600,90829 68477,89608 151842))
31256;POLYGON((-140648 152812,-83076 151747,-84216 68381,-142574 69447,-140648 152812))
31257;POLYGON((469852 159625,527415 162940,532581 79586,474226 76267,469852 159625))
31258;POLYGON((539608 151842,597179 152964,599187 69600,540829 68477,539608 151842))
31259;POLYGON((609351 152812,666923 151747,665783 68381,607425 69447,609351 152812))
31284;POLYGON((469852 5159625,527415 5162940,532581 5079586,474226 5076267,469852 5159625))
31285;POLYGON((539608 5151842,597179 5152964,599187 5069600,540829 5068477,539608 5151842))
31286;POLYGON((609351 5152812,666923 5151747,665783 5068381,607425 5069447,609351 5152812))
31287;POLYGON((489588 289586,547138 290726,549191 207390,490837 206234,489588 289586))
25833;POLYGON((461634 5149724,519182 5149633,519445 5066301,461109 5066392,461634 5149724))
25832;POLYGON((921991 5164317,979524 5168611,986101 5085299,927774 5081000,921991 5164317))
