4326;POLYGON((14.25 46.75,15.0 46.75,15.0 46.0,14.25 46.0,14.25 46.75))
31254;POLYGON((299282 186430,356580 189560,361503 106203,303410 103069,299282 186430))
31255;POLYGON((70095 179381,127402 180320,129155 96952,71058 96011,70095 179381))
31256;POLYGON((-159102 181078,-101796 179832,-103203 96463,-161301 97711,-159102 181078))
31257;POLYGON((449282 186430,506580 189560,511503 106203,453410 103069,449282 186430))
31258;POLYGON((520095 179381,577402 180320,579155 96952,521058 96011,520095 179381))
31259;POLYGON((590897 181078,648203 179832,646796 96463,588698 97711,590897 181078))
31284;POLYGON((449282 5186430,506580 5189560,511503 5106203,453410 5103069,449282 5186430))
31285;POLYGON((520095 5179381,577402 5180320,579155 5096952,521058 5096011,520095 5179381))
31286;POLYGON((590897 5181078,648203 5179832,646796 5096463,588698 5097711,590897 5181078))
31287;POLYGON((470076 317113,527361 318063,529146 234724,471056 233761,470076 317113))
25833;POLYGON((442715 5177656,500000 5177383,500000 5094047,441925 5094320,442715 5177656))
25832;POLYGON((900958 5190781,958225 5194889,964564 5111576,906499 5107462,900958 5190781))
