4326;POLYGON((14.5 47.25,15.25 47.25,15.25 46.5,14.5 46.5,14.5 47.25))
31254;POLYGON((315422 242988,372184 246297,377415 162940,319852 159625,315422 242988))
31255;POLYGON((88372 235218,145146 236338,147179 152964,89608 151842,88372 235218))
31256;POLYGON((-138697 236186,-81923 235123,-83076 151747,-140648 152812,-138697 236186))
31257;POLYGON((465422 242988,522184 246297,527415 162940,469852 159625,465422 242988))
31258;POLYGON((538372 235218,595146 236338,597179 152964,539608 151842,538372 235218))
31259;POLYGON((611302 236186,668076 235123,666923 151747,609351 152812,611302 236186))
31284;POLYGON((465422 5242988,522184 5246297,527415 5162940,469852 5159625,465422 5242988))
31285;POLYGON((538372 5235218,595146 5236338,597179 5152964,539608 5151842,538372 5235218))
31286;POLYGON((611302 5236186,668076 5235123,666923 5151747,609351 5152812,611302 5236186))
31287;POLYGON((488339 372931,545085 374055,547138 290726,489588 289586,488339 372931))
25833;POLYGON((462164 5233067,518917 5232976,519182 5149633,461634 5149724,462164 5233067))
25832;POLYGON((916136 5247634,972864 5251921,979524 5168611,921991 5164317,916136 5247634))
