4326;POLYGON((14.5 50.25,15.25 50.25,15.25 49.5,14.5 49.5,14.5 50.25))
31254;POLYGON((297169 576491,350632 579755,356112 496386,301811 493108,297169 576491))
31255;POLYGON((83276 568827,136765 569932,138897 486519,84572 485409,83276 568827))
31256;POLYGON((-130658 569781,-77168 568732,-78378 485314,-132703 486368,-130658 569781))
31257;POLYGON((447169 576491,500632 579755,506112 496386,451811 493108,447169 576491))
31258;POLYGON((533276 568827,586765 569932,588897 486519,534572 485409,533276 568827))
31259;POLYGON((619341 569781,672831 568732,671621 485314,617296 486368,619341 569781))
31284;POLYGON((447169 5576491,500632 5579755,506112 5496386,451811 5493108,447169 5576491))
31285;POLYGON((533276 5568827,586765 5569932,588897 5486519,534572 5485409,533276 5568827))
31286;POLYGON((619341 5569781,672831 5568732,671621 5485314,617296 5486368,619341 5569781))
31287;POLYGON((483342 706516,536869 707576,538924 624136,484592 623060,483342 706516))
25833;POLYGON((464352 5566547,517823 5566457,518101 5483070,463796 5483160,464352 5566547))
25832;POLYGON((892011 5580913,945430 5585139,952406 5501838,898145 5497592,892011 5580913))
