4326;POLYGON((14.0 46.75,14.75 46.75,14.75 46.0,14.0 46.0,14.0 46.75))
31254;POLYGON((280181 185509,337481 188456,342139 105097,284045 102147,280181 185509))
31255;POLYGON((50992 179189,108300 179946,109789 96577,51692 95820,50992 179189))
31256;POLYGON((-178204 181616,-120898 180186,-122569 96818,-180666 98249,-178204 181616))
31257;POLYGON((430181 185509,487481 188456,492139 105097,434045 102147,430181 185509))
31258;POLYGON((500992 179189,558300 179946,559789 96577,501692 95820,500992 179189))
31259;POLYGON((571795 181616,629101 180186,627430 96818,569333 98249,571795 181616))
31284;POLYGON((430181 5185509,487481 5188456,492139 5105097,434045 5102147,430181 5185509))
31285;POLYGON((500992 5179189,558300 5179946,559789 5096577,501692 5095820,500992 5179189))
31286;POLYGON((571795 5181616,629101 5180186,627430 5096818,569333 5098249,571795 5181616))
31287;POLYGON((450979 316919,508267 317685,509784 234341,451691 233564,450979 316919))
25833;POLYGON((423620 5177868,480905 5177413,480641 5094077,422567 5094533,423620 5177868))
25832;POLYGON((881867 5189534,939136 5193459,945209 5110144,887144 5106214,881867 5189534))
