4326;POLYGON((14.0 46.5,14.75 46.5,14.75 45.75,14.0 45.75,14.0 46.5))
31254;POLYGON((281475 157721,339040 160669,343678 77312,285323 74361,281475 157721))
31255;POLYGON((51226 151398,108798 152155,110282 68790,51923 68032,51226 151398))
31256;POLYGON((-179028 153826,-121458 152396,-123122 69031,-181480 70462,-179028 153826))
31257;POLYGON((431475 157721,489040 160669,493678 77312,435323 74361,431475 157721))
31258;POLYGON((501226 151398,558798 152155,560282 68790,501923 68032,501226 151398))
31259;POLYGON((570971 153826,628541 152396,626877 69031,568519 70462,570971 153826))
31284;POLYGON((431475 5157721,489040 5160669,493678 5077312,435323 5074361,431475 5157721))
31285;POLYGON((501226 5151398,558798 5152155,560282 5068790,501923 5068032,501226 5151398))
31286;POLYGON((570971 5153826,628541 5152396,626877 5069031,568519 5070462,570971 5153826))
31287;POLYGON((451216 289135,508772 289905,510289 206556,451928 205776,451216 289135))
25833;POLYGON((423268 5150089,480817 5149633,480554 5066301,422219 5066757,423268 5150089))
25832;POLYGON((883634 5161760,941169 5165687,947217 5082372,888888 5078441,883634 5161760))
