4326;POLYGON((13.75 48.25,14.5 48.25,14.5 47.5,13.75 47.5,13.75 48.25))
31254;POLYGON((253747 351395,309432 354147,313934 270777,257436 268018,253747 351395))
31255;POLYGON((31001 345830,86699 346403,87956 263013,31448 262439,31001 345830))
31256;POLYGON((-191753 348971,-136059 347367,-138042 263980,-194546 265588,-191753 348971))
31257;POLYGON((403747 351395,459432 354147,463934 270777,407436 268018,403747 351395))
31258;POLYGON((481001 345830,536699 346403,537956 263013,481448 262439,481001 345830))
31259;POLYGON((558246 348971,613940 347367,611957 263980,555453 265588,558246 348971))
31284;POLYGON((403747 5351395,459432 5354147,463934 5270777,407436 5268018,403747 5351395))
31285;POLYGON((481001 5345830,536699 5346403,537956 5263013,481448 5262439,481001 5345830))
31286;POLYGON((558246 5348971,613940 5347367,611957 5263980,555453 5265588,558246 5348971))
31287;POLYGON((430993 483505,486675 484070,487923 400714,431437 400140,430993 483505))
25833;POLYGON((407207 5344842,462882 5344208,462343 5260850,405858 5261486,407207 5344842))
25832;POLYGON((852567 5355002,908218 5358726,914168 5275407,857703 5271673,852567 5355002))
