4326;POLYGON((13.75 47.5,14.5 47.5,14.5 46.75,13.75 46.75,13.75 47.5))
31254;POLYGON((257436 268018,313934 270777,318381 187412,261081 184648,257436 268018))
31255;POLYGON((31448 262439,87956 263013,89197 179633,31890 179058,31448 262439))
31256;POLYGON((-194546 265588,-138042 263980,-140000 180602,-197306 182214,-194546 265588))
31257;POLYGON((407436 268018,463934 270777,468381 187412,411081 184648,407436 268018))
31258;POLYGON((481448 262439,537956 263013,539197 179633,481890 179058,481448 262439))
31259;POLYGON((555453 265588,611957 263980,609999 180602,552693 182214,555453 265588))
31284;POLYGON((407436 5268018,463934 5270777,468381 5187412,411081 5184648,407436 5268018))
31285;POLYGON((481448 5262439,537956 5263013,539197 5179633,481890 5179058,481448 5262439))
31286;POLYGON((555453 5265588,611957 5263980,609999 5180602,552693 5182214,555453 5265588))
31287;POLYGON((431437 400140,487923 400714,489172 317368,431881 316787,431437 400140))
25833;POLYGON((405858 5261486,462343 5260850,461810 5177504,404526 5178141,405858 5261486))
25832;POLYGON((857703 5271673,914168 5275407,920047 5192089,862777 5188348,857703 5271673))
