4326;POLYGON((14.25 46.25,15.0 46.25,15.0 45.5,14.25 45.5,14.25 46.25))
31254;POLYGON((302040 130855,359869 133988,364750 50634,306133 47499,302040 130855))
31255;POLYGON((70738 123800,128573 124740,130311 41378,71693 40438,70738 123800))
31256;POLYGON((-160571 125499,-102736 124251,-104132 40889,-162751 42139,-160571 125499))
31257;POLYGON((452040 130855,509869 133988,514750 50634,456133 47499,452040 130855))
31258;POLYGON((520738 123800,578573 124740,580311 41378,521693 40438,520738 123800))
31259;POLYGON((589428 125499,647263 124251,645867 40889,587248 42139,589428 125499))
31284;POLYGON((452040 5130855,509869 5133988,514750 5050634,456133 5047499,452040 5130855))
31285;POLYGON((520738 5123800,578573 5124740,580311 5041378,521693 5040438,520738 5123800))
31286;POLYGON((589428 5125499,647263 5124251,645867 5040889,587248 5042139,589428 5125499))
31287;POLYGON((470729 261546,528551 262505,530336 179156,471710 178184,470729 261546))
25833;POLYGON((442187 5122098,500000 5121824,499999 5038496,441404 5038770,442187 5122098))
25832;POLYGON((904660 5135235,962460 5139347,968745 5056034,910155 5051918,904660 5135235))
