4326;POLYGON((14.5 49.75,15.25 49.75,15.25 49.0,14.5 49.0,14.5 49.75))
31254;POLYGON((300270 520902,354292 524175,359732 440808,304877 437522,300270 520902))
31255;POLYGON((84142 513214,138189 514323,140304 430916,85428 429803,84142 513214))
31256;POLYGON((-132024 514171,-77976 513119,-79176 429708,-134053 430764,-132024 514171))
31257;POLYGON((450270 520902,504292 524175,509732 440808,454877 437522,450270 520902))
31258;POLYGON((534142 513214,588189 514323,590304 430916,535428 429803,534142 513214))
31259;POLYGON((617975 514171,672023 513119,670823 429708,615946 430764,617975 514171))
31284;POLYGON((450270 5520902,504292 5524175,509732 5440808,454877 5437522,450270 5520902))
31285;POLYGON((534142 5513214,588189 5514323,590304 5430916,535428 5429803,534142 5513214))
31286;POLYGON((617975 5514171,672023 5513119,670823 5429708,615946 5430764,617975 5514171))
31287;POLYGON((484176 650872,538239 651943,540294 568538,485425 567451,484176 650872))
25833;POLYGON((463981 5510955,518009 5510865,518285 5427485,463428 5427576,463981 5510955))
25832;POLYGON((896108 5525366,950089 5529605,957014 5446302,902197 5442045,896108 5525366))
