4326;POLYGON((14.0 46.25,14.75 46.25,14.75 45.5,14.0 45.5,14.0 46.25))
31254;POLYGON((282763 129933,340593 132883,345211 49528,286594 46576,282763 129933))
31255;POLYGON((51460 123608,109295 124366,110772 41004,52153 40246,51460 123608))
31256;POLYGON((-179849 126037,-122015 124606,-123672 41245,-182290 42677,-179849 126037))
31257;POLYGON((432763 129933,490593 132883,495211 49528,436594 46576,432763 129933))
31258;POLYGON((501460 123608,559295 124366,560772 41004,502153 40246,501460 123608))
31259;POLYGON((570150 126037,627984 124606,626327 41245,567709 42677,570150 126037))
31284;POLYGON((432763 5129933,490593 5132883,495211 5049528,436594 5046576,432763 5129933))
31285;POLYGON((501460 5123608,559295 5124366,560772 5041004,502153 5040246,501460 5123608))
31286;POLYGON((570150 5126037,627984 5124606,626327 5041245,567709 5042677,570150 5126037))
31287;POLYGON((451454 261350,509278 262124,510795 178769,452166 177985,451454 261350))
25833;POLYGON((422917 5122310,480729 5121855,480468 5038526,421873 5038982,422917 5122310))
25832;POLYGON((885393 5133987,943193 5137915,949216 5054600,890625 5050668,885393 5133987))
