4326;POLYGON((14.0 49.5,14.75 49.5,14.75 48.75,14.0 48.75,14.0 49.5))
31254;POLYGON((265606 491224,319913 494140,324779 410766,269643 407839,265606 491224))
31255;POLYGON((48354 484970,102681 485719,104237 402313,49085 401561,48354 484970))
31256;POLYGON((-168917 487371,-114595 485956,-116341 402551,-171490 403971,-168917 487371))
31257;POLYGON((415606 491224,469913 494140,474779 410766,419643 407839,415606 491224))
31258;POLYGON((498354 484970,552681 485719,554237 402313,499085 401561,498354 484970))
31259;POLYGON((581082 487371,635404 485956,633658 402551,578509 403971,581082 487371))
31284;POLYGON((415606 5491224,469913 5494140,474779 5410766,419643 5407839,415606 5491224))
31285;POLYGON((498354 5484970,552681 5485719,554237 5402313,499085 5401561,498354 5484970))
31286;POLYGON((581082 5487371,635404 5485956,633658 5402551,578509 5403971,581082 5487371))
31287;POLYGON((448367 622634,502704 623360,504222 539959,449079 539221,448367 622634))
25833;POLYGON((427592 5483521,481898 5483070,481623 5399695,426492 5400147,427592 5483521))
25832;POLYGON((861966 5495064,916233 5498947,922577 5415632,867478 5411734,861966 5495064))
