4326;POLYGON((14.5 48.25,15.25 48.25,15.25 47.5,14.5 47.5,14.5 48.25))
31254;POLYGON((309432 354147,365111 357444,370427 274083,313934 270777,309432 354147))
31255;POLYGON((86699 346403,142396 347519,144462 264132,87956 263013,86699 346403))
31256;POLYGON((-136059 347367,-80363 346307,-81535 262917,-138042 263980,-136059 347367))
31257;POLYGON((459432 354147,515111 357444,520427 274083,463934 270777,459432 354147))
31258;POLYGON((536699 346403,592396 347519,594462 264132,537956 263013,536699 346403))
31259;POLYGON((613940 347367,669636 346307,668464 262917,611957 263980,613940 347367))
31284;POLYGON((459432 5354147,515111 5357444,520427 5274083,463934 5270777,459432 5354147))
31285;POLYGON((536699 5346403,592396 5347519,594462 5264132,537956 5263013,536699 5346403))
31286;POLYGON((613940 5347367,669636 5346307,668464 5262917,611957 5263980,613940 5347367))
31287;POLYGON((486675 484070,542348 485173,544401 401832,487923 400714,486675 484070))
25833;POLYGON((462882 5344208,518558 5344117,518828 5260760,462343 5260850,462882 5344208))
25832;POLYGON((908218 5358726,963860 5362997,970627 5279690,914168 5275407,908218 5358726))
