4326;POLYGON((13.75 48.0,14.5 48.0,14.5 47.25,13.75 47.25,13.75 48.0))
31254;POLYGON((254982 323602,310939 326356,315422 242988,258656 240227,254982 323602))
31255;POLYGON((31151 318032,87120 318605,88372 235218,31596 234644,31151 318032))
31256;POLYGON((-192688 321176,-136723 319570,-138697 236186,-195470 237796,-192688 321176))
31257;POLYGON((404982 323602,460939 326356,465422 242988,408656 240227,404982 323602))
31258;POLYGON((481151 318032,537120 318605,538372 235218,481596 234644,481151 318032))
31259;POLYGON((557311 321176,613276 319570,611302 236186,554529 237796,557311 321176))
31284;POLYGON((404982 5323602,460939 5326356,465422 5242988,408656 5240227,404982 5323602))
31285;POLYGON((481151 5318032,537120 5318605,538372 5235218,481596 5234644,481151 5318032))
31286;POLYGON((557311 5321176,613276 5319570,611302 5236186,554529 5237796,557311 5321176))
31287;POLYGON((431141 455714,487091 456282,488339 372931,431585 372355,431141 455714))
25833;POLYGON((406756 5317056,462702 5316421,462164 5233067,405412 5233704,406756 5317056))
25832;POLYGON((854286 5327225,910209 5330953,916136 5247634,859401 5243898,854286 5327225))
