4326;POLYGON((14.5 49.5,15.25 49.5,15.25 48.75,14.5 48.75,14.5 49.5))
31254;POLYGON((301811 493108,356112 496386,361532 413020,306401 409729,301811 493108))
31255;POLYGON((84572 485409,138897 486519,141004 403116,85853 402002,84572 485409))
31256;POLYGON((-132703 486368,-78378 485314,-79573 401906,-134724 402964,-132703 486368))
31257;POLYGON((451811 493108,506112 496386,511532 413020,456401 409729,451811 493108))
31258;POLYGON((534572 485409,588897 486519,591004 403116,535853 402002,534572 485409))
31259;POLYGON((617296 486368,671621 485314,670426 401906,615275 402964,617296 486368))
31284;POLYGON((451811 5493108,506112 5496386,511532 5413020,456401 5409729,451811 5493108))
31285;POLYGON((534572 5485409,588897 5486519,591004 5403116,535853 5402002,534572 5485409))
31286;POLYGON((617296 5486368,671621 5485314,670426 5401906,615275 5402964,617296 5486368))
31287;POLYGON((484592 623060,538924 624136,540979 540746,485842 539654,484592 623060))
25833;POLYGON((463796 5483160,518101 5483070,518376 5399695,463246 5399785,463796 5483160))
25832;POLYGON((898145 5497592,952406 5501838,959304 5418534,904212 5414272,898145 5497592))
