4326;POLYGON((14.0 48.25,14.75 48.25,14.75 47.5,14.0 47.5,14.0 48.25))
31254;POLYGON((272309 352252,327992 355185,332765 271818,276269 268877,272309 352252))
31255;POLYGON((49568 345961,105265 346714,106792 263325,50284 262570,49568 345961))
31256;POLYGON((-173189 348376,-117494 346953,-119206 263565,-175712 264991,-173189 348376))
31257;POLYGON((422309 352252,477992 355185,482765 271818,426269 268877,422309 352252))
31258;POLYGON((499568 345961,555265 346714,556792 263325,500284 262570,499568 345961))
31259;POLYGON((576810 348376,632505 346953,630793 263565,574287 264991,576810 348376))
31284;POLYGON((422309 5352252,477992 5355185,482765 5271818,426269 5268877,422309 5352252))
31285;POLYGON((499568 5345961,555265 5346714,556792 5263325,500284 5262570,499568 5345961))
31286;POLYGON((576810 5348376,632505 5346953,630793 5263565,574287 5264991,576810 5348376))
31287;POLYGON((449554 483633,505233 484378,506750 401026,450267 400271,449554 483633))
25833;POLYGON((425766 5344570,481441 5344117,481171 5260760,424686 5261214,425766 5344570))
25832;POLYGON((871118 5356182,926766 5360089,932988 5276774,876525 5272857,871118 5356182))
