4326;POLYGON((14.25 49.5,15.0 49.5,15.0 48.75,14.25 48.75,14.25 49.5))
31254;POLYGON((283709 492136,338013 495233,343156 411863,288023 408754,283709 492136))
31255;POLYGON((66463 485160,120789 486089,122621 402684,67469 401751,66463 485160))
31256;POLYGON((-150810 486839,-96486 485605,-97957 402199,-153107 403437,-150810 486839))
31257;POLYGON((433709 492136,488013 495233,493156 411863,438023 408754,433709 492136))
31258;POLYGON((516463 485160,570789 486089,572621 402684,517469 401751,516463 485160))
31259;POLYGON((599189 486839,653513 485605,652042 402199,596892 403437,599189 486839))
31284;POLYGON((433709 5492136,488013 5495233,493156 5411863,438023 5408754,433709 5492136))
31285;POLYGON((516463 5485160,570789 5486089,572621 5402684,517469 5401751,516463 5485160))
31286;POLYGON((599189 5486839,653513 5485605,652042 5402199,596892 5403437,599189 5486839))
31287;POLYGON((466480 622818,520815 623719,522601 540323,467461 539408,466480 622818))
25833;POLYGON((445694 5483311,500000 5483040,500000 5399665,444869 5399936,445694 5483311))
25832;POLYGON((880056 5496298,934320 5500362,940941 5417053,885845 5412973,880056 5496298))
