4326;POLYGON((15.25 47.75,16.0 47.75,16.0 47.0,15.25 47.0,15.25 47.75))
31254;POLYGON((368662 301870,424878 305722,430961 222372,373935 218511,368662 301870))
31255;POLYGON((143776 291927,200012 293590,202866 210213,145826 208546,143776 291927))
31256;POLYGON((-81146 290713,-24907 290196,-25267 206812,-82309 207329,-81146 290713))
31257;POLYGON((518662 301870,574878 305722,580961 222372,523935 218511,518662 301870))
31258;POLYGON((593776 291927,650012 293590,652866 210213,595826 208546,593776 291927))
31259;POLYGON((668853 290713,725092 290196,724732 206812,667690 207329,668853 290713))
31284;POLYGON((518662 5301870,574878 5305722,580961 5222372,523935 5218511,518662 5301870))
31285;POLYGON((593776 5291927,650012 5293590,652866 5210213,595826 5208546,593776 5291927))
31286;POLYGON((668853 5290713,725092 5290196,724732 5206812,667690 5207329,668853 5290713))
31287;POLYGON((543716 429611,599913 431266,602770 347959,545769 346279,543716 429611))
25833;POLYGON((518738 5288544,574954 5288998,576025 5205649,519006 5205194,518738 5288544))
25832;POLYGON((968380 5307460,1024559 5312290,1032085 5228992,975093 5224151,968380 5307460))
