4326;POLYGON((15.0 46.5,15.75 46.5,15.75 45.75,15.0 45.75,15.0 46.5))
31254;POLYGON((358228 161774,415789 165456,421483 82104,363130 78418,358228 161774))
31255;POLYGON((127989 152529,185560 154016,188093 70653,129735 69165,127989 152529))
31256;POLYGON((-102267 152041,-44695 151340,-45310 67974,-103669 68676,-102267 152041))
31257;POLYGON((508228 161774,565789 165456,571483 82104,513130 78418,508228 161774))
31258;POLYGON((577989 152529,635560 154016,638093 70653,579735 69165,577989 152529))
31259;POLYGON((647732 152041,705304 151340,704689 67974,646330 68676,647732 152041))
31284;POLYGON((508228 5161774,565789 5165456,571483 5082104,513130 5078418,508228 5161774))
31285;POLYGON((577989 5152529,635560 5154016,638093 5070653,579735 5069165,577989 5152529))
31286;POLYGON((647732 5152041,705304 5151340,704689 5067974,646330 5068676,647732 5152041))
31287;POLYGON((527956 290285,585497 291795,588087 208473,529741 206942,527956 290285))
25833;POLYGON((499999 5149603,557548 5149876,558335 5066544,500000 5066271,499999 5149603))
25832;POLYGON((960347 5167118,1017876 5171781,1024984 5088473,966659 5083805,960347 5167118))
