4326;POLYGON((15.5 46.25,16.25 46.25,16.25 45.5,15.5 45.5,15.5 46.25))
31254;POLYGON((398420 136383,456244 140433,462441 57085,403827 53030,398420 136383))
31255;POLYGON((167130 125671,224963 127523,228009 44164,169391 42310,167130 125671))
31256;POLYGON((-64179 123723,-6344 123387,-6434 40024,-65053 40361,-64179 123723))
31257;POLYGON((548420 136383,606244 140433,612441 57085,553827 53030,548420 136383))
31258;POLYGON((617130 125671,674963 127523,678009 44164,619391 42310,617130 125671))
31259;POLYGON((685820 123723,743655 123387,743565 40024,684946 40361,685820 123723))
31284;POLYGON((548420 5136383,606244 5140433,612441 5057085,553827 5053030,548420 5136383))
31285;POLYGON((617130 5125671,674963 5127523,678009 5044164,619391 5042310,617130 5125671))
31286;POLYGON((685820 5123723,743655 5123387,743565 5040024,684946 5040361,685820 5123723))
31287;POLYGON((567092 263455,624891 265344,628017 182035,569414 180119,567092 263455))
25833;POLYGON((538541 5121946,596353 5122584,597658 5039256,539063 5038618,538541 5121946))
25832;POLYGON((1000991 5142396,1058784 5147429,1066391 5064123,1007804 5059085,1000991 5142396))
