4326;POLYGON((15.5 49.5,16.25 49.5,16.25 48.75,15.5 48.75,15.5 49.5))
31254;POLYGON((374211 497599,428499 501603,435027 418257,379907 414238,374211 497599))
31255;POLYGON((157004 487010,211324 488841,214534 405447,159387 403608,157004 487010))
31256;POLYGON((-60269 485083,-5941 484751,-6036 401341,-61189 401675,-60269 485083))
31257;POLYGON((524211 497599,578499 501603,585027 418257,529907 414238,524211 497599))
31258;POLYGON((607004 487010,661324 488841,664534 405447,609387 403608,607004 487010))
31259;POLYGON((689730 485083,744058 484751,743963 401341,688810 401675,689730 485083))
31284;POLYGON((524211 5497599,578499 5501603,585027 5418257,529907 5414238,524211 5497599))
31285;POLYGON((607004 5487010,661324 5488841,664534 5405447,609387 5403608,607004 5487010))
31286;POLYGON((689730 5485083,744058 5484751,743963 5401341,688810 5401675,689730 5485083))
31287;POLYGON((557032 624611,611345 626387,614473 543030,559355 541228,557032 624611))
25833;POLYGON((536203 5483160,590508 5483791,591883 5400418,536753 5399785,536203 5483160))
25832;POLYGON((970490 5503374,1024733 5508348,1032744 5425070,977666 5420077,970490 5503374))
