4326;POLYGON((15.25 46.25,16.0 46.25,16.0 45.5,15.25 45.5,15.25 46.25))
31254;POLYGON((379144 135155,436969 139022,442903 55672,384288 51802,379144 135155))
31255;POLYGON((147852 125175,205685 126845,208469 43485,149851 41814,147852 125175))
31256;POLYGON((-83458 123957,-25622 123438,-25973 40076,-84592 40595,-83458 123957))
31257;POLYGON((529144 135155,586969 139022,592903 55672,534288 51802,529144 135155))
31258;POLYGON((597852 125175,655685 126845,658469 43485,599851 41814,597852 125175))
31259;POLYGON((666541 123957,724377 123438,724026 40076,665407 40595,666541 123957))
31284;POLYGON((529144 5135155,586969 5139022,592903 5055672,534288 5051802,529144 5135155))
31285;POLYGON((597852 5125175,655685 5126845,658469 5043485,599851 5041814,597852 5125175))
31286;POLYGON((666541 5123957,724377 5123438,724026 5040076,665407 5040595,666541 5123957))
31287;POLYGON((547822 262949,605627 264652,608484 181333,549876 179606,547822 262949))
25833;POLYGON((519270 5121855,577082 5122310,578126 5038982,519531 5038526,519270 5121855))
25832;POLYGON((981725 5140841,1039520 5145690,1046862 5062382,988275 5057528,981725 5140841))
