4326;POLYGON((14.75 49.25,15.5 49.25,15.5 48.5,14.75 48.5,14.75 49.25))
31254;POLYGON((321541 466348,376117 469812,381792 386452,326389 382975,321541 466348))
31255;POLYGON((103201 457916,157802 459208,160175 375810,104752 374513,103201 457916))
31256;POLYGON((-115179 458154,-60577 457279,-61493 373874,-116918 374752,-115179 458154))
31257;POLYGON((471541 466348,526117 469812,531792 386452,476389 382975,471541 466348))
31258;POLYGON((553201 457916,607802 459208,610175 375810,554752 374513,553201 457916))
31259;POLYGON((634820 458154,689422 457279,688506 373874,633081 374752,634820 458154))
31284;POLYGON((471541 5466348,526117 5469812,531792 5386452,476389 5382975,471541 5466348))
31285;POLYGON((553201 5457916,607802 5459208,610175 5375810,554752 5374513,553201 5457916))
31286;POLYGON((634820 5458154,689422 5457279,688506 5373874,633081 5374752,634820 5458154))
31287;POLYGON((503210 595555,557806 596812,560129 513442,504728 512167,503210 595555))
25833;POLYGON((481806 5455277,536387 5455367,536935 5371996,481532 5371905,481806 5455277))
25832;POLYGON((918356 5471175,972891 5475609,980040 5392310,924676 5387860,918356 5471175))
