4326;POLYGON((15.0 49.25,15.75 49.25,15.75 48.5,15.0 48.5,15.0 49.25))
31254;POLYGON((339734 467442,394307 471088,400258 387732,344857 384073,339734 467442))
31255;POLYGON((121402 458286,176001 459759,178649 376363,123227 374885,121402 458286))
31256;POLYGON((-96978 457802,-42375 457108,-43018 373702,-98444 374399,-96978 457802))
31257;POLYGON((489734 467442,544307 471088,550258 387732,494857 384073,489734 467442))
31258;POLYGON((571402 458286,626001 459759,628649 376363,573227 374885,571402 458286))
31259;POLYGON((653021 457802,707624 457108,706981 373702,651555 374399,653021 457802))
31284;POLYGON((489734 5467442,544307 5471088,550258 5387732,494857 5384073,489734 5467442))
31285;POLYGON((571402 5458286,626001 5459759,628649 5376363,573227 5374885,571402 5458286))
31286;POLYGON((653021 5457802,707624 5457108,706981 5373702,651555 5374399,653021 5457802))
31287;POLYGON((521410 595916,576002 597348,578593 513986,523196 512532,521410 595916))
25833;POLYGON((500000 5455247,554581 5455518,555403 5372147,500000 5371875,500000 5455247))
25832;POLYGON((936536 5472592,991067 5477208,998493 5393915,943132 5389283,936536 5472592))
