4326;POLYGON((15.5 47.0,16.25 47.0,16.25 46.25,15.5 46.25,15.5 47.0))
31254;POLYGON((392944 219737,449968 223781,456244 140433,398420 136383,392944 219737))
31255;POLYGON((164840 209041,221879 210891,224963 127523,167130 125671,164840 209041))
31256;POLYGON((-63295 207096,-6253 206760,-6344 123387,-64179 123723,-63295 207096))
31257;POLYGON((542944 219737,599968 223781,606244 140433,548420 136383,542944 219737))
31258;POLYGON((614840 209041,671879 210891,674963 127523,617130 125671,614840 209041))
31259;POLYGON((686704 207096,743746 206760,743655 123387,685820 123723,686704 207096))
31284;POLYGON((542944 5219737,599968 5223781,606244 5140433,548420 5136383,542944 5219737))
31285;POLYGON((614840 5209041,671879 5210891,674963 5127523,617130 5125671,614840 5209041))
31286;POLYGON((686704 5207096,743746 5206760,743655 5123387,685820 5123723,686704 5207096))
31287;POLYGON((564771 346778,621766 348641,624891 265344,567092 263455,564771 346778))
25833;POLYGON((538012 5205285,595031 5205922,596353 5122584,538541 5121946,538012 5205285))
25832;POLYGON((994091 5225704,1051081 5230729,1058784 5147429,1000991 5142396,994091 5225704))
