4326;POLYGON((15.0 46.25,15.75 46.25,15.75 45.5,15.0 45.5,15.0 46.25))
31254;POLYGON((359869 133988,417695 137672,423365 54320,364750 50634,359869 133988))
31255;POLYGON((128573 124740,186408 126227,188930 42867,130311 41378,128573 124740))
31256;POLYGON((-102736 124251,-44901 123550,-45513 40188,-104132 40889,-102736 124251))
31257;POLYGON((509869 133988,567695 137672,573365 54320,514750 50634,509869 133988))
31258;POLYGON((578573 124740,636408 126227,638930 42867,580311 41378,578573 124740))
31259;POLYGON((647263 124251,705098 123550,704486 40188,645867 40889,647263 124251))
31284;POLYGON((509869 5133988,567695 5137672,573365 5054320,514750 5050634,509869 5133988))
31285;POLYGON((578573 5124740,636408 5126227,638930 5042867,580311 5041378,578573 5124740))
31286;POLYGON((647263 5124251,705098 5123550,704486 5040188,645867 5040889,647263 5124251))
31287;POLYGON((528551 262505,586361 264023,588950 180695,530336 179156,528551 262505))
25833;POLYGON((500000 5121824,557812 5122098,558595 5038770,499999 5038496,500000 5121824))
25832;POLYGON((962460 5139347,1020255 5144012,1027333 5060703,968745 5056034,962460 5139347))
