4326;POLYGON((15.0 49.5,15.75 49.5,15.75 48.75,15.0 48.75,15.0 49.5))
31254;POLYGON((338013 495233,392308 498873,398282 415517,343156 411863,338013 495233))
31255;POLYGON((120789 486089,175111 487560,177770 404160,122621 402684,120789 486089))
31256;POLYGON((-96486 485605,-42160 484912,-42805 401503,-97957 402199,-96486 485605))
31257;POLYGON((488013 495233,542308 498873,548282 415517,493156 411863,488013 495233))
31258;POLYGON((570789 486089,625111 487560,627770 404160,572621 402684,570789 486089))
31259;POLYGON((653513 485605,707839 484912,707194 401503,652042 402199,653513 485605))
31284;POLYGON((488013 5495233,542308 5498873,548282 5415517,493156 5411863,488013 5495233))
31285;POLYGON((570789 5486089,625111 5487560,627770 5404160,572621 5402684,570789 5486089))
31286;POLYGON((653513 5485605,707839 5484912,707194 5401503,652042 5402199,653513 5485605))
31287;POLYGON((520815 623719,575138 625145,577729 541770,522601 540323,520815 623719))
25833;POLYGON((500000 5483040,554305 5483311,555130 5399936,500000 5399665,500000 5483040))
25832;POLYGON((934320 5500362,988573 5504971,996027 5421680,940941 5417053,934320 5500362))
