4326;POLYGON((15.0 47.75,15.75 47.75,15.75 47.0,15.0 47.0,15.0 47.75))
31254;POLYGON((349921 300708,406140 304377,411953 221024,354925 217346,349921 300708))
31255;POLYGON((125031 291493,181267 292975,183853 209597,126813 208112,125031 291493))
31256;POLYGON((-99892 291006,-43653 290308,-44281 206924,-101323 207623,-99892 291006))
31257;POLYGON((499921 300708,556140 304377,561953 221024,504925 217346,499921 300708))
31258;POLYGON((575031 291493,631267 292975,633853 209597,576813 208112,575031 291493))
31259;POLYGON((650107 291006,706346 290308,705718 206924,648676 207623,650107 291006))
31284;POLYGON((499921 5300708,556140 5304377,561953 5221024,504925 5217346,499921 5300708))
31285;POLYGON((575031 5291493,631267 5292975,633853 5209597,576813 5208112,575031 5291493))
31286;POLYGON((650107 5291006,706346 5290308,705718 5206924,648676 5207623,650107 5291006))
31287;POLYGON((524981 429179,581182 430654,583771 347338,526766 345841,524981 429179))
25833;POLYGON((499999 5288514,556216 5288786,557019 5205437,499999 5205164,499999 5288514))
25832;POLYGON((949652 5305972,1005834 5310618,1013088 5227317,956095 5222660,949652 5305972))
