4326;POLYGON((14.75 50.0,15.5 50.0,15.5 49.25,14.75 49.25,14.75 50.0))
31254;POLYGON((316638 549726,370377 553175,376117 469812,321541 466348,316638 549726))
31255;POLYGON((101633 541329,155401 542616,157802 459208,103201 457916,101633 541329))
31256;POLYGON((-113419 541566,-59649 540695,-60577 457279,-115179 458154,-113419 541566))
31257;POLYGON((466638 549726,520377 553175,526117 469812,471541 466348,466638 549726))
31258;POLYGON((551633 541329,605401 542616,607802 459208,553201 457916,551633 541329))
31259;POLYGON((636580 541566,690350 540695,689422 457279,634820 458154,636580 541566))
31284;POLYGON((466638 5549726,520377 5553175,526117 5469812,471541 5466348,466638 5549726))
31285;POLYGON((551633 5541329,605401 5542616,607802 5459208,553201 5457916,551633 5541329))
31286;POLYGON((636580 5541566,690350 5540695,689422 5457279,634820 5458154,636580 5541566))
31287;POLYGON((501692 678988,555483 680227,557806 596812,503210 595555,501692 678988))
25833;POLYGON((482083 5538660,535833 5538750,536387 5455367,481806 5455277,482083 5538660))
25832;POLYGON((911965 5554490,965661 5558904,972891 5475609,918356 5471175,911965 5554490))
