4326;POLYGON((15.5 46.5,16.25 46.5,16.25 45.75,15.5 45.75,15.5 46.5))
31254;POLYGON((396602 164167,454160 168216,460384 84868,402032 80814,396602 164167))
31255;POLYGON((166370 153460,223939 155311,226998 71949,168640 70096,166370 153460))
31256;POLYGON((-63886 151513,-6313 151177,-6404 67811,-64763 68147,-63886 151513))
31257;POLYGON((546602 164167,604160 168216,610384 84868,552032 80814,546602 164167))
31258;POLYGON((616370 153460,673939 155311,676998 71949,618640 70096,616370 153460))
31259;POLYGON((686113 151513,743686 151177,743595 67811,685236 68147,686113 151513))
31284;POLYGON((546602 5164167,604160 5168216,610384 5084868,552032 5080814,546602 5164167))
31285;POLYGON((616370 5153460,673939 5155311,676998 5071949,618640 5070096,616370 5153460))
31286;POLYGON((686113 5151513,743686 5151177,743595 5067811,685236 5068147,686113 5151513))
31287;POLYGON((566319 291230,623849 293110,626975 209807,568640 207900,566319 291230))
25833;POLYGON((538365 5149724,595914 5150362,597225 5067031,538890 5066392,538365 5149724))
25832;POLYGON((998700 5170165,1056227 5175197,1063866 5091893,1005543 5086855,998700 5170165))
