4326;POLYGON((15.25 49.0,16.0 49.0,16.0 48.25,15.25 48.25,15.25 49.0))
31254;POLYGON((359732 440808,414579 444640,420782 361290,365111 357444,359732 440808))
31255;POLYGON((140304 430916,195178 432571,198089 349180,142396 347519,140304 430916))
31256;POLYGON((-79176 429708,-24297 429194,-24664 345791,-80363 346307,-79176 429708))
31257;POLYGON((509732 440808,564579 444640,570782 361290,515111 357444,509732 440808))
31258;POLYGON((590304 430916,645178 432571,648089 349180,592396 347519,590304 430916))
31259;POLYGON((670823 429708,725702 429194,725335 345791,669636 346307,670823 429708))
31284;POLYGON((509732 5440808,564579 5444640,570782 5361290,515111 5357444,509732 5440808))
31285;POLYGON((590304 5430916,645178 5432571,648089 5349180,592396 5347519,590304 5430916))
31286;POLYGON((670823 5429708,725702 5429194,725335 5345791,669636 5346307,670823 5429708))
31287;POLYGON((540294 568538,595149 570154,598008 486813,542348 485173,540294 568538))
25833;POLYGON((518285 5427485,573142 5427937,574233 5344570,518558 5344117,518285 5427485))
25832;POLYGON((957014 5446302,1011818 5451106,1019493 5367818,963860 5362997,957014 5446302))
