4326;POLYGON((14.75 46.5,15.5 46.5,15.5 45.75,14.75 45.75,14.75 46.5))
31254;POLYGON((339040 160669,396602 164167,402032 80814,343678 77312,339040 160669))
31255;POLYGON((108798 152155,166370 153460,168640 70096,110282 68790,108798 152155))
31256;POLYGON((-121458 152396,-63886 151513,-64763 68147,-123122 69031,-121458 152396))
31257;POLYGON((489040 160669,546602 164167,552032 80814,493678 77312,489040 160669))
31258;POLYGON((558798 152155,616370 153460,618640 70096,560282 68790,558798 152155))
31259;POLYGON((628541 152396,686113 151513,685236 68147,626877 69031,628541 152396))
31284;POLYGON((489040 5160669,546602 5164167,552032 5080814,493678 5077312,489040 5160669))
31285;POLYGON((558798 5152155,616370 5153460,618640 5070096,560282 5068790,558798 5152155))
31286;POLYGON((628541 5152396,686113 5151513,685236 5068147,626877 5069031,628541 5152396))
31287;POLYGON((508772 289905,566319 291230,568640 207900,510289 206556,508772 289905))
25833;POLYGON((480817 5149633,538365 5149724,538890 5066392,480554 5066301,480817 5149633))
25832;POLYGON((941169 5165687,998700 5170165,1005543 5086855,947217 5082372,941169 5165687))
