4326;POLYGON((15.5 48.5,16.25 48.5,16.25 47.75,15.5 47.75,15.5 48.5))
31254;POLYGON((381792 386452,437187 390475,443615 307129,387401 303093,381792 386452))
31255;POLYGON((160175 375810,215596 377650,218756 294266,162522 292421,160175 375810))
31256;POLYGON((-61493 373874,-6067 373540,-6160 290145,-62400 290480,-61493 373874))
31257;POLYGON((531792 386452,587187 390475,593615 307129,537401 303093,531792 386452))
31258;POLYGON((610175 375810,665596 377650,668756 294266,612522 292421,610175 375810))
31259;POLYGON((688506 373874,743932 373540,743839 290145,687599 290480,688506 373874))
31284;POLYGON((531792 5386452,587187 5390475,593615 5307129,537401 5303093,531792 5386452))
31285;POLYGON((610175 5375810,665596 5377650,668756 5294266,612522 5292421,610175 5375810))
31286;POLYGON((688506 5373874,743932 5373540,743839 5290145,687599 5290480,688506 5373874))
31287;POLYGON((560129 513442,615515 515253,618641 431939,562450 430102,560129 513442))
25833;POLYGON((536935 5371996,592338 5372630,593693 5289270,537477 5288635,536935 5371996))
25832;POLYGON((980040 5392310,1035394 5397309,1043284 5314022,987107 5309008,980040 5392310))
