4326;POLYGON((15.25 47.0,16.0 47.0,16.0 46.25,15.25 46.25,15.25 47.0))
31254;POLYGON((373935 218511,430961 222372,436969 139022,379144 135155,373935 218511))
31255;POLYGON((145826 208546,202866 210213,205685 126845,147852 125175,145826 208546))
31256;POLYGON((-82309 207329,-25267 206812,-25622 123438,-83458 123957,-82309 207329))
31257;POLYGON((523935 218511,580961 222372,586969 139022,529144 135155,523935 218511))
31258;POLYGON((595826 208546,652866 210213,655685 126845,597852 125175,595826 208546))
31259;POLYGON((667690 207329,724732 206812,724377 123438,666541 123957,667690 207329))
31284;POLYGON((523935 5218511,580961 5222372,586969 5139022,529144 5135155,523935 5218511))
31285;POLYGON((595826 5208546,652866 5210213,655685 5126845,597852 5125175,595826 5208546))
31286;POLYGON((667690 5207329,724732 5206812,724377 5123438,666541 5123957,667690 5207329))
31287;POLYGON((545769 346279,602770 347959,605627 264652,547822 262949,545769 346279))
25833;POLYGON((519006 5205194,576025 5205649,577082 5122310,519270 5121855,519006 5205194))
25832;POLYGON((975093 5224151,1032085 5228992,1039520 5145690,981725 5140841,975093 5224151))
