4326;POLYGON((14.75 46.25,15.5 46.25,15.5 45.5,14.75 45.5,14.75 46.25))
31254;POLYGON((340593 132883,398420 136383,403827 53030,345211 49528,340593 132883))
31255;POLYGON((109295 124366,167130 125671,169391 42310,110772 41004,109295 124366))
31256;POLYGON((-122015 124606,-64179 123723,-65053 40361,-123672 41245,-122015 124606))
31257;POLYGON((490593 132883,548420 136383,553827 53030,495211 49528,490593 132883))
31258;POLYGON((559295 124366,617130 125671,619391 42310,560772 41004,559295 124366))
31259;POLYGON((627984 124606,685820 123723,684946 40361,626327 41245,627984 124606))
31284;POLYGON((490593 5132883,548420 5136383,553827 5053030,495211 5049528,490593 5132883))
31285;POLYGON((559295 5124366,617130 5125671,619391 5042310,560772 5041004,559295 5124366))
31286;POLYGON((627984 5124606,685820 5123723,684946 5040361,626327 5041245,627984 5124606))
31287;POLYGON((509278 262124,567092 263455,569414 180119,510795 178769,509278 262124))
25833;POLYGON((480729 5121855,538541 5121946,539063 5038618,480468 5038526,480729 5121855))
25832;POLYGON((943193 5137915,1000991 5142396,1007804 5059085,949216 5054600,943193 5137915))
