4326;POLYGON((15.5 47.5,16.25 47.5,16.25 46.75,15.5 46.75,15.5 47.5))
31254;POLYGON((389256 275308,445741 279346,452068 195999,394777 191952,389256 275308))
31255;POLYGON((163298 264626,219801 266474,222911 183101,165606 181250,163298 264626))
31256;POLYGON((-62699 262684,-6191 262349,-6283 178968,-63591 179304,-62699 262684))
31257;POLYGON((539256 275308,595741 279346,602068 195999,544777 191952,539256 275308))
31258;POLYGON((613298 264626,669801 266474,672911 183101,615606 181250,613298 264626))
31259;POLYGON((687300 262684,743808 262349,743716 178968,686408 179304,687300 262684))
31284;POLYGON((539256 5275308,595741 5279346,602068 5195999,544777 5191952,539256 5275308))
31285;POLYGON((613298 5264626,669801 5266474,672911 5183101,615606 5181250,613298 5264626))
31286;POLYGON((687300 5262684,743808 5262349,743716 5178968,686408 5179304,687300 5262684))
31287;POLYGON((563224 402326,619682 404172,622808 320876,565545 319004,563224 402326))
25833;POLYGON((537656 5260850,594141 5261486,595473 5178141,538189 5177504,537656 5260850))
25832;POLYGON((989445 5281240,1045893 5286259,1053659 5202963,996400 5197935,989445 5281240))
