4326;POLYGON((15.5 49.0,16.25 49.0,16.25 48.25,15.5 48.25,15.5 49.0))
31254;POLYGON((378016 442025,432859 446039,439338 362693,383669 358665,378016 442025))
31255;POLYGON((158596 431407,213468 433244,216653 349855,160961 348012,158596 431407))
31256;POLYGON((-60883 429476,-6004 429143,-6098 345740,-61797 346075,-60883 429476))
31257;POLYGON((528016 442025,582859 446039,589338 362693,533669 358665,528016 442025))
31258;POLYGON((608596 431407,663468 433244,666653 349855,610961 348012,608596 431407))
31259;POLYGON((689116 429476,743995 429143,743901 345740,688202 346075,689116 429476))
31284;POLYGON((528016 5442025,582859 5446039,589338 5362693,533669 5358665,528016 5442025))
31285;POLYGON((608596 5431407,663468 5433244,666653 5349855,610961 5348012,608596 5431407))
31286;POLYGON((689116 5429476,743995 5429143,743901 5345740,688202 5346075,689116 5429476))
31287;POLYGON((558581 569018,613431 570811,616557 487479,560903 485660,558581 569018))
25833;POLYGON((536571 5427576,591427 5428208,592792 5344842,537117 5344208,536571 5427576))
25832;POLYGON((975283 5447843,1030084 5452830,1038034 5369547,982405 5364543,975283 5447843))
