4326;POLYGON((15.0 48.5,15.75 48.5,15.75 47.75,15.0 47.75,15.0 48.5))
31254;POLYGON((344857 384073,400258 387732,406140 304377,349921 300708,344857 384073))
31255;POLYGON((123227 374885,178649 376363,181267 292975,125031 291493,123227 374885))
31256;POLYGON((-98444 374399,-43018 373702,-43653 290308,-99892 291006,-98444 374399))
31257;POLYGON((494857 384073,550258 387732,556140 304377,499921 300708,494857 384073))
31258;POLYGON((573227 374885,628649 376363,631267 292975,575031 291493,573227 374885))
31259;POLYGON((651555 374399,706981 373702,706346 290308,650107 291006,651555 374399))
31284;POLYGON((494857 5384073,550258 5387732,556140 5304377,499921 5300708,494857 5384073))
31285;POLYGON((573227 5374885,628649 5376363,631267 5292975,575031 5291493,573227 5374885))
31286;POLYGON((651555 5374399,706981 5373702,706346 5290308,650107 5291006,651555 5374399))
31287;POLYGON((523196 512532,578593 513986,581182 430654,524981 429179,523196 512532))
25833;POLYGON((500000 5371875,555403 5372147,556216 5288786,499999 5288514,500000 5371875))
25832;POLYGON((943132 5389283,998493 5393915,1005834 5310618,949652 5305972,943132 5389283))
