4326;POLYGON((15.25 48.25,16.0 48.25,16.0 47.5,15.25 47.5,15.25 48.25))
31254;POLYGON((365111 357444,420782 361290,426914 277939,370427 274083,365111 357444))
31255;POLYGON((142396 347519,198089 349180,200967 265797,144462 264132,142396 347519))
31256;POLYGON((-80363 346307,-24664 345791,-25027 262400,-81535 262917,-80363 346307))
31257;POLYGON((515111 357444,570782 361290,576914 277939,520427 274083,515111 357444))
31258;POLYGON((592396 347519,648089 349180,650967 265797,594462 264132,592396 347519))
31259;POLYGON((669636 346307,725335 345791,724972 262400,668464 262917,669636 346307))
31284;POLYGON((515111 5357444,570782 5361290,576914 5277939,520427 5274083,515111 5357444))
31285;POLYGON((592396 5347519,648089 5349180,650967 5265797,594462 5264132,592396 5347519))
31286;POLYGON((669636 5346307,725335 5345791,724972 5262400,668464 5262917,669636 5346307))
31287;POLYGON((542348 485173,598008 486813,600865 403496,544401 401832,542348 485173))
25833;POLYGON((518558 5344117,574233 5344570,575313 5261214,518828 5260760,518558 5344117))
25832;POLYGON((963860 5362997,1019493 5367818,1027078 5284525,970627 5279690,963860 5362997))
