4326;POLYGON((15.25 49.5,16.0 49.5,16.0 48.75,15.25 48.75,15.25 49.5))
31254;POLYGON((356112 496386,410404 500208,416655 416857,361532 413020,356112 496386))
31255;POLYGON((138897 486519,193218 488170,196152 404773,141004 403116,138897 486519))
31256;POLYGON((-78378 485314,-24050 484802,-24420 401392,-79573 401906,-78378 485314))
31257;POLYGON((506112 496386,560404 500208,566655 416857,511532 413020,506112 496386))
31258;POLYGON((588897 486519,643218 488170,646152 404773,591004 403116,588897 486519))
31259;POLYGON((671621 485314,725949 484802,725579 401392,670426 401906,671621 485314))
31284;POLYGON((506112 5496386,560404 5500208,566655 5416857,511532 5413020,506112 5496386))
31285;POLYGON((588897 5486519,643218 5488170,646152 5404773,591004 5403116,588897 5486519))
31286;POLYGON((671621 5485314,725949 5484802,725579 5401392,670426 5401906,671621 5485314))
31287;POLYGON((538924 624136,593243 625737,596102 542370,540979 540746,538924 624136))
25833;POLYGON((518101 5483070,572407 5483521,573507 5400147,518376 5399695,518101 5483070))
25832;POLYGON((952406 5501838,1006654 5506629,1014386 5423344,959304 5418534,952406 5501838))
