4326;POLYGON((15.0 49.0,15.75 49.0,15.75 48.25,15.0 48.25,15.0 49.0))
31254;POLYGON((341448 439652,396298 443302,402226 359947,346552 356284,341448 439652))
31255;POLYGON((122013 430485,176887 431959,179525 348566,123831 347086,122013 430485))
31256;POLYGON((-97469 430000,-42590 429305,-43231 345903,-98928 346600,-97469 430000))
31257;POLYGON((491448 439652,546298 443302,552226 359947,496552 356284,491448 439652))
31258;POLYGON((572013 430485,626887 431959,629525 348566,573831 347086,572013 430485))
31259;POLYGON((652530 430000,707409 429305,706768 345903,651071 346600,652530 430000))
31284;POLYGON((491448 5439652,546298 5443302,552226 5359947,496552 5356284,491448 5439652))
31285;POLYGON((572013 5430485,626887 5431959,629525 5348566,573831 5347086,572013 5430485))
31286;POLYGON((652530 5430000,707409 5429305,706768 5345903,651071 5346600,652530 5430000))
31287;POLYGON((522006 568117,576866 569557,579456 486206,523791 484745,522006 568117))
25833;POLYGON((499999 5427455,554856 5427726,555675 5344359,500000 5344087,499999 5427455))
25832;POLYGON((938743 5444823,993551 5449444,1000949 5366150,945313 5361512,938743 5444823))
