4326;POLYGON((14.75 48.75,15.5 48.75,15.5 48.0,14.75 48.0,14.75 48.75))
31254;POLYGON((324779 410766,379907 414238,385539 330879,329590 327396,324779 410766))
31255;POLYGON((104237 402313,159387 403608,161743 320216,105776 318917,104237 402313))
31256;POLYGON((-116341 402551,-61189 401675,-62099 318277,-118067 319156,-116341 402551))
31257;POLYGON((474779 410766,529907 414238,535539 330879,479590 327396,474779 410766))
31258;POLYGON((554237 402313,609387 403608,611743 320216,555776 318917,554237 402313))
31259;POLYGON((633658 402551,688810 401675,687900 318277,631932 319156,633658 402551))
31284;POLYGON((474779 5410766,529907 5414238,535539 5330879,479590 5327396,474779 5410766))
31285;POLYGON((554237 5402313,609387 5403608,611743 5320216,555776 5318917,554237 5402313))
31286;POLYGON((633658 5402551,688810 5401675,687900 5318277,631932 5319156,633658 5402551))
31287;POLYGON((504222 539959,559355 541228,561676 457880,505739 456592,504222 539959))
25833;POLYGON((481623 5399695,536753 5399785,537297 5316421,481351 5316330,481623 5399695))
25832;POLYGON((922577 5415632,977666 5420077,984761 5336776,928848 5332317,922577 5415632))
