4326;POLYGON((15.25 49.75,16.0 49.75,16.0 49.0,15.25 49.0,15.25 49.75))
31254;POLYGON((354292 524175,408305 527992,414579 444640,359732 440808,354292 524175))
31255;POLYGON((138189 514323,192232 515971,195178 432571,140304 430916,138189 514323))
31256;POLYGON((-77976 513119,-23926 512607,-24297 429194,-79176 429708,-77976 513119))
31257;POLYGON((504292 524175,558305 527992,564579 444640,509732 440808,504292 524175))
31258;POLYGON((588189 514323,642232 515971,645178 432571,590304 430916,588189 514323))
31259;POLYGON((672023 513119,726073 512607,725702 429194,670823 429708,672023 513119))
31284;POLYGON((504292 5524175,558305 5527992,564579 5444640,509732 5440808,504292 5524175))
31285;POLYGON((588189 5514323,642232 5515971,645178 5432571,590304 5430916,588189 5514323))
31286;POLYGON((672023 5513119,726073 5512607,725702 5429194,670823 5429708,672023 5513119))
31287;POLYGON((538239 651943,592290 653536,595149 570154,540294 568538,538239 651943))
25833;POLYGON((518009 5510865,572037 5511314,573142 5427937,518285 5427485,518009 5510865))
25832;POLYGON((950089 5529605,1004057 5534389,1011818 5451106,957014 5446302,950089 5529605))
