4326;POLYGON((15.25 47.5,16.0 47.5,16.0 46.75,15.25 46.75,15.25 47.5))
31254;POLYGON((370427 274083,426914 277939,432972 194589,375679 190725,370427 274083))
31255;POLYGON((144462 264132,200967 265797,203810 182423,146504 180754,144462 264132))
31256;POLYGON((-81535 262917,-25027 262400,-25386 179019,-82693 179537,-81535 262917))
31257;POLYGON((520427 274083,576914 277939,582972 194589,525679 190725,520427 274083))
31258;POLYGON((594462 264132,650967 265797,653810 182423,596504 180754,594462 264132))
31259;POLYGON((668464 262917,724972 262400,724613 179019,667306 179537,668464 262917))
31284;POLYGON((520427 5274083,576914 5277939,582972 5194589,525679 5190725,520427 5274083))
31285;POLYGON((594462 5264132,650967 5265797,653810 5182423,596504 5180754,594462 5264132))
31286;POLYGON((668464 5262917,724972 5262400,724613 5179019,667306 5179537,668464 5262917))
31287;POLYGON((544401 401832,600865 403496,603722 320190,546454 318503,544401 401832))
25833;POLYGON((518828 5260760,575313 5261214,576379 5177868,519094 5177413,518828 5260760))
25832;POLYGON((970627 5279690,1027078 5284525,1034573 5201226,977313 5196381,970627 5279690))
