4326;POLYGON((15.5 49.75,16.25 49.75,16.25 49.0,15.5 49.0,15.5 49.75))
31254;POLYGON((372298 525387,426306 529385,432859 446039,378016 442025,372298 525387))
31255;POLYGON((156204 514812,210246 516641,213468 433244,158596 431407,156204 514812))
31256;POLYGON((-59960 512888,-5909 512557,-6004 429143,-60883 429476,-59960 512888))
31257;POLYGON((522298 525387,576306 529385,582859 446039,528016 442025,522298 525387))
31258;POLYGON((606204 514812,660246 516641,663468 433244,608596 431407,606204 514812))
31259;POLYGON((690039 512888,744090 512557,743995 429143,689116 429476,690039 512888))
31284;POLYGON((522298 5525387,576306 5529385,582859 5446039,528016 5442025,522298 5525387))
31285;POLYGON((606204 5514812,660246 5516641,663468 5433244,608596 5431407,606204 5514812))
31286;POLYGON((690039 5512888,744090 5512557,743995 5429143,689116 5429476,690039 5512888))
31287;POLYGON((556258 652416,610303 654182,613431 570811,558581 569018,556258 652416))
25833;POLYGON((536018 5510955,590046 5511584,591427 5428208,536571 5427576,536018 5510955))
25832;POLYGON((968080 5531139,1022043 5536105,1030084 5452830,975283 5447843,968080 5531139))
