4326;POLYGON((14.75 46.75,15.5 46.75,15.5 46.0,14.75 46.0,14.75 46.75))
31254;POLYGON((337481 188456,394777 191952,400230 108598,342139 105097,337481 188456))
31255;POLYGON((108300 179946,165606 181250,167886 97883,109789 96577,108300 179946))
31256;POLYGON((-120898 180186,-63591 179304,-64472 95935,-122569 96818,-120898 180186))
31257;POLYGON((487481 188456,544777 191952,550230 108598,492139 105097,487481 188456))
31258;POLYGON((558300 179946,615606 181250,617886 97883,559789 96577,558300 179946))
31259;POLYGON((629101 180186,686408 179304,685527 95935,627430 96818,629101 180186))
31284;POLYGON((487481 5188456,544777 5191952,550230 5108598,492139 5105097,487481 5188456))
31285;POLYGON((558300 5179946,615606 5181250,617886 5097883,559789 5096577,558300 5179946))
31286;POLYGON((629101 5180186,686408 5179304,685527 5095935,627430 5096818,629101 5180186))
31287;POLYGON((508267 317685,565545 319004,567866 235678,509784 234341,508267 317685))
25833;POLYGON((480905 5177413,538189 5177504,538716 5094169,480641 5094077,480905 5177413))
25832;POLYGON((939136 5193459,996400 5197935,1003271 5114626,945209 5110144,939136 5193459))
