4326;POLYGON((15.25 47.25,16.0 47.25,16.0 46.5,15.25 46.5,15.25 47.25))
31254;POLYGON((372184 246297,428941 250155,434975 166805,377415 162940,372184 246297))
31255;POLYGON((145146 236338,201918 238005,204750 154633,147179 152964,145146 236338))
31256;POLYGON((-81923 235123,-25147 234605,-25504 151228,-83076 151747,-81923 235123))
31257;POLYGON((522184 246297,578941 250155,584975 166805,527415 162940,522184 246297))
31258;POLYGON((595146 236338,651918 238005,654750 154633,597179 152964,595146 236338))
31259;POLYGON((668076 235123,724852 234605,724495 151228,666923 151747,668076 235123))
31284;POLYGON((522184 5246297,578941 5250155,584975 5166805,527415 5162940,522184 5246297))
31285;POLYGON((595146 5236338,651918 5238005,654750 5154633,597179 5152964,595146 5236338))
31286;POLYGON((668076 5235123,724852 5234605,724495 5151228,666923 5151747,668076 5235123))
31287;POLYGON((545085 374055,601817 375727,604674 292422,547138 290726,545085 374055))
25833;POLYGON((518917 5232976,575669 5233431,576731 5150089,519182 5149633,518917 5232976))
25832;POLYGON((972864 5251921,1029586 5256759,1037052 5173458,979524 5168611,972864 5251921))
