4326;POLYGON((14.75 47.75,15.5 47.75,15.5 47.0,14.75 47.0,14.75 47.75))
31254;POLYGON((331181 299607,387401 303093,392944 219737,335915 216243,331181 299607))
31255;POLYGON((106285 291120,162522 292421,164840 209041,107799 207738,106285 291120))
31256;POLYGON((-118638 291360,-62400 290480,-63295 207096,-120337 207978,-118638 291360))
31257;POLYGON((481181 299607,537401 303093,542944 219737,485915 216243,481181 299607))
31258;POLYGON((556285 291120,612522 292421,614840 209041,557799 207738,556285 291120))
31259;POLYGON((631361 291360,687599 290480,686704 207096,629662 207978,631361 291360))
31284;POLYGON((481181 5299607,537401 5303093,542944 5219737,485915 5216243,481181 5299607))
31285;POLYGON((556285 5291120,612522 5292421,614840 5209041,557799 5207738,556285 5291120))
31286;POLYGON((631361 5291360,687599 5290480,686704 5207096,629662 5207978,631361 5291360))
31287;POLYGON((506245 428808,562450 430102,564771 346778,507761 345465,506245 428808))
25833;POLYGON((481261 5288544,537477 5288635,538012 5205285,480993 5205194,481261 5288544))
25832;POLYGON((930922 5304545,987107 5309008,994091 5225704,937095 5221230,930922 5304545))
