4326;POLYGON((14.75 47.0,15.5 47.0,15.5 46.25,14.75 46.25,14.75 47.0))
31254;POLYGON((335915 216243,392944 219737,398420 136383,340593 132883,335915 216243))
31255;POLYGON((107799 207738,164840 209041,167130 125671,109295 124366,107799 207738))
31256;POLYGON((-120337 207978,-63295 207096,-64179 123723,-122015 124606,-120337 207978))
31257;POLYGON((485915 216243,542944 219737,548420 136383,490593 132883,485915 216243))
31258;POLYGON((557799 207738,614840 209041,617130 125671,559295 124366,557799 207738))
31259;POLYGON((629662 207978,686704 207096,685820 123723,627984 124606,629662 207978))
31284;POLYGON((485915 5216243,542944 5219737,548420 5136383,490593 5132883,485915 5216243))
31285;POLYGON((557799 5207738,614840 5209041,617130 5125671,559295 5124366,557799 5207738))
31286;POLYGON((629662 5207978,686704 5207096,685820 5123723,627984 5124606,629662 5207978))
31287;POLYGON((507761 345465,564771 346778,567092 263455,509278 262124,507761 345465))
25833;POLYGON((480993 5205194,538012 5205285,538541 5121946,480729 5121855,480993 5205194))
25832;POLYGON((937095 5221230,994091 5225704,1000991 5142396,943193 5137915,937095 5221230))
