4326;POLYGON((15.5 48.25,16.25 48.25,16.25 47.5,15.5 47.5,15.5 48.25))
31254;POLYGON((383669 358665,439338 362693,445741 279346,389256 275308,383669 358665))
31255;POLYGON((160961 348012,216653 349855,219801 266474,163298 264626,160961 348012))
31256;POLYGON((-61797 346075,-6098 345740,-6191 262349,-62699 262684,-61797 346075))
31257;POLYGON((533669 358665,589338 362693,595741 279346,539256 275308,533669 358665))
31258;POLYGON((610961 348012,666653 349855,669801 266474,613298 264626,610961 348012))
31259;POLYGON((688202 346075,743901 345740,743808 262349,687300 262684,688202 346075))
31284;POLYGON((533669 5358665,589338 5362693,595741 5279346,539256 5275308,533669 5358665))
31285;POLYGON((610961 5348012,666653 5349855,669801 5266474,613298 5264626,610961 5348012))
31286;POLYGON((688202 5346075,743901 5345740,743808 5262349,687300 5262684,688202 5346075))
31287;POLYGON((560903 485660,616557 487479,619682 404172,563224 402326,560903 485660))
25833;POLYGON((537117 5344208,592792 5344842,594141 5261486,537656 5260850,537117 5344208))
25832;POLYGON((982405 5364543,1038034 5369547,1045893 5286259,989445 5281240,982405 5364543))
