4326;POLYGON((15.0 48.75,15.75 48.75,15.75 48.0,15.0 48.0,15.0 48.75))
31254;POLYGON((343156 411863,398282 415517,404187 332162,348240 328496,343156 411863))
31255;POLYGON((122621 402684,177770 404160,180398 320770,124432 319289,122621 402684))
31256;POLYGON((-97957 402199,-42805 401503,-43442 318105,-99411 318802,-97957 402199))
31257;POLYGON((493156 411863,548282 415517,554187 332162,498240 328496,493156 411863))
31258;POLYGON((572621 402684,627770 404160,630398 320770,574432 319289,572621 402684))
31259;POLYGON((652042 402199,707194 401503,706557 318105,650588 318802,652042 402199))
31284;POLYGON((493156 5411863,548282 5415517,554187 5332162,498240 5328496,493156 5411863))
31285;POLYGON((572621 5402684,627770 5404160,630398 5320770,574432 5319289,572621 5402684))
31286;POLYGON((652042 5402199,707194 5401503,706557 5318105,650588 5318802,652042 5402199))
31287;POLYGON((522601 540323,577729 541770,580319 458429,524386 456961,522601 540323))
25833;POLYGON((500000 5399665,555130 5399936,555946 5316572,499999 5316300,500000 5399665))
25832;POLYGON((940941 5417053,996027 5421680,1003396 5338385,947487 5333742,940941 5417053))
