4326;POLYGON((14.75 48.0,15.5 48.0,15.5 47.25,14.75 47.25,14.75 48.0))
31254;POLYGON((329590 327396,385539 330879,391104 247522,334344 244030,329590 327396))
31255;POLYGON((105776 318917,161743 320216,164070 236833,107296 235531,105776 318917))
31256;POLYGON((-118067 319156,-62099 318277,-62998 234889,-119773 235771,-118067 319156))
31257;POLYGON((479590 327396,535539 330879,541104 247522,484344 244030,479590 327396))
31258;POLYGON((555776 318917,611743 320216,614070 236833,557296 235531,555776 318917))
31259;POLYGON((631932 319156,687900 318277,687001 234889,630226 235771,631932 319156))
31284;POLYGON((479590 5327396,535539 5330879,541104 5247522,484344 5244030,479590 5327396))
31285;POLYGON((555776 5318917,611743 5320216,614070 5236833,557296 5235531,555776 5318917))
31286;POLYGON((631932 5319156,687900 5318277,687001 5234889,630226 5235771,631932 5319156))
31287;POLYGON((505739 456592,561676 457880,563998 374552,507256 373245,505739 456592))
25833;POLYGON((481351 5316330,537297 5316421,537835 5233067,481082 5232976,481351 5316330))
25832;POLYGON((928848 5332317,984761 5336776,991773 5253472,935046 5249002,928848 5332317))
