4326;POLYGON((14.75 48.5,15.5 48.5,15.5 47.75,14.75 47.75,14.75 48.5))
31254;POLYGON((326389 382975,381792 386452,387401 303093,331181 299607,326389 382975))
31255;POLYGON((104752 374513,160175 375810,162522 292421,106285 291120,104752 374513))
31256;POLYGON((-116918 374752,-61493 373874,-62400 290480,-118638 291360,-116918 374752))
31257;POLYGON((476389 382975,531792 386452,537401 303093,481181 299607,476389 382975))
31258;POLYGON((554752 374513,610175 375810,612522 292421,556285 291120,554752 374513))
31259;POLYGON((633081 374752,688506 373874,687599 290480,631361 291360,633081 374752))
31284;POLYGON((476389 5382975,531792 5386452,537401 5303093,481181 5299607,476389 5382975))
31285;POLYGON((554752 5374513,610175 5375810,612522 5292421,556285 5291120,554752 5374513))
31286;POLYGON((633081 5374752,688506 5373874,687599 5290480,631361 5291360,633081 5374752))
31287;POLYGON((504728 512167,560129 513442,562450 430102,506245 428808,504728 512167))
25833;POLYGON((481532 5371905,536935 5371996,537477 5288635,481261 5288544,481532 5371905))
25832;POLYGON((924676 5387860,980040 5392310,987107 5309008,930922 5304545,924676 5387860))
