4326;POLYGON((15.25 50.0,16.0 50.0,16.0 49.25,15.25 49.25,15.25 50.0))
31254;POLYGON((352465 551965,406198 555775,412495 472424,357926 468597,352465 551965))
31255;POLYGON((137478 542127,191243 543773,194200 460370,139602 458717,137478 542127))
31256;POLYGON((-77573 540925,-23801 540414,-24174 456997,-78778 457510,-77573 540925))
31257;POLYGON((502465 551965,556198 555775,562495 472424,507926 468597,502465 551965))
31258;POLYGON((587478 542127,641243 543773,644200 460370,589602 458717,587478 542127))
31259;POLYGON((672426 540925,726198 540414,725825 456997,671221 457510,672426 540925))
31284;POLYGON((502465 5551965,556198 5555775,562495 5472424,507926 5468597,502465 5551965))
31285;POLYGON((587478 5542127,641243 5543773,644200 5460370,589602 5458717,587478 5542127))
31286;POLYGON((672426 5540925,726198 5540414,725825 5456997,671221 5457510,672426 5540925))
31287;POLYGON((537554 679756,591336 681341,594196 597943,539609 596335,537554 679756))
25833;POLYGON((517916 5538660,571666 5539109,572775 5455728,518193 5455277,517916 5538660))
25832;POLYGON((947764 5557372,1001451 5562149,1009241 5478868,954714 5474070,947764 5557372))
