4326;POLYGON((15.5 47.75,16.25 47.75,16.25 47.0,15.5 47.0,15.5 47.75))
31254;POLYGON((387401 303093,443615 307129,449968 223781,392944 219737,387401 303093))
31255;POLYGON((162522 292421,218756 294266,221879 210891,164840 209041,162522 292421))
31256;POLYGON((-62400 290480,-6160 290145,-6253 206760,-63295 207096,-62400 290480))
31257;POLYGON((537401 303093,593615 307129,599968 223781,542944 219737,537401 303093))
31258;POLYGON((612522 292421,668756 294266,671879 210891,614840 209041,612522 292421))
31259;POLYGON((687599 290480,743839 290145,743746 206760,686704 207096,687599 290480))
31284;POLYGON((537401 5303093,593615 5307129,599968 5223781,542944 5219737,537401 5303093))
31285;POLYGON((612522 5292421,668756 5294266,671879 5210891,614840 5209041,612522 5292421))
31286;POLYGON((687599 5290480,743839 5290145,743746 5206760,686704 5207096,687599 5290480))
31287;POLYGON((562450 430102,618641 431939,621766 348641,564771 346778,562450 430102))
25833;POLYGON((537477 5288635,593693 5289270,595031 5205922,538012 5205285,537477 5288635))
25832;POLYGON((987107 5309008,1043284 5314022,1051081 5230729,994091 5225704,987107 5309008))
