4326;POLYGON((15.0 47.25,15.75 47.25,15.75 46.5,15.0 46.5,15.0 47.25))
31254;POLYGON((353264 245133,410023 248808,415789 165456,358228 161774,353264 245133))
31255;POLYGON((126221 235904,182994 237389,185560 154016,127989 152529,126221 235904))
31256;POLYGON((-100848 235416,-44072 234717,-44695 151340,-102267 152041,-100848 235416))
31257;POLYGON((503264 245133,560023 248808,565789 165456,508228 161774,503264 245133))
31258;POLYGON((576221 235904,632994 237389,635560 154016,577989 152529,576221 235904))
31259;POLYGON((649151 235416,705927 234717,705304 151340,647732 152041,649151 235416))
31284;POLYGON((503264 5245133,560023 5248808,565789 5165456,508228 5161774,503264 5245133))
31285;POLYGON((576221 5235904,632994 5237389,635560 5154016,577989 5152529,576221 5235904))
31286;POLYGON((649151 5235416,705927 5234717,705304 5151340,647732 5152041,649151 5235416))
31287;POLYGON((526171 373620,582908 375109,585497 291795,527956 290285,526171 373620))
25833;POLYGON((499999 5232946,556752 5233219,557548 5149876,499999 5149603,499999 5232946))
25832;POLYGON((953956 5250431,1010680 5255085,1017876 5171781,960347 5167118,953956 5250431))
