4326;POLYGON((15.5 48.0,16.25 48.0,16.25 47.25,15.5 47.25,15.5 48.0))
31254;POLYGON((385539 330879,441481 334911,447859 251564,391104 247522,385539 330879))
31255;POLYGON((161743 320216,217707 322060,220842 238682,164070 236833,161743 320216))
31256;POLYGON((-62099 318277,-6129 317942,-6222 234554,-62998 234889,-62099 318277))
31257;POLYGON((535539 330879,591481 334911,597859 251564,541104 247522,535539 330879))
31258;POLYGON((611743 320216,667707 322060,670842 238682,614070 236833,611743 320216))
31259;POLYGON((687900 318277,743870 317942,743777 234554,687001 234889,687900 318277))
31284;POLYGON((535539 5330879,591481 5334911,597859 5251564,541104 5247522,535539 5330879))
31285;POLYGON((611743 5320216,667707 5322060,670842 5238682,614070 5236833,611743 5320216))
31286;POLYGON((687900 5318277,743870 5317942,743777 5234554,687001 5234889,687900 5318277))
31287;POLYGON((561676 457880,617599 459708,620724 376406,563998 374552,561676 457880))
25833;POLYGON((537297 5316421,593243 5317056,594587 5233704,537835 5233067,537297 5316421))
25832;POLYGON((984761 5336776,1040664 5341785,1048492 5258494,991773 5253472,984761 5336776))
