4326;POLYGON((15.5 50.0,16.25 50.0,16.25 49.25,15.5 49.25,15.5 50.0))
31254;POLYGON((370377 553175,424106 557166,430683 473821,376117 469812,370377 553175))
31255;POLYGON((155401 542616,209164 544442,212398 461042,157802 459208,155401 542616))
31256;POLYGON((-59649 540695,-5877 540363,-5973 456946,-60577 457279,-59649 540695))
31257;POLYGON((520377 553175,574106 557166,580683 473821,526117 469812,520377 553175))
31258;POLYGON((605401 542616,659164 544442,662398 461042,607802 459208,605401 542616))
31259;POLYGON((690350 540695,744122 540363,744026 456946,689422 457279,690350 540695))
31284;POLYGON((520377 5553175,574106 5557166,580683 5473821,526117 5469812,520377 5553175))
31285;POLYGON((605401 5542616,659164 5544442,662398 5461042,607802 5459208,605401 5542616))
31286;POLYGON((690350 5540695,744122 5540363,744026 5456946,689422 5457279,690350 5540695))
31287;POLYGON((555483 680227,609260 681984,612388 598596,557806 596812,555483 680227))
25833;POLYGON((535833 5538750,589582 5539379,590968 5455999,536387 5455367,535833 5538750))
25832;POLYGON((965661 5558904,1019343 5563863,1027414 5480589,972891 5475609,965661 5558904))
