4326;POLYGON((15.0 47.5,15.75 47.5,15.75 46.75,15.0 46.75,15.0 47.5))
31254;POLYGON((351596 272920,408085 276593,413875 193240,356580 189560,351596 272920))
31255;POLYGON((125627 263698,182132 265181,184708 181806,127402 180320,125627 263698))
31256;POLYGON((-100371 263211,-43863 262512,-44488 179131,-101796 179832,-100371 263211))
31257;POLYGON((501596 272920,558085 276593,563875 193240,506580 189560,501596 272920))
31258;POLYGON((575627 263698,632132 265181,634708 181806,577402 180320,575627 263698))
31259;POLYGON((649628 263211,706136 262512,705511 179131,648203 179832,649628 263211))
31284;POLYGON((501596 5272920,558085 5276593,563875 5193240,506580 5189560,501596 5272920))
31285;POLYGON((575627 5263698,632132 5265181,634708 5181806,577402 5180320,575627 5263698))
31286;POLYGON((649628 5263211,706136 5262512,705511 5179131,648203 5179832,649628 5263211))
31287;POLYGON((525576 401399,582045 402881,584634 319566,527361 318063,525576 401399))
25833;POLYGON((499999 5260729,556484 5261002,557284 5177656,500000 5177383,499999 5260729))
25832;POLYGON((951808 5278201,1008262 5282852,1015487 5199549,958225 5194889,951808 5278201))
