4326;POLYGON((15.5 47.25,16.25 47.25,16.25 46.5,15.5 46.5,15.5 47.25))
31254;POLYGON((391104 247522,447859 251564,454160 168216,396602 164167,391104 247522))
31255;POLYGON((164070 236833,220842 238682,223939 155311,166370 153460,164070 236833))
31256;POLYGON((-62998 234889,-6222 234554,-6313 151177,-63886 151513,-62998 234889))
31257;POLYGON((541104 247522,597859 251564,604160 168216,546602 164167,541104 247522))
31258;POLYGON((614070 236833,670842 238682,673939 155311,616370 153460,614070 236833))
31259;POLYGON((687001 234889,743777 234554,743686 151177,686113 151513,687001 234889))
31284;POLYGON((541104 5247522,597859 5251564,604160 5168216,546602 5164167,541104 5247522))
31285;POLYGON((614070 5236833,670842 5238682,673939 5155311,616370 5153460,614070 5236833))
31286;POLYGON((687001 5234889,743777 5234554,743686 5151177,686113 5151513,687001 5234889))
31287;POLYGON((563998 374552,620724 376406,623849 293110,566319 291230,563998 374552))
25833;POLYGON((537835 5233067,594587 5233704,595914 5150362,538365 5149724,537835 5233067))
25832;POLYGON((991773 5253472,1048492 5258494,1056227 5175197,998700 5170165,991773 5253472))
