4326;POLYGON((15.0 46.75,15.75 46.75,15.75 46.0,15.0 46.0,15.0 46.75))
31254;POLYGON((356580 189560,413875 193240,419593 109888,361503 106203,356580 189560))
31255;POLYGON((127402 180320,184708 181806,187252 98439,129155 96952,127402 180320))
31256;POLYGON((-101796 179832,-44488 179131,-45106 95762,-103203 96463,-101796 179832))
31257;POLYGON((506580 189560,563875 193240,569593 109888,511503 106203,506580 189560))
31258;POLYGON((577402 180320,634708 181806,637252 98439,579155 96952,577402 180320))
31259;POLYGON((648203 179832,705511 179131,704893 95762,646796 96463,648203 179832))
31284;POLYGON((506580 5189560,563875 5193240,569593 5109888,511503 5106203,506580 5189560))
31285;POLYGON((577402 5180320,634708 5181806,637252 5098439,579155 5096952,577402 5180320))
31286;POLYGON((648203 5179832,705511 5179131,704893 5095762,646796 5096463,648203 5179832))
31287;POLYGON((527361 318063,584634 319566,587224 236249,529146 234724,527361 318063))
25833;POLYGON((500000 5177383,557284 5177656,558074 5094320,500000 5094047,500000 5177383))
25832;POLYGON((958225 5194889,1015487 5199549,1022625 5116243,964564 5111576,958225 5194889))
