4326;POLYGON((15.25 48.5,16.0 48.5,16.0 47.75,15.25 47.75,15.25 48.5))
31254;POLYGON((363325 385232,418723 389073,424878 305722,368662 301870,363325 385232))
31255;POLYGON((141701 375317,197123 376976,200012 293590,143776 291927,141701 375317))
31256;POLYGON((-79969 374106,-24543 373591,-24907 290196,-81146 290713,-79969 374106))
31257;POLYGON((513325 385232,568723 389073,574878 305722,518662 301870,513325 385232))
31258;POLYGON((591701 375317,647123 376976,650012 293590,593776 291927,591701 375317))
31259;POLYGON((670030 374106,725456 373591,725092 290196,668853 290713,670030 374106))
31284;POLYGON((513325 5385232,568723 5389073,574878 5305722,518662 5301870,513325 5385232))
31285;POLYGON((591701 5375317,647123 5376976,650012 5293590,593776 5291927,591701 5375317))
31286;POLYGON((670030 5374106,725456 5373591,725092 5290196,668853 5290713,670030 5374106))
31287;POLYGON((541663 512958,597055 514590,599913 431266,543716 429611,541663 512958))
25833;POLYGON((518467 5371905,573871 5372358,574954 5288998,518738 5288544,518467 5371905))
25832;POLYGON((961586 5390766,1016944 5395582,1024559 5312290,968380 5307460,961586 5390766))
