4326;POLYGON((15.0 49.75,15.75 49.75,15.75 49.0,15.0 49.0,15.0 49.75))
31254;POLYGON((336286 523024,390302 526659,396298 443302,341448 439652,336286 523024))
31255;POLYGON((120173 513893,174218 515362,176887 431959,122013 430485,120173 513893))
31256;POLYGON((-95992 513410,-41943 512718,-42590 429305,-97469 430000,-95992 513410))
31257;POLYGON((486286 523024,540302 526659,546298 443302,491448 439652,486286 523024))
31258;POLYGON((570173 513893,624218 515362,626887 431959,572013 430485,570173 513893))
31259;POLYGON((654007 513410,708056 512718,707409 429305,652530 430000,654007 513410))
31284;POLYGON((486286 5523024,540302 5526659,546298 5443302,491448 5439652,486286 5523024))
31285;POLYGON((570173 5513893,624218 5515362,626887 5431959,572013 5430485,570173 5513893))
31286;POLYGON((654007 5513410,708056 5512718,707409 5429305,652530 5430000,654007 5513410))
31287;POLYGON((520219 651528,574274 652947,576866 569557,522006 568117,520219 651528))
25833;POLYGON((500000 5510835,554028 5511105,554856 5427726,499999 5427455,500000 5510835))
25832;POLYGON((932097 5528132,986069 5532734,993551 5449444,938743 5444823,932097 5528132))
