4326;POLYGON((15.25 46.5,16.0 46.5,16.0 45.75,15.25 45.75,15.25 46.5))
31254;POLYGON((377415 162940,434975 166805,440934 83455,382581 79586,377415 162940))
31255;POLYGON((147179 152964,204750 154633,207545 71271,149187 69600,147179 152964))
31256;POLYGON((-83076 151747,-25504 151228,-25857 67862,-84216 68381,-83076 151747))
31257;POLYGON((527415 162940,584975 166805,590934 83455,532581 79586,527415 162940))
31258;POLYGON((597179 152964,654750 154633,657545 71271,599187 69600,597179 152964))
31259;POLYGON((666923 151747,724495 151228,724142 67862,665783 68381,666923 151747))
31284;POLYGON((527415 5162940,584975 5166805,590934 5083455,532581 5079586,527415 5162940))
31285;POLYGON((597179 5152964,654750 5154633,657545 5071271,599187 5069600,597179 5152964))
31286;POLYGON((666923 5151747,724495 5151228,724142 5067862,665783 5068381,666923 5151747))
31287;POLYGON((547138 290726,604674 292422,607532 209109,549191 207390,547138 290726))
25833;POLYGON((519182 5149633,576731 5150089,577780 5066757,519445 5066301,519182 5149633))
25832;POLYGON((979524 5168611,1037052 5173458,1044425 5090152,986101 5085299,979524 5168611))
