4326;POLYGON((14.75 49.5,15.5 49.5,15.5 48.75,14.75 48.75,14.75 49.5))
31254;POLYGON((319913 494140,374211 497599,379907 414238,324779 410766,319913 494140))
31255;POLYGON((102681 485719,157004 487010,159387 403608,104237 402313,102681 485719))
31256;POLYGON((-114595 485956,-60269 485083,-61189 401675,-116341 402551,-114595 485956))
31257;POLYGON((469913 494140,524211 497599,529907 414238,474779 410766,469913 494140))
31258;POLYGON((552681 485719,607004 487010,609387 403608,554237 402313,552681 485719))
31259;POLYGON((635404 485956,689730 485083,688810 401675,633658 402551,635404 485956))
31284;POLYGON((469913 5494140,524211 5497599,529907 5414238,474779 5410766,469913 5494140))
31285;POLYGON((552681 5485719,607004 5487010,609387 5403608,554237 5402313,552681 5485719))
31286;POLYGON((635404 5485956,689730 5485083,688810 5401675,633658 5402551,635404 5485956))
31287;POLYGON((502704 623360,557032 624611,559355 541228,504222 539959,502704 623360))
25833;POLYGON((481898 5483070,536203 5483160,536753 5399785,481623 5399695,481898 5483070))
25832;POLYGON((916233 5498947,970490 5503374,977666 5420077,922577 5415632,916233 5498947))
