4326;POLYGON((15.0 48.0,15.75 48.0,15.75 47.25,15.0 47.25,15.0 48.0))
31254;POLYGON((348240 328496,404187 332162,410023 248808,353264 245133,348240 328496))
31255;POLYGON((124432 319289,180398 320770,182994 237389,126221 235904,124432 319289))
31256;POLYGON((-99411 318802,-43442 318105,-44072 234717,-100848 235416,-99411 318802))
31257;POLYGON((498240 328496,554187 332162,560023 248808,503264 245133,498240 328496))
31258;POLYGON((574432 319289,630398 320770,632994 237389,576221 235904,574432 319289))
31259;POLYGON((650588 318802,706557 318105,705927 234717,649151 235416,650588 318802))
31284;POLYGON((498240 5328496,554187 5332162,560023 5248808,503264 5245133,498240 5328496))
31285;POLYGON((574432 5319289,630398 5320770,632994 5237389,576221 5235904,574432 5319289))
31286;POLYGON((650588 5318802,706557 5318105,705927 5234717,649151 5235416,650588 5318802))
31287;POLYGON((524386 456961,580319 458429,582908 375109,526171 373620,524386 456961))
25833;POLYGON((499999 5316300,555946 5316572,556752 5233219,499999 5232946,499999 5316300))
25832;POLYGON((947487 5333742,1003396 5338385,1010680 5255085,953956 5250431,947487 5333742))
