4326;POLYGON((14.75 48.25,15.5 48.25,15.5 47.5,14.75 47.5,14.75 48.25))
31254;POLYGON((327992 355185,383669 358665,389256 275308,332765 271818,327992 355185))
31255;POLYGON((105265 346714,160961 348012,163298 264626,106792 263325,105265 346714))
31256;POLYGON((-117494 346953,-61797 346075,-62699 262684,-119206 263565,-117494 346953))
31257;POLYGON((477992 355185,533669 358665,539256 275308,482765 271818,477992 355185))
31258;POLYGON((555265 346714,610961 348012,613298 264626,556792 263325,555265 346714))
31259;POLYGON((632505 346953,688202 346075,687300 262684,630793 263565,632505 346953))
31284;POLYGON((477992 5355185,533669 5358665,539256 5275308,482765 5271818,477992 5355185))
31285;POLYGON((555265 5346714,610961 5348012,613298 5264626,556792 5263325,555265 5346714))
31286;POLYGON((632505 5346953,688202 5346075,687300 5262684,630793 5263565,632505 5346953))
31287;POLYGON((505233 484378,560903 485660,563224 402326,506750 401026,505233 484378))
25833;POLYGON((481441 5344117,537117 5344208,537656 5260850,481171 5260760,481441 5344117))
25832;POLYGON((926766 5360089,982405 5364543,989445 5281240,932988 5276774,926766 5360089))
