4326;POLYGON((15.25 46.75,16.0 46.75,16.0 46.0,15.25 46.0,15.25 46.75))
31254;POLYGON((375679 190725,432972 194589,438956 111238,380866 107370,375679 190725))
31255;POLYGON((146504 180754,203810 182423,206617 99057,148521 97387,146504 180754))
31256;POLYGON((-82693 179537,-25386 179019,-25740 95650,-83838 96168,-82693 179537))
31257;POLYGON((525679 190725,582972 194589,588956 111238,530866 107370,525679 190725))
31258;POLYGON((596504 180754,653810 182423,656617 99057,598521 97387,596504 180754))
31259;POLYGON((667306 179537,724613 179019,724259 95650,666161 96168,667306 179537))
31284;POLYGON((525679 5190725,582972 5194589,588956 5111238,530866 5107370,525679 5190725))
31285;POLYGON((596504 5180754,653810 5182423,656617 5099057,598521 5097387,596504 5180754))
31286;POLYGON((667306 5179537,724613 5179019,724259 5095650,666161 5096168,667306 5179537))
31287;POLYGON((546454 318503,603722 320190,606579 236881,548507 235170,546454 318503))
25833;POLYGON((519094 5177413,576379 5177868,577432 5094533,519358 5094077,519094 5177413))
25832;POLYGON((977313 5196381,1034573 5201226,1041978 5117921,983918 5113070,977313 5196381))
