4326;POLYGON((15.25 48.0,16.0 48.0,16.0 47.25,15.25 47.25,15.25 48.0))
31254;POLYGON((366890 329657,422834 333506,428941 250155,372184 246297,366890 329657))
31255;POLYGON((143087 319722,199052 321385,201918 238005,145146 236338,143087 319722))
31256;POLYGON((-80755 318509,-24786 317993,-25147 234605,-81923 235123,-80755 318509))
31257;POLYGON((516890 329657,572834 333506,578941 250155,522184 246297,516890 329657))
31258;POLYGON((593087 319722,649052 321385,651918 238005,595146 236338,593087 319722))
31259;POLYGON((669244 318509,725213 317993,724852 234605,668076 235123,669244 318509))
31284;POLYGON((516890 5329657,572834 5333506,578941 5250155,522184 5246297,516890 5329657))
31285;POLYGON((593087 5319722,649052 5321385,651918 5238005,595146 5236338,593087 5319722))
31286;POLYGON((669244 5318509,725213 5317993,724852 5234605,668076 5235123,669244 5318509))
31287;POLYGON((543032 457390,598960 459038,601817 375727,545085 374055,543032 457390))
25833;POLYGON((518648 5316330,574595 5316784,575669 5233431,518917 5232976,518648 5316330))
25832;POLYGON((966124 5335229,1022031 5340054,1029586 5256759,972864 5251921,966124 5335229))
