4326;POLYGON((14.75 47.25,15.5 47.25,15.5 46.5,14.75 46.5,14.75 47.25))
31254;POLYGON((334344 244030,391104 247522,396602 164167,339040 160669,334344 244030))
31255;POLYGON((107296 235531,164070 236833,166370 153460,108798 152155,107296 235531))
31256;POLYGON((-119773 235771,-62998 234889,-63886 151513,-121458 152396,-119773 235771))
31257;POLYGON((484344 244030,541104 247522,546602 164167,489040 160669,484344 244030))
31258;POLYGON((557296 235531,614070 236833,616370 153460,558798 152155,557296 235531))
31259;POLYGON((630226 235771,687001 234889,686113 151513,628541 152396,630226 235771))
31284;POLYGON((484344 5244030,541104 5247522,546602 5164167,489040 5160669,484344 5244030))
31285;POLYGON((557296 5235531,614070 5236833,616370 5153460,558798 5152155,557296 5235531))
31286;POLYGON((630226 5235771,687001 5234889,686113 5151513,628541 5152396,630226 5235771))
31287;POLYGON((507256 373245,563998 374552,566319 291230,508772 289905,507256 373245))
25833;POLYGON((481082 5232976,537835 5233067,538365 5149724,480817 5149633,481082 5232976))
25832;POLYGON((935046 5249002,991773 5253472,998700 5170165,941169 5165687,935046 5249002))
