4326;POLYGON((15.5 50.25,16.25 50.25,16.25 49.5,15.5 49.5,15.5 50.25))
31254;POLYGON((368450 580963,421897 584948,428499 501603,374211 497599,368450 580963))
31255;POLYGON((154594 570420,208078 572244,211324 488841,157004 487010,154594 570420))
31256;POLYGON((-59338 568502,-5845 568172,-5941 484751,-60269 485083,-59338 568502))
31257;POLYGON((518450 580963,571897 584948,578499 501603,524211 497599,518450 580963))
31258;POLYGON((604594 570420,658078 572244,661324 488841,607004 487010,604594 570420))
31259;POLYGON((690661 568502,744154 568172,744058 484751,689730 485083,690661 568502))
31284;POLYGON((518450 5580963,571897 5584948,578499 5501603,524211 5497599,518450 5580963))
31285;POLYGON((604594 5570420,658078 5572244,661324 5488841,607004 5487010,604594 5570420))
31286;POLYGON((690661 5568502,744154 5568172,744058 5484751,689730 5485083,690661 5568502))
31287;POLYGON((554708 708044,608216 709793,611345 626387,557032 624611,554708 708044))
25833;POLYGON((535647 5566547,589117 5567174,590508 5483791,536203 5483160,535647 5566547))
25832;POLYGON((963233 5586669,1016633 5591619,1024733 5508348,970490 5503374,963233 5586669))
