4326;POLYGON((15.25 50.25,16.0 50.25,16.0 49.5,15.25 49.5,15.25 50.25))
31254;POLYGON((350632 579755,404083 583559,410404 500208,356112 496386,350632 579755))
31255;POLYGON((136765 569932,190250 571576,193218 488170,138897 486519,136765 569932))
31256;POLYGON((-77168 568732,-23676 568222,-24050 484802,-78378 485314,-77168 568732))
31257;POLYGON((500632 579755,554083 583559,560404 500208,506112 496386,500632 579755))
31258;POLYGON((586765 569932,640250 571576,643218 488170,588897 486519,586765 569932))
31259;POLYGON((672831 568732,726323 568222,725949 484802,671621 485314,672831 568732))
31284;POLYGON((500632 5579755,554083 5583559,560404 5500208,506112 5496386,500632 5579755))
31285;POLYGON((586765 5569932,640250 5571576,643218 5488170,588897 5486519,586765 5569932))
31286;POLYGON((672831 5568732,726323 5568222,725949 5484802,671621 5485314,672831 5568732))
31287;POLYGON((536869 707576,590382 709153,593243 625737,538924 624136,536869 707576))
25833;POLYGON((517823 5566457,571294 5566905,572407 5483521,518101 5483070,517823 5566457))
25832;POLYGON((945430 5585139,998835 5589909,1006654 5506629,952406 5501838,945430 5585139))
