4326;POLYGON((15.25 48.75,16.0 48.75,16.0 48.0,15.25 48.0,15.25 48.75))
31254;POLYGON((361532 413020,416655 416857,422834 333506,366890 329657,361532 413020))
31255;POLYGON((141004 403116,196152 404773,199052 321385,143087 319722,141004 403116))
31256;POLYGON((-79573 401906,-24420 401392,-24786 317993,-80755 318509,-79573 401906))
31257;POLYGON((511532 413020,566655 416857,572834 333506,516890 329657,511532 413020))
31258;POLYGON((591004 403116,646152 404773,649052 321385,593087 319722,591004 403116))
31259;POLYGON((670426 401906,725579 401392,725213 317993,669244 318509,670426 401906))
31284;POLYGON((511532 5413020,566655 5416857,572834 5333506,516890 5329657,511532 5413020))
31285;POLYGON((591004 5403116,646152 5404773,649052 5321385,593087 5319722,591004 5403116))
31286;POLYGON((670426 5401906,725579 5401392,725213 5317993,669244 5318509,670426 5401906))
31287;POLYGON((540979 540746,596102 542370,598960 459038,543032 457390,540979 540746))
25833;POLYGON((518376 5399695,573507 5400147,574595 5316784,518648 5316330,518376 5399695))
25832;POLYGON((959304 5418534,1014386 5423344,1022031 5340054,966124 5335229,959304 5418534))
