4326;POLYGON((14.75 49.0,15.5 49.0,15.5 48.25,14.75 48.25,14.75 49.0))
31254;POLYGON((323163 438557,378016 442025,383669 358665,327992 355185,323163 438557))
31255;POLYGON((103720 430114,158596 431407,160961 348012,105265 346714,103720 430114))
31256;POLYGON((-115761 430352,-60883 429476,-61797 346075,-117494 346953,-115761 430352))
31257;POLYGON((473163 438557,528016 442025,533669 358665,477992 355185,473163 438557))
31258;POLYGON((553720 430114,608596 431407,610961 348012,555265 346714,553720 430114))
31259;POLYGON((634238 430352,689116 429476,688202 346075,632505 346953,634238 430352))
31284;POLYGON((473163 5438557,528016 5442025,533669 5358665,477992 5355185,473163 5438557))
31285;POLYGON((553720 5430114,608596 5431407,610961 5348012,555265 5346714,553720 5430114))
31286;POLYGON((634238 5430352,689116 5429476,688202 5346075,632505 5346953,634238 5430352))
31287;POLYGON((503716 567755,558581 569018,560903 485660,505233 484378,503716 567755))
25833;POLYGON((481714 5427485,536571 5427576,537117 5344208,481441 5344117,481714 5427485))
25832;POLYGON((920471 5443404,975283 5447843,982405 5364543,926766 5360089,920471 5443404))
