4326;POLYGON((15.0 48.25,15.75 48.25,15.75 47.5,15.0 47.5,15.0 48.25))
31254;POLYGON((346552 356284,402226 359947,408085 276593,351596 272920,346552 356284))
31255;POLYGON((123831 347086,179525 348566,182132 265181,125627 263698,123831 347086))
31256;POLYGON((-98928 346600,-43231 345903,-43863 262512,-100371 263211,-98928 346600))
31257;POLYGON((496552 356284,552226 359947,558085 276593,501596 272920,496552 356284))
31258;POLYGON((573831 347086,629525 348566,632132 265181,575627 263698,573831 347086))
31259;POLYGON((651071 346600,706768 345903,706136 262512,649628 263211,651071 346600))
31284;POLYGON((496552 5356284,552226 5359947,558085 5276593,501596 5272920,496552 5356284))
31285;POLYGON((573831 5347086,629525 5348566,632132 5265181,575627 5263698,573831 5347086))
31286;POLYGON((651071 5346600,706768 5345903,706136 5262512,649628 5263211,651071 5346600))
31287;POLYGON((523791 484745,579456 486206,582045 402881,525576 401399,523791 484745))
25833;POLYGON((500000 5344087,555675 5344359,556484 5261002,499999 5260729,500000 5344087))
25832;POLYGON((945313 5361512,1000949 5366150,1008262 5282852,951808 5278201,945313 5361512))
