4326;POLYGON((15.5 46.75,16.25 46.75,16.25 46.0,15.5 46.0,15.5 46.75))
31254;POLYGON((394777 191952,452068 195999,458318 112651,400230 108598,394777 191952))
31255;POLYGON((165606 181250,222911 183101,225983 99736,167886 97883,165606 181250))
31256;POLYGON((-63591 179304,-6283 178968,-6374 95598,-64472 95935,-63591 179304))
31257;POLYGON((544777 191952,602068 195999,608318 112651,550230 108598,544777 191952))
31258;POLYGON((615606 181250,672911 183101,675983 99736,617886 97883,615606 181250))
31259;POLYGON((686408 179304,743716 178968,743625 95598,685527 95935,686408 179304))
31284;POLYGON((544777 5191952,602068 5195999,608318 5112651,550230 5108598,544777 5191952))
31285;POLYGON((615606 5181250,672911 5183101,675983 5099736,617886 5097883,615606 5181250))
31286;POLYGON((686408 5179304,743716 5178968,743625 5095598,685527 5095935,686408 5179304))
31287;POLYGON((565545 319004,622808 320876,625933 237576,567866 235678,565545 319004))
25833;POLYGON((538189 5177504,595473 5178141,596790 5094807,538716 5094169,538189 5177504))
25832;POLYGON((996400 5197935,1053659 5202963,1061330 5119661,1003271 5114626,996400 5197935))
