4326;POLYGON((15.0 50.25,15.75 50.25,15.75 49.5,15.0 49.5,15.0 50.25))
31254;POLYGON((332812 578607,386267 582231,392308 498873,338013 495233,332812 578607))
31255;POLYGON((118936 569504,172423 570968,175111 487560,120789 486089,118936 569504))
31256;POLYGON((-94999 569022,-41507 568332,-42160 484912,-96486 485605,-94999 569022))
31257;POLYGON((482812 578607,536267 582231,542308 498873,488013 495233,482812 578607))
31258;POLYGON((568936 569504,622423 570968,625111 487560,570789 486089,568936 569504))
31259;POLYGON((655000 569022,708492 568332,707839 484912,653513 485605,655000 569022))
31284;POLYGON((482812 5578607,536267 5582231,542308 5498873,488013 5495233,482812 5578607))
31285;POLYGON((568936 5569504,622423 5570968,625111 5487560,570789 5486089,568936 5569504))
31286;POLYGON((655000 5569022,708492 5568332,707839 5484912,653513 5485605,655000 5569022))
31287;POLYGON((519028 707165,572546 708570,575138 625145,520815 623719,519028 707165))
25833;POLYGON((500000 5566427,553470 5566696,554305 5483311,500000 5483040,500000 5566427))
25832;POLYGON((927625 5583670,981035 5588258,988573 5504971,934320 5500362,927625 5583670))
