4326;POLYGON((15.5 49.25,16.25 49.25,16.25 48.5,15.5 48.5,15.5 49.25))
31254;POLYGON((376117 469812,430683 473821,437187 390475,381792 386452,376117 469812))
31255;POLYGON((157802 459208,212398 461042,215596 377650,160175 375810,157802 459208))
31256;POLYGON((-60577 457279,-5973 456946,-6067 373540,-61493 373874,-60577 457279))
31257;POLYGON((526117 469812,580683 473821,587187 390475,531792 386452,526117 469812))
31258;POLYGON((607802 459208,662398 461042,665596 377650,610175 375810,607802 459208))
31259;POLYGON((689422 457279,744026 456946,743932 373540,688506 373874,689422 457279))
31284;POLYGON((526117 5469812,580683 5473821,587187 5390475,531792 5386452,526117 5469812))
31285;POLYGON((607802 5459208,662398 5461042,665596 5377650,610175 5375810,607802 5459208))
31286;POLYGON((689422 5457279,744026 5456946,743932 5373540,688506 5373874,689422 5457279))
31287;POLYGON((557806 596812,612388 598596,615515 515253,560129 513442,557806 596812))
25833;POLYGON((536387 5455367,590968 5455999,592338 5372630,536935 5371996,536387 5455367))
25832;POLYGON((972891 5475609,1027414 5480589,1035394 5397309,980040 5392310,972891 5475609))
