4326;POLYGON((14.75 49.75,15.5 49.75,15.5 49.0,14.75 49.0,14.75 49.75))
31254;POLYGON((318278 521933,372298 525387,378016 442025,323163 438557,318278 521933))
31255;POLYGON((102158 513524,156204 514812,158596 431407,103720 430114,102158 513524))
31256;POLYGON((-114008 513760,-59960 512888,-60883 429476,-115761 430352,-114008 513760))
31257;POLYGON((468278 521933,522298 525387,528016 442025,473163 438557,468278 521933))
31258;POLYGON((552158 513524,606204 514812,608596 431407,553720 430114,552158 513524))
31259;POLYGON((635991 513760,690039 512888,689116 429476,634238 430352,635991 513760))
31284;POLYGON((468278 5521933,522298 5525387,528016 5442025,473163 5438557,468278 5521933))
31285;POLYGON((552158 5513524,606204 5514812,608596 5431407,553720 5430114,552158 5513524))
31286;POLYGON((635991 5513760,690039 5512888,689116 5429476,634238 5430352,635991 5513760))
31287;POLYGON((502198 651171,556258 652416,558581 569018,503716 567755,502198 651171))
25833;POLYGON((481990 5510865,536018 5510955,536571 5427576,481714 5427485,481990 5510865))
25832;POLYGON((914103 5526718,968080 5531139,975283 5447843,920471 5443404,914103 5526718))
