4326;POLYGON((15.5 48.75,16.25 48.75,16.25 48.0,15.5 48.0,15.5 48.75))
31254;POLYGON((379907 414238,435027 418257,441481 334911,385539 330879,379907 414238))
31255;POLYGON((159387 403608,214534 405447,217707 322060,161743 320216,159387 403608))
31256;POLYGON((-61189 401675,-6036 401341,-6129 317942,-62099 318277,-61189 401675))
31257;POLYGON((529907 414238,585027 418257,591481 334911,535539 330879,529907 414238))
31258;POLYGON((609387 403608,664534 405447,667707 322060,611743 320216,609387 403608))
31259;POLYGON((688810 401675,743963 401341,743870 317942,687900 318277,688810 401675))
31284;POLYGON((529907 5414238,585027 5418257,591481 5334911,535539 5330879,529907 5414238))
31285;POLYGON((609387 5403608,664534 5405447,667707 5322060,611743 5320216,609387 5403608))
31286;POLYGON((688810 5401675,743963 5401341,743870 5317942,687900 5318277,688810 5401675))
31287;POLYGON((559355 541228,614473 543030,617599 459708,561676 457880,559355 541228))
25833;POLYGON((536753 5399785,591883 5400418,593243 5317056,537297 5316421,536753 5399785))
25832;POLYGON((977666 5420077,1032744 5425070,1040664 5341785,984761 5336776,977666 5420077))
