4326;POLYGON((14.75 50.25,15.5 50.25,15.5 49.5,14.75 49.5,14.75 50.25))
31254;POLYGON((314991 577519,368450 580963,374211 497599,319913 494140,314991 577519))
31255;POLYGON((101106 569136,154594 570420,157004 487010,102681 485719,101106 569136))
31256;POLYGON((-112829 569372,-59338 568502,-60269 485083,-114595 485956,-112829 569372))
31257;POLYGON((464991 577519,518450 580963,524211 497599,469913 494140,464991 577519))
31258;POLYGON((551106 569136,604594 570420,607004 487010,552681 485719,551106 569136))
31259;POLYGON((637170 569372,690661 568502,689730 485083,635404 485956,637170 569372))
31284;POLYGON((464991 5577519,518450 5580963,524211 5497599,469913 5494140,464991 5577519))
31285;POLYGON((551106 5569136,604594 5570420,607004 5487010,552681 5485719,551106 5569136))
31286;POLYGON((637170 5569372,690661 5568502,689730 5485083,635404 5485956,637170 5569372))
31287;POLYGON((501186 706812,554708 708044,557032 624611,502704 623360,501186 706812))
25833;POLYGON((482176 5566457,535647 5566547,536203 5483160,481898 5483070,482176 5566457))
25832;POLYGON((909819 5582262,963233 5586669,970490 5503374,916233 5498947,909819 5582262))
