4326;POLYGON((14.75 47.5,15.5 47.5,15.5 46.75,14.75 46.75,14.75 47.5))
31254;POLYGON((332765 271818,389256 275308,394777 191952,337481 188456,332765 271818))
31255;POLYGON((106792 263325,163298 264626,165606 181250,108300 179946,106792 263325))
31256;POLYGON((-119206 263565,-62699 262684,-63591 179304,-120898 180186,-119206 263565))
31257;POLYGON((482765 271818,539256 275308,544777 191952,487481 188456,482765 271818))
31258;POLYGON((556792 263325,613298 264626,615606 181250,558300 179946,556792 263325))
31259;POLYGON((630793 263565,687300 262684,686408 179304,629101 180186,630793 263565))
31284;POLYGON((482765 5271818,539256 5275308,544777 5191952,487481 5188456,482765 5271818))
31285;POLYGON((556792 5263325,613298 5264626,615606 5181250,558300 5179946,556792 5263325))
31286;POLYGON((630793 5263565,687300 5262684,686408 5179304,629101 5180186,630793 5263565))
31287;POLYGON((506750 401026,563224 402326,565545 319004,508267 317685,506750 401026))
25833;POLYGON((481171 5260760,537656 5260850,538189 5177504,480905 5177413,481171 5260760))
25832;POLYGON((932988 5276774,989445 5281240,996400 5197935,939136 5193459,932988 5276774))
