4326;POLYGON((15.0 50.0,15.75 50.0,15.75 49.25,15.0 49.25,15.0 50.0))
31254;POLYGON((334552 550815,388288 554445,394307 471088,339734 467442,334552 550815))
31255;POLYGON((119556 541698,173322 543164,176001 459759,121402 458286,119556 541698))
31256;POLYGON((-95496 541215,-41725 540524,-42375 457108,-96978 457802,-95496 541215))
31257;POLYGON((484552 550815,538288 554445,544307 471088,489734 467442,484552 550815))
31258;POLYGON((569556 541698,623322 543164,626001 459759,571402 458286,569556 541698))
31259;POLYGON((654503 541215,708274 540524,707624 457108,653021 457802,654503 541215))
31284;POLYGON((484552 5550815,538288 5554445,544307 5471088,489734 5467442,484552 5550815))
31285;POLYGON((569556 5541698,623322 5543164,626001 5459759,571402 5458286,569556 5541698))
31286;POLYGON((654503 5541215,708274 5540524,707624 5457108,653021 5457802,654503 5541215))
31287;POLYGON((519624 679343,573410 680755,576002 597348,521410 595916,519624 679343))
25833;POLYGON((499999 5538630,553750 5538900,554581 5455518,500000 5455247,499999 5538630))
25832;POLYGON((929865 5555901,983557 5560497,991067 5477208,936536 5472592,929865 5555901))
