4326;POLYGON((15.25 49.25,16.0 49.25,16.0 48.5,15.25 48.5,15.25 49.25))
31254;POLYGON((357926 468597,412495 472424,418723 389073,363325 385232,357926 468597))
31255;POLYGON((139602 458717,194200 460370,197123 376976,141701 375317,139602 458717))
31256;POLYGON((-78778 457510,-24174 456997,-24543 373591,-79969 374106,-78778 457510))
31257;POLYGON((507926 468597,562495 472424,568723 389073,513325 385232,507926 468597))
31258;POLYGON((589602 458717,644200 460370,647123 376976,591701 375317,589602 458717))
31259;POLYGON((671221 457510,725825 456997,725456 373591,670030 374106,671221 457510))
31284;POLYGON((507926 5468597,562495 5472424,568723 5389073,513325 5385232,507926 5468597))
31285;POLYGON((589602 5458717,644200 5460370,647123 5376976,591701 5375317,589602 5458717))
31286;POLYGON((671221 5457510,725825 5456997,725456 5373591,670030 5374106,671221 5457510))
31287;POLYGON((539609 596335,594196 597943,597055 514590,541663 512958,539609 596335))
25833;POLYGON((518193 5455277,572775 5455728,573871 5372358,518467 5371905,518193 5455277))
25832;POLYGON((954714 5474070,1009241 5478868,1016944 5395582,961586 5390766,954714 5474070))
