4326;POLYGON((15.0 47.0,15.75 47.0,15.75 46.25,15.0 46.25,15.0 47.0))
31254;POLYGON((354925 217346,411953 221024,417695 137672,359869 133988,354925 217346))
31255;POLYGON((126813 208112,183853 209597,186408 126227,128573 124740,126813 208112))
31256;POLYGON((-101323 207623,-44281 206924,-44901 123550,-102736 124251,-101323 207623))
31257;POLYGON((504925 217346,561953 221024,567695 137672,509869 133988,504925 217346))
31258;POLYGON((576813 208112,633853 209597,636408 126227,578573 124740,576813 208112))
31259;POLYGON((648676 207623,705718 206924,705098 123550,647263 124251,648676 207623))
31284;POLYGON((504925 5217346,561953 5221024,567695 5137672,509869 5133988,504925 5217346))
31285;POLYGON((576813 5208112,633853 5209597,636408 5126227,578573 5124740,576813 5208112))
31286;POLYGON((648676 5207623,705718 5206924,705098 5123550,647263 5124251,648676 5207623))
31287;POLYGON((526766 345841,583771 347338,586361 264023,528551 262505,526766 345841))
25833;POLYGON((499999 5205164,557019 5205437,557812 5122098,500000 5121824,499999 5205164))
25832;POLYGON((956095 5222660,1013088 5227317,1020255 5144012,962460 5139347,956095 5222660))
