4326;POLYGON((16.5 48.25,17.25 48.25,17.25 47.5,16.5 47.5,16.5 48.25))
31254;POLYGON((457892 364158,513549 368917,521044 285588,464568 280815,457892 364158))
31255;POLYGON((235216 350590,290903 353159,295134 269787,238635 267211,235216 350590))
31256;POLYGON((12467 345750,68165 346141,69152 262750,12644 262358,12467 345750))
31257;POLYGON((607892 364158,663549 368917,671044 285588,614568 280815,607892 364158))
31258;POLYGON((685216 350590,740903 353159,745134 269787,688635 267211,685216 350590))
31259;POLYGON((762467 345750,818165 346141,819152 262750,762644 262358,762467 345750))
31284;POLYGON((607892 5364158,663549 5368917,671044 5285588,614568 5280815,607892 5364158))
31285;POLYGON((685216 5350590,740903 5353159,745134 5269787,688635 5267211,685216 5350590))
31286;POLYGON((762467 5345750,818165 5346141,819152 5262750,762644 5262358,762467 5345750))
31287;POLYGON((635104 488204,690730 490740,694928 407480,638498 404908,635104 488204))
25833;POLYGON((611350 5345174,667022 5346534,669451 5263183,612969 5261820,611350 5345174))
25832;POLYGON((1056575 5371338,1112189 5377077,1121144 5293810,1064708 5288054,1056575 5371338))
