4326;POLYGON((15.75 48.0,16.5 48.0,16.5 47.25,15.75 47.25,15.75 48.0))
31254;POLYGON((404187 332162,460126 336377,466776 253033,410023 248808,404187 332162))
31255;POLYGON((180398 320770,236360 322796,239765 239419,182994 237389,180398 320770))
31256;POLYGON((-43442 318105,12526 317951,12702 234563,-44072 234717,-43442 318105))
31257;POLYGON((554187 332162,610126 336377,616776 253033,560023 248808,554187 332162))
31258;POLYGON((630398 320770,686360 322796,689765 239419,632994 237389,630398 320770))
31259;POLYGON((706557 318105,762526 317951,762702 234563,705927 234717,706557 318105))
31284;POLYGON((554187 5332162,610126 5336377,616776 5253033,560023 5248808,554187 5332162))
31285;POLYGON((630398 5320770,686360 5322796,689765 5239419,632994 5237389,630398 5320770))
31286;POLYGON((706557 5318105,762526 5317951,762702 5234563,705927 5234717,706557 5318105))
31287;POLYGON((580319 458429,636235 460437,639629 377146,582908 375109,580319 458429))
25833;POLYGON((555946 5316572,611891 5317388,613504 5234037,556752 5233219,555946 5316572))
25832;POLYGON((1003396 5338385,1059297 5343577,1067397 5260291,1010680 5255085,1003396 5338385))
