4326;POLYGON((16.25 49.5,17.0 49.5,17.0 48.75,16.25 48.75,16.25 49.5))
31254;POLYGON((428499 501603,482775 506151,490137 422824,435027 418257,428499 501603))
31255;POLYGON((211324 488841,265638 491215,269675 407829,214534 405447,211324 488841))
31256;POLYGON((-5941 484751,48386 484959,49117 401550,-6036 401341,-5941 484751))
31257;POLYGON((578499 501603,632775 506151,640137 422824,585027 418257,578499 501603))
31258;POLYGON((661324 488841,715638 491215,719675 407829,664534 405447,661324 488841))
31259;POLYGON((744058 484751,798386 484959,799117 401550,743963 401341,744058 484751))
31284;POLYGON((578499 5501603,632775 5506151,640137 5422824,585027 5418257,578499 5501603))
31285;POLYGON((661324 5488841,715638 5491215,719675 5407829,664534 5405447,661324 5488841))
31286;POLYGON((744058 5484751,798386 5484959,799117 5401550,743963 5401341,744058 5484751))
31287;POLYGON((611345 626387,665639 628686,669571 545363,614473 543030,611345 626387))
25833;POLYGON((590508 5483791,644810 5484963,647011 5401594,591883 5400418,590508 5483791))
25832;POLYGON((1024733 5508348,1078962 5513868,1087810 5430612,1032744 5425070,1024733 5508348))
