4326;POLYGON((16.0 50.25,16.75 50.25,16.75 49.5,16.0 49.5,16.0 50.25))
31254;POLYGON((404083 583559,457521 587906,464684 504575,410404 500208,404083 583559))
31255;POLYGON((190250 571576,243730 573759,247534 490363,193218 488170,190250 571576))
31256;POLYGON((-23676 568222,29816 568250,30276 484830,-24050 484802,-23676 568222))
31257;POLYGON((554083 583559,607521 587906,614684 504575,560404 500208,554083 583559))
31258;POLYGON((640250 571576,693730 573759,697534 490363,643218 488170,640250 571576))
31259;POLYGON((726323 568222,779816 568250,780276 484830,725949 484802,726323 568222))
31284;POLYGON((554083 5583559,607521 5587906,614684 5504575,560404 5500208,554083 5583559))
31285;POLYGON((640250 5571576,693730 5573759,697534 5490363,643218 5488170,640250 5571576))
31286;POLYGON((726323 5568222,779816 5568250,780276 5484830,725949 5484802,726323 5568222))
31287;POLYGON((590382 709153,643878 711246,647544 627861,593243 625737,590382 709153))
25833;POLYGON((571294 5566905,624762 5567892,626710 5484512,572407 5483521,571294 5566905))
25832;POLYGON((998835 5589909,1052224 5595222,1060888 5511967,1006654 5506629,998835 5589909))
