4326;POLYGON((15.75 46.75,16.5 46.75,16.5 46.0,15.75 46.0,15.75 46.75))
31254;POLYGON((413875 193240,471165 197470,477680 114124,419593 109888,413875 193240))
31255;POLYGON((184708 181806,242012 183839,245348 100475,187252 98439,184708 181806))
31256;POLYGON((-44488 179131,12819 178977,12991 95608,-45106 95762,-44488 179131))
31257;POLYGON((563875 193240,621165 197470,627680 114124,569593 109888,563875 193240))
31258;POLYGON((634708 181806,692012 183839,695348 100475,637252 98439,634708 181806))
31259;POLYGON((705511 179131,762819 178977,762991 95608,704893 95762,705511 179131))
31284;POLYGON((563875 5193240,621165 5197470,627680 5114124,569593 5109888,563875 5193240))
31285;POLYGON((634708 5181806,692012 5183839,695348 5100475,637252 5098439,634708 5181806))
31286;POLYGON((705511 5179131,762819 5178977,762991 5095608,704893 5095762,705511 5179131))
31287;POLYGON((584634 319566,641891 321622,645284 238334,587224 236249,584634 319566))
25833;POLYGON((557284 5177656,614568 5178475,616148 5095141,558074 5094320,557284 5177656))
25832;POLYGON((1015487 5199549,1072744 5204763,1080682 5121463,1022625 5116243,1015487 5199549))
