4326;POLYGON((16.25 46.75,17.0 46.75,17.0 46.0,16.25 46.0,16.25 46.75))
31254;POLYGON((452068 195999,509355 200597,516404 117255,458318 112651,452068 195999))
31255;POLYGON((222911 183101,280213 185499,284078 102137,225983 99736,222911 183101))
31256;POLYGON((-6283 178968,51024 179178,51723 95809,-6374 95598,-6283 178968))
31257;POLYGON((602068 195999,659355 200597,666404 117255,608318 112651,602068 195999))
31258;POLYGON((672911 183101,730213 185499,734078 102137,675983 99736,672911 183101))
31259;POLYGON((743716 178968,801024 179178,801723 95809,743625 95598,743716 178968))
31284;POLYGON((602068 5195999,659355 5200597,666404 5117255,608318 5112651,602068 5195999))
31285;POLYGON((672911 5183101,730213 5185499,734078 5102137,675983 5099736,672911 5183101))
31286;POLYGON((743716 5178968,801024 5179178,801723 5095809,743625 5095598,743716 5178968))
31287;POLYGON((622808 320876,680049 323300,683979 240035,625933 237576,622808 320876))
25833;POLYGON((595473 5178141,652757 5179325,654863 5095992,596790 5094807,595473 5178141))
25832;POLYGON((1053659 5202963,1110911 5208546,1119385 5125252,1061330 5119661,1053659 5202963))
