4326;POLYGON((16.0 47.25,16.75 47.25,16.75 46.5,16.0 46.5,16.0 47.25))
31254;POLYGON((428941 250155,485692 254564,492530 171222,434975 166805,428941 250155))
31255;POLYGON((201918 238005,258688 240218,262318 156850,204750 154633,201918 238005))
31256;POLYGON((-25147 234605,31628 234633,32067 151256,-25504 151228,-25147 234605))
31257;POLYGON((578941 250155,635692 254564,642530 171222,584975 166805,578941 250155))
31258;POLYGON((651918 238005,708688 240218,712318 156850,654750 154633,651918 238005))
31259;POLYGON((724852 234605,781628 234633,782067 151256,724495 151228,724852 234605))
31284;POLYGON((578941 5250155,635692 5254564,642530 5171222,584975 5166805,578941 5250155))
31285;POLYGON((651918 5238005,708688 5240218,712318 5156850,654750 5154633,651918 5238005))
31286;POLYGON((724852 5234605,781628 5234633,782067 5151256,724495 5151228,724852 5234605))
31287;POLYGON((601817 375727,658531 377946,662192 294672,604674 292422,601817 375727))
25833;POLYGON((575669 5233431,632421 5234431,634279 5151091,576731 5150089,575669 5233431))
25832;POLYGON((1029586 5256759,1086301 5262149,1094574 5178859,1037052 5173458,1029586 5256759))
