4326;POLYGON((15.75 47.75,16.5 47.75,16.5 47.0,15.75 47.0,15.75 47.75))
31254;POLYGON((406140 304377,462352 308596,468975 225252,411953 221024,406140 304377))
31255;POLYGON((181267 292975,237500 295003,240891 211629,183853 209597,181267 292975))
31256;POLYGON((-43653 290308,12585 290154,12761 206770,-44281 206924,-43653 290308))
31257;POLYGON((556140 304377,612352 308596,618975 225252,561953 221024,556140 304377))
31258;POLYGON((631267 292975,687500 295003,690891 211629,633853 209597,631267 292975))
31259;POLYGON((706346 290308,762585 290154,762761 206770,705718 206924,706346 290308))
31284;POLYGON((556140 5304377,612352 5308596,618975 5225252,561953 5221024,556140 5304377))
31285;POLYGON((631267 5292975,687500 5295003,690891 5211629,633853 5209597,631267 5292975))
31286;POLYGON((706346 5290308,762585 5290154,762761 5206770,705718 5206924,706346 5290308))
31287;POLYGON((581182 430654,637367 432672,640760 349384,583771 347338,581182 430654))
25833;POLYGON((556216 5288786,612431 5289603,614037 5206255,557019 5205437,556216 5288786))
25832;POLYGON((1005834 5310618,1062007 5315816,1070076 5232527,1013088 5227317,1005834 5310618))
