4326;POLYGON((16.5 46.25,17.25 46.25,17.25 45.5,16.5 45.5,16.5 46.25))
31254;POLYGON((475517 141906,533336 146694,540591 63351,481979 58559,475517 141906))
31255;POLYGON((244241 128262,302072 130846,306165 47489,247548 44904,244241 128262))
31256;POLYGON((12934 123396,70770 123789,71724 40427,13105 40034,12934 123396))
31257;POLYGON((625517 141906,683336 146694,690591 63351,631979 58559,625517 141906))
31258;POLYGON((694241 128262,752072 130846,756165 47489,697548 44904,694241 128262))
31259;POLYGON((762934 123396,820770 123789,821724 40427,763105 40034,762934 123396))
31284;POLYGON((625517 5141906,683336 5146694,690591 5063351,631979 5058559,625517 5141906))
31285;POLYGON((694241 5128262,752072 5130846,756165 5047489,697548 5044904,694241 5128262))
31286;POLYGON((762934 5123396,820770 5123789,821724 5040427,763105 5040034,762934 5123396))
31287;POLYGON((644153 266098,701923 268731,706120 185468,647547 182799,644153 266098))
25833;POLYGON((615623 5122918,673434 5124285,675784 5040958,617189 5039590,615623 5122918))
25832;POLYGON((1078047 5149231,1135833 5155005,1144503 5071706,1085920 5065926,1078047 5149231))
