4326;POLYGON((16.25 47.75,17.0 47.75,17.0 47.0,16.25 47.0,16.25 47.75))
31254;POLYGON((443615 307129,499822 311714,506986 228377,449968 223781,443615 307129))
31255;POLYGON((218756 294266,274987 296658,278915 213288,221879 210891,218756 294266))
31256;POLYGON((-6160 290145,50078 290355,50789 206971,-6253 206760,-6160 290145))
31257;POLYGON((593615 307129,649822 311714,656986 228377,599968 223781,593615 307129))
31258;POLYGON((668756 294266,724987 296658,728915 213288,671879 210891,668756 294266))
31259;POLYGON((743839 290145,800078 290355,800789 206971,743746 206760,743839 290145))
31284;POLYGON((593615 5307129,649822 5311714,656986 5228377,599968 5223781,593615 5307129))
31285;POLYGON((668756 5294266,724987 5296658,728915 5213288,671879 5210891,668756 5294266))
31286;POLYGON((743839 5290145,800078 5290355,800789 5206971,743746 5206760,743839 5290145))
31287;POLYGON((618641 431939,674811 434318,678740 351054,621766 348641,618641 431939))
25833;POLYGON((593693 5289270,649907 5290451,652049 5207105,595031 5205922,593693 5289270))
25832;POLYGON((1043284 5314022,1099451 5319588,1108063 5236308,1051081 5230729,1043284 5314022))
