4326;POLYGON((15.75 50.0,16.5 50.0,16.5 49.25,15.75 49.25,15.75 50.0))
31254;POLYGON((388288 554445,442012 558617,448869 475279,394307 471088,388288 554445))
31255;POLYGON((173322 543164,227084 545171,230596 461774,176001 459759,173322 543164))
31256;POLYGON((-41725 540524,12046 540373,12228 456956,-42375 457108,-41725 540524))
31257;POLYGON((538288 554445,592012 558617,598869 475279,544307 471088,538288 554445))
31258;POLYGON((623322 543164,677084 545171,680596 461774,626001 459759,623322 543164))
31259;POLYGON((708274 540524,762046 540373,762228 456956,707624 457108,708274 540524))
31284;POLYGON((538288 5554445,592012 5558617,598869 5475279,544307 5471088,538288 5554445))
31285;POLYGON((623322 5543164,677084 5545171,680596 5461774,626001 5459759,623322 5543164))
31286;POLYGON((708274 5540524,762046 5540373,762228 5456956,707624 5457108,708274 5540524))
31287;POLYGON((573410 680755,627181 682686,630578 599308,576002 597348,573410 680755))
25833;POLYGON((553750 5538900,607498 5539708,609161 5456330,554581 5455518,553750 5538900))
25832;POLYGON((983557 5560497,1037234 5565637,1045585 5482371,991067 5477208,983557 5560497))
