4326;POLYGON((15.75 48.25,16.5 48.25,16.5 47.5,15.75 47.5,15.75 48.25))
31254;POLYGON((402226 359947,457892 364158,464568 280815,408085 276593,402226 359947))
31255;POLYGON((179525 348566,235216 350590,238635 267211,182132 265181,179525 348566))
31256;POLYGON((-43231 345903,12467 345750,12644 262358,-43863 262512,-43231 345903))
31257;POLYGON((552226 359947,607892 364158,614568 280815,558085 276593,552226 359947))
31258;POLYGON((629525 348566,685216 350590,688635 267211,632132 265181,629525 348566))
31259;POLYGON((706768 345903,762467 345750,762644 262358,706136 262512,706768 345903))
31284;POLYGON((552226 5359947,607892 5364158,614568 5280815,558085 5276593,552226 5359947))
31285;POLYGON((629525 5348566,685216 5350590,688635 5267211,632132 5265181,629525 5348566))
31286;POLYGON((706768 5345903,762467 5345750,762644 5262358,706136 5262512,706768 5345903))
31287;POLYGON((579456 486206,635104 488204,638498 404908,582045 402881,579456 486206))
25833;POLYGON((555675 5344359,611350 5345174,612969 5261820,556484 5261002,555675 5344359))
25832;POLYGON((1000949 5366150,1056575 5371338,1064708 5288054,1008262 5282852,1000949 5366150))
