4326;POLYGON((16.0 48.75,16.75 48.75,16.75 48.0,16.0 48.0,16.0 48.75))
31254;POLYGON((416655 416857,471768 421241,478771 337904,422834 333506,416655 416857))
31255;POLYGON((196152 404773,251295 406974,255014 323593,199052 321385,196152 404773))
31256;POLYGON((-24420 401392,30732 401420,31183 318021,-24786 317993,-24420 401392))
31257;POLYGON((566655 416857,621768 421241,628771 337904,572834 333506,566655 416857))
31258;POLYGON((646152 404773,701295 406974,705014 323593,649052 321385,646152 404773))
31259;POLYGON((725579 401392,780732 401420,781183 318021,725213 317993,725579 401392))
31284;POLYGON((566655 5416857,621768 5421241,628771 5337904,572834 5333506,566655 5416857))
31285;POLYGON((646152 5404773,701295 5406974,705014 5323593,649052 5321385,646152 5404773))
31286;POLYGON((725579 5401392,780732 5401420,781183 5318021,725213 5317993,725579 5401392))
31287;POLYGON((596102 542370,651207 544526,654870 461226,598960 459038,596102 542370))
25833;POLYGON((573507 5400147,628636 5401142,630540 5317781,574595 5316784,573507 5400147))
25832;POLYGON((1014386 5423344,1069456 5428703,1077928 5345431,1022031 5340054,1014386 5423344))
