4326;POLYGON((16.0 47.5,16.75 47.5,16.75 46.75,16.0 46.75,16.0 47.5))
31254;POLYGON((426914 277939,483394 282344,490260 199003,432972 194589,426914 277939))
31255;POLYGON((200967 265797,257468 268009,261113 184639,203810 182423,200967 265797))
31256;POLYGON((-25027 262400,31480 262428,31921 179048,-25386 179019,-25027 262400))
31257;POLYGON((576914 277939,633394 282344,640260 199003,582972 194589,576914 277939))
31258;POLYGON((650967 265797,707468 268009,711113 184639,653810 182423,650967 265797))
31259;POLYGON((724972 262400,781480 262428,781921 179048,724613 179019,724972 262400))
31284;POLYGON((576914 5277939,633394 5282344,640260 5199003,582972 5194589,576914 5277939))
31285;POLYGON((650967 5265797,707468 5268009,711113 5184639,653810 5182423,650967 5265797))
31286;POLYGON((724972 5262400,781480 5262428,781921 5179048,724613 5179019,724972 5262400))
31287;POLYGON((600865 403496,657310 405705,660971 322431,603722 320190,600865 403496))
25833;POLYGON((575313 5261214,631796 5262213,633662 5178870,576379 5177868,575313 5261214))
25832;POLYGON((1027078 5284525,1083521 5289911,1091828 5206623,1034573 5201226,1027078 5284525))
