4326;POLYGON((16.25 46.25,17.0 46.25,17.0 45.5,16.25 45.5,16.25 46.25))
31254;POLYGON((456244 140433,514064 145036,521054 61692,462441 57085,456244 140433))
31255;POLYGON((224963 127523,282795 129924,286626 46566,228009 44164,224963 127523))
31256;POLYGON((-6344 123387,51491 123598,52184 40235,-6434 40024,-6344 123387))
31257;POLYGON((606244 140433,664064 145036,671054 61692,612441 57085,606244 140433))
31258;POLYGON((674963 127523,732795 129924,736626 46566,678009 44164,674963 127523))
31259;POLYGON((743655 123387,801491 123598,802184 40235,743565 40024,743655 123387))
31284;POLYGON((606244 5140433,664064 5145036,671054 5061692,612441 5057085,606244 5140433))
31285;POLYGON((674963 5127523,732795 5129924,736626 5046566,678009 5044164,674963 5127523))
31286;POLYGON((743655 5123387,801491 5123598,802184 5040235,743565 5040024,743655 5123387))
31287;POLYGON((624891 265344,682669 267791,686598 184516,628017 182035,624891 265344))
25833;POLYGON((596353 5122584,654164 5123768,656253 5040442,597658 5039256,596353 5122584))
25832;POLYGON((1058784 5147429,1116572 5153018,1124976 5069717,1066391 5064123,1058784 5147429))
