4326;POLYGON((16.25 48.5,17.0 48.5,17.0 47.75,16.25 47.75,16.25 48.5))
31254;POLYGON((437187 390475,492572 395047,499822 311714,443615 307129,437187 390475))
31255;POLYGON((215596 377650,271011 380035,274987 296658,218756 294266,215596 377650))
31256;POLYGON((-6067 373540,49358 373749,50078 290355,-6160 290145,-6067 373540))
31257;POLYGON((587187 390475,642572 395047,649822 311714,593615 307129,587187 390475))
31258;POLYGON((665596 377650,721011 380035,724987 296658,668756 294266,665596 377650))
31259;POLYGON((743932 373540,799358 373749,800078 290355,743839 290145,743932 373540))
31284;POLYGON((587187 5390475,642572 5395047,649822 5311714,593615 5307129,587187 5390475))
31285;POLYGON((665596 5377650,721011 5380035,724987 5296658,668756 5294266,665596 5377650))
31286;POLYGON((743932 5373540,799358 5373749,800078 5290355,743839 5290145,743932 5373540))
31287;POLYGON((615515 515253,670881 517597,674811 434318,618641 431939,615515 515253))
25833;POLYGON((592338 5372630,647740 5373807,649907 5290451,593693 5289270,592338 5372630))
25832;POLYGON((1035394 5397309,1090737 5402858,1099451 5319588,1043284 5314022,1035394 5397309))
