4326;POLYGON((15.75 46.5,16.5 46.5,16.5 45.75,15.75 45.75,15.75 46.5))
31254;POLYGON((415789 165456,473345 169688,479834 86342,421483 82104,415789 165456))
31255;POLYGON((185560 154016,243129 156050,246450 72689,188093 70653,185560 154016))
31256;POLYGON((-44695 151340,12876 151186,13048 67820,-45310 67974,-44695 151340))
31257;POLYGON((565789 165456,623345 169688,629834 86342,571483 82104,565789 165456))
31258;POLYGON((635560 154016,693129 156050,696450 72689,638093 70653,635560 154016))
31259;POLYGON((705304 151340,762876 151186,763048 67820,704689 67974,705304 151340))
31284;POLYGON((565789 5165456,623345 5169688,629834 5086342,571483 5082104,565789 5165456))
31285;POLYGON((635560 5154016,693129 5156050,696450 5072689,638093 5070653,635560 5154016))
31286;POLYGON((705304 5151340,762876 5151186,763048 5067820,704689 5067974,705304 5151340))
31287;POLYGON((585497 291795,643022 293860,646415 210567,588087 208473,585497 291795))
25833;POLYGON((557548 5149876,615097 5150696,616670 5067365,558335 5066544,557548 5149876))
25832;POLYGON((1017876 5171781,1075401 5176997,1083306 5093695,1024984 5088473,1017876 5171781))
