4326;POLYGON((16.5 48.75,17.25 48.75,17.25 48.0,16.5 48.0,16.5 48.75))
31254;POLYGON((453398 419718,508504 424468,516057 341141,460126 336377,453398 419718))
31255;POLYGON((232915 406180,288055 408744,292319 325368,236360 322796,232915 406180))
31256;POLYGON((12348 401350,67501 401740,68495 318343,12526 317951,12348 401350))
31257;POLYGON((603398 419718,658504 424468,666057 341141,610126 336377,603398 419718))
31258;POLYGON((682915 406180,738055 408744,742319 325368,686360 322796,682915 406180))
31259;POLYGON((762348 401350,817501 401740,818495 318343,762526 317951,762348 401350))
31284;POLYGON((603398 5419718,658504 5424468,666057 5341141,610126 5336377,603398 5419718))
31285;POLYGON((682915 5406180,738055 5408744,742319 5325368,686360 5322796,682915 5406180))
31286;POLYGON((762348 5401350,817501 5401740,818495 5318343,762526 5317951,762348 5401350))
31287;POLYGON((632841 543748,687932 546259,692130 462984,636235 460437,632841 543748))
25833;POLYGON((610260 5400750,665387 5402107,667835 5318749,611891 5317388,610260 5400750))
25832;POLYGON((1051101 5426856,1106162 5432582,1115186 5349322,1059297 5343577,1051101 5426856))
