4326;POLYGON((16.0 46.5,16.75 46.5,16.75 45.75,16.0 45.75,16.0 46.5))
31254;POLYGON((434975 166805,492530 171222,499284 87877,440934 83455,434975 166805))
31255;POLYGON((204750 154633,262318 156850,265903 73490,207545 71271,204750 154633))
31256;POLYGON((-25504 151228,32067 151256,32501 67890,-25857 67862,-25504 151228))
31257;POLYGON((584975 166805,642530 171222,649284 87877,590934 83455,584975 166805))
31258;POLYGON((654750 154633,712318 156850,715903 73490,657545 71271,654750 154633))
31259;POLYGON((724495 151228,782067 151256,782501 67890,724142 67862,724495 151228))
31284;POLYGON((584975 5166805,642530 5171222,649284 5087877,590934 5083455,584975 5166805))
31285;POLYGON((654750 5154633,712318 5156850,715903 5073490,657545 5071271,654750 5154633))
31286;POLYGON((724495 5151228,782067 5151256,782501 5067890,724142 5067862,724495 5151228))
31287;POLYGON((604674 292422,662192 294672,665853 211391,607532 209109,604674 292422))
25833;POLYGON((576731 5150089,634279 5151091,636115 5067760,577780 5066757,576731 5150089))
25832;POLYGON((1037052 5173458,1094574 5178859,1102746 5095559,1044425 5090152,1037052 5173458))
