4326;POLYGON((15.75 48.5,16.5 48.5,16.5 47.75,15.75 47.75,15.75 48.5))
31254;POLYGON((400258 387732,455649 391938,462352 308596,406140 304377,400258 387732))
31255;POLYGON((178649 376363,234068 378385,237500 295003,181267 292975,178649 376363))
31256;POLYGON((-43018 373702,12407 373549,12585 290154,-43653 290308,-43018 373702))
31257;POLYGON((550258 387732,605649 391938,612352 308596,556140 304377,550258 387732))
31258;POLYGON((628649 376363,684068 378385,687500 295003,631267 292975,628649 376363))
31259;POLYGON((706981 373702,762407 373549,762585 290154,706346 290308,706981 373702))
31284;POLYGON((550258 5387732,605649 5391938,612352 5308596,556140 5304377,550258 5387732))
31285;POLYGON((628649 5376363,684068 5378385,687500 5295003,631267 5292975,628649 5376363))
31286;POLYGON((706981 5373702,762407 5373549,762585 5290154,706346 5290308,706981 5373702))
31287;POLYGON((578593 513986,633973 515975,637367 432672,581182 430654,578593 513986))
25833;POLYGON((555403 5372147,610806 5372962,612431 5289603,556216 5288786,555403 5372147))
25832;POLYGON((998493 5393915,1053843 5399097,1062007 5315816,1005834 5310618,998493 5393915))
