4326;POLYGON((15.75 47.0,16.5 47.0,16.5 46.25,15.75 46.25,15.75 47.0))
31254;POLYGON((411953 221024,468975 225252,475517 141906,417695 137672,411953 221024))
31255;POLYGON((183853 209597,240891 211629,244241 128262,186408 126227,183853 209597))
31256;POLYGON((-44281 206924,12761 206770,12934 123396,-44901 123550,-44281 206924))
31257;POLYGON((561953 221024,618975 225252,625517 141906,567695 137672,561953 221024))
31258;POLYGON((633853 209597,690891 211629,694241 128262,636408 126227,633853 209597))
31259;POLYGON((705718 206924,762761 206770,762934 123396,705098 123550,705718 206924))
31284;POLYGON((561953 5221024,618975 5225252,625517 5141906,567695 5137672,561953 5221024))
31285;POLYGON((633853 5209597,690891 5211629,694241 5128262,636408 5126227,633853 5209597))
31286;POLYGON((705718 5206924,762761 5206770,762934 5123396,705098 5123550,705718 5206924))
31287;POLYGON((583771 347338,640760 349384,644153 266098,586361 264023,583771 347338))
25833;POLYGON((557019 5205437,614037 5206255,615623 5122918,557812 5122098,557019 5205437))
25832;POLYGON((1013088 5227317,1070076 5232527,1078047 5149231,1020255 5144012,1013088 5227317))
