4326;POLYGON((16.5 49.75,17.25 49.75,17.25 49.0,16.5 49.0,16.5 49.75))
31254;POLYGON((444307 530838,498298 535562,505967 452242,451138 447499,444307 530838))
31255;POLYGON((228259 517371,282292 519922,286622 436538,231757 433977,228259 517371))
31256;POLYGON((12107 512566,66157 512954,67167 429542,12288 429152,12107 512566))
31257;POLYGON((594307 530838,648298 535562,655967 452242,601138 447499,594307 530838))
31258;POLYGON((678259 517371,732292 519922,736622 436538,681757 433977,678259 517371))
31259;POLYGON((762107 512566,816157 512954,817167 429542,762288 429152,762107 512566))
31284;POLYGON((594307 5530838,648298 5535562,655967 5452242,601138 5447499,594307 5530838))
31285;POLYGON((678259 5517371,732292 5519922,736622 5436538,681757 5433977,678259 5517371))
31286;POLYGON((762107 5512566,816157 5512954,817167 5429542,762288 5429152,762107 5512566))
31287;POLYGON((628314 654887,682331 657349,686532 574025,631710 571526,628314 654887))
25833;POLYGON((608055 5511914,662078 5513264,664564 5429895,609712 5428539,608055 5511914))
25832;POLYGON((1040028 5537882,1093970 5543577,1103131 5460333,1048348 5454614,1040028 5537882))
