4326;POLYGON((16.25 46.5,17.0 46.5,17.0 45.75,16.25 45.75,16.25 46.5))
31254;POLYGON((454160 168216,511714 172817,518734 89474,460384 84868,454160 168216))
31255;POLYGON((223939 155311,281507 157711,285355 74351,226998 71949,223939 155311))
31256;POLYGON((-6313 151177,51258 151387,51954 68021,-6404 67811,-6313 151177))
31257;POLYGON((604160 168216,661714 172817,668734 89474,610384 84868,604160 168216))
31258;POLYGON((673939 155311,731507 157711,735355 74351,676998 71949,673939 155311))
31259;POLYGON((743686 151177,801258 151387,801954 68021,743595 67811,743686 151177))
31284;POLYGON((604160 5168216,661714 5172817,668734 5089474,610384 5084868,604160 5168216))
31285;POLYGON((673939 5155311,731507 5157711,735355 5074351,676998 5071949,673939 5155311))
31286;POLYGON((743686 5151177,801258 5151387,801954 5068021,743595 5067811,743686 5151177))
31287;POLYGON((623849 293110,681359 295546,685288 212276,626975 209807,623849 293110))
25833;POLYGON((595914 5150362,653462 5151546,655559 5068216,597225 5067031,595914 5150362))
25832;POLYGON((1056227 5175197,1113747 5180783,1122186 5097485,1063866 5091893,1056227 5175197))
