4326;POLYGON((15.75 48.75,16.5 48.75,16.5 48.0,15.75 48.0,15.75 48.75))
31254;POLYGON((398282 415517,453398 419718,460126 336377,404187 332162,398282 415517))
31255;POLYGON((177770 404160,232915 406180,236360 322796,180398 320770,177770 404160))
31256;POLYGON((-42805 401503,12348 401350,12526 317951,-43442 318105,-42805 401503))
31257;POLYGON((548282 415517,603398 419718,610126 336377,554187 332162,548282 415517))
31258;POLYGON((627770 404160,682915 406180,686360 322796,630398 320770,627770 404160))
31259;POLYGON((707194 401503,762348 401350,762526 317951,706557 318105,707194 401503))
31284;POLYGON((548282 5415517,603398 5419718,610126 5336377,554187 5332162,548282 5415517))
31285;POLYGON((627770 5404160,682915 5406180,686360 5322796,630398 5320770,627770 5404160))
31286;POLYGON((707194 5401503,762348 5401350,762526 5317951,706557 5318105,707194 5401503))
31287;POLYGON((577729 541770,632841 543748,636235 460437,580319 458429,577729 541770))
25833;POLYGON((555130 5399936,610260 5400750,611891 5317388,555946 5316572,555130 5399936))
25832;POLYGON((996027 5421680,1051101 5426856,1059297 5343577,1003396 5338385,996027 5421680))
