4326;POLYGON((15.75 46.25,16.5 46.25,16.5 45.5,15.75 45.5,15.75 46.25))
31254;POLYGON((417695 137672,475517 141906,481979 58559,423365 54320,417695 137672))
31255;POLYGON((186408 126227,244241 128262,247548 44904,188930 42867,186408 126227))
31256;POLYGON((-44901 123550,12934 123396,13105 40034,-45513 40188,-44901 123550))
31257;POLYGON((567695 137672,625517 141906,631979 58559,573365 54320,567695 137672))
31258;POLYGON((636408 126227,694241 128262,697548 44904,638930 42867,636408 126227))
31259;POLYGON((705098 123550,762934 123396,763105 40034,704486 40188,705098 123550))
31284;POLYGON((567695 5137672,625517 5141906,631979 5058559,573365 5054320,567695 5137672))
31285;POLYGON((636408 5126227,694241 5128262,697548 5044904,638930 5042867,636408 5126227))
31286;POLYGON((705098 5123550,762934 5123396,763105 5040034,704486 5040188,705098 5123550))
31287;POLYGON((586361 264023,644153 266098,647547 182799,588950 180695,586361 264023))
25833;POLYGON((557812 5122098,615623 5122918,617189 5039590,558595 5038770,557812 5122098))
25832;POLYGON((1020255 5144012,1078047 5149231,1085920 5065926,1027333 5060703,1020255 5144012))
