4326;POLYGON((16.5 49.0,17.25 49.0,17.25 48.25,16.5 48.25,16.5 49.0))
31254;POLYGON((451138 447499,505967 452242,513549 368917,457892 364158,451138 447499))
31255;POLYGON((231757 433977,286622 436538,290903 353159,235216 350590,231757 433977))
31256;POLYGON((12288 429152,67167 429542,68165 346141,12467 345750,12288 429152))
31257;POLYGON((601138 447499,655967 452242,663549 368917,607892 364158,601138 447499))
31258;POLYGON((681757 433977,736622 436538,740903 353159,685216 350590,681757 433977))
31259;POLYGON((762288 429152,817167 429542,818165 346141,762467 345750,762288 429152))
31284;POLYGON((601138 5447499,655967 5452242,663549 5368917,607892 5364158,601138 5447499))
31285;POLYGON((681757 5433977,736622 5436538,740903 5353159,685216 5350590,681757 5433977))
31286;POLYGON((762288 5429152,817167 5429542,818165 5346141,762467 5345750,762288 5429152))
31287;POLYGON((631710 571526,686532 574025,690730 490740,635104 488204,631710 571526))
25833;POLYGON((609712 5428539,664564 5429895,667022 5346534,611350 5345174,609712 5428539))
25832;POLYGON((1048348 5454614,1103131 5460333,1112189 5377077,1056575 5371338,1048348 5454614))
