4326;POLYGON((16.0 47.0,16.75 47.0,16.75 46.25,16.0 46.25,16.0 47.0))
31254;POLYGON((430961 222372,487981 226784,494791 143441,436969 139022,430961 222372))
31255;POLYGON((202866 210213,259903 212428,263518 129063,205685 126845,202866 210213))
31256;POLYGON((-25267 206812,31775 206840,32213 123467,-25622 123438,-25267 206812))
31257;POLYGON((580961 222372,637981 226784,644791 143441,586969 139022,580961 222372))
31258;POLYGON((652866 210213,709903 212428,713518 129063,655685 126845,652866 210213))
31259;POLYGON((724732 206812,781775 206840,782213 123467,724377 123438,724732 206812))
31284;POLYGON((580961 5222372,637981 5226784,644791 5143441,586969 5139022,580961 5222372))
31285;POLYGON((652866 5210213,709903 5212428,713518 5129063,655685 5126845,652866 5210213))
31286;POLYGON((724732 5206812,781775 5206840,782213 5123467,724377 5123438,724732 5206812))
31287;POLYGON((602770 347959,659751 350188,663412 266913,605627 264652,602770 347959))
25833;POLYGON((576025 5205649,633043 5206650,634894 5123313,577082 5122310,576025 5205649))
25832;POLYGON((1032085 5228992,1089070 5234387,1097310 5151093,1039520 5145690,1032085 5228992))
