4326;POLYGON((16.0 49.0,16.75 49.0,16.75 48.25,16.0 48.25,16.0 49.0))
31254;POLYGON((414579 444640,469416 449019,476446 365683,420782 361290,414579 444640))
31255;POLYGON((195178 432571,250046 434770,253779 351386,198089 349180,195178 432571))
31256;POLYGON((-24297 429194,30581 429222,31033 345820,-24664 345791,-24297 429194))
31257;POLYGON((564579 444640,619416 449019,626446 365683,570782 361290,564579 444640))
31258;POLYGON((645178 432571,700046 434770,703779 351386,648089 349180,645178 432571))
31259;POLYGON((725702 429194,780581 429222,781033 345820,725335 345791,725702 429194))
31284;POLYGON((564579 5444640,619416 5449019,626446 5365683,570782 5361290,564579 5444640))
31285;POLYGON((645178 5432571,700046 5434770,703779 5351386,648089 5349180,645178 5432571))
31286;POLYGON((725702 5429194,780581 5429222,781033 5345820,725335 5345791,725702 5429194))
31287;POLYGON((595149 570154,649986 572300,653649 488990,598008 486813,595149 570154))
25833;POLYGON((573142 5427937,627996 5428931,629907 5345567,574233 5344570,573142 5427937))
25832;POLYGON((1011818 5451106,1066611 5456459,1075115 5373189,1019493 5367818,1011818 5451106))
