4326;POLYGON((16.0 46.75,16.75 46.75,16.75 46.0,16.0 46.0,16.0 46.75))
31254;POLYGON((432972 194589,490260 199003,497042 115659,438956 111238,432972 194589))
31255;POLYGON((203810 182423,261113 184639,264713 101276,206617 99057,203810 182423))
31256;POLYGON((-25386 179019,31921 179048,32357 95678,-25740 95650,-25386 179019))
31257;POLYGON((582972 194589,640260 199003,647042 115659,588956 111238,582972 194589))
31258;POLYGON((653810 182423,711113 184639,714713 101276,656617 99057,653810 182423))
31259;POLYGON((724613 179019,781921 179048,782357 95678,724259 95650,724613 179019))
31284;POLYGON((582972 5194589,640260 5199003,647042 5115659,588956 5111238,582972 5194589))
31285;POLYGON((653810 5182423,711113 5184639,714713 5101276,656617 5099057,653810 5182423))
31286;POLYGON((724613 5179019,781921 5179048,782357 5095678,724259 5095650,724613 5179019))
31287;POLYGON((603722 320190,660971 322431,664633 239153,606579 236881,603722 320190))
25833;POLYGON((576379 5177868,633662 5178870,635505 5095536,577432 5094533,576379 5177868))
25832;POLYGON((1034573 5201226,1091828 5206623,1100034 5123327,1041978 5117921,1034573 5201226))
