4326;POLYGON((16.0 46.25,16.75 46.25,16.75 45.5,16.0 45.5,16.0 46.25))
31254;POLYGON((436969 139022,494791 143441,501516 60095,442903 55672,436969 139022))
31255;POLYGON((205685 126845,263518 129063,267087 45704,208469 43485,205685 126845))
31256;POLYGON((-25622 123438,32213 123467,32645 40104,-25973 40076,-25622 123438))
31257;POLYGON((586969 139022,644791 143441,651516 60095,592903 55672,586969 139022))
31258;POLYGON((655685 126845,713518 129063,717087 45704,658469 43485,655685 126845))
31259;POLYGON((724377 123438,782213 123467,782645 40104,724026 40076,724377 123438))
31284;POLYGON((586969 5139022,644791 5143441,651516 5060095,592903 5055672,586969 5139022))
31285;POLYGON((655685 5126845,713518 5129063,717087 5045704,658469 5043485,655685 5126845))
31286;POLYGON((724377 5123438,782213 5123467,782645 5040104,724026 5040076,724377 5123438))
31287;POLYGON((605627 264652,663412 266913,667074 183626,608484 181333,605627 264652))
25833;POLYGON((577082 5122310,634894 5123313,636721 5039985,578126 5038982,577082 5122310))
25832;POLYGON((1039520 5145690,1097310 5151093,1105448 5067791,1046862 5062382,1039520 5145690))
