4326;POLYGON((16.5 50.0,17.25 50.0,17.25 49.25,16.5 49.25,16.5 50.0))
31254;POLYGON((442012 558617,495723 563334,503420 480016,448869 475279,442012 558617))
31255;POLYGON((227084 545171,280838 547718,285184 464332,230596 461774,227084 545171))
31256;POLYGON((12046 540373,65818 540760,66831 457345,12228 456956,12046 540373))
31257;POLYGON((592012 558617,645723 563334,653420 480016,598869 475279,592012 558617))
31258;POLYGON((677084 545171,730838 547718,735184 464332,680596 461774,677084 545171))
31259;POLYGON((762046 540373,815818 540760,816831 457345,762228 456956,762046 540373))
31284;POLYGON((592012 5558617,645723 5563334,653420 5480016,598869 5475279,592012 5558617))
31285;POLYGON((677084 5545171,730838 5547718,735184 5464332,680596 5461774,677084 5545171))
31286;POLYGON((762046 5540373,815818 5540760,816831 5457345,762228 5456956,762046 5540373))
31287;POLYGON((627181 682686,680931 685135,685132 601794,630578 599308,627181 682686))
25833;POLYGON((607498 5539708,661243 5541056,663739 5457683,609161 5456330,607498 5539708))
25832;POLYGON((1037234 5565637,1090894 5571322,1100088 5488082,1045585 5482371,1037234 5565637))
