4326;POLYGON((16.0 48.5,16.75 48.5,16.75 47.75,16.0 47.75,16.0 48.5))
31254;POLYGON((418723 389073,474111 393462,481087 310124,424878 305722,418723 389073))
31255;POLYGON((197123 376976,252540 379180,256243 295800,200012 293590,197123 376976))
31256;POLYGON((-24543 373591,30883 373619,31332 290224,-24907 290196,-24543 373591))
31257;POLYGON((568723 389073,624111 393462,631087 310124,574878 305722,568723 389073))
31258;POLYGON((647123 376976,702540 379180,706243 295800,650012 293590,647123 376976))
31259;POLYGON((725456 373591,780883 373619,781332 290224,725092 290196,725456 373591))
31284;POLYGON((568723 5389073,624111 5393462,631087 5310124,574878 5305722,568723 5389073))
31285;POLYGON((647123 5376976,702540 5379180,706243 5295800,650012 5293590,647123 5376976))
31286;POLYGON((725456 5373591,780883 5373619,781332 5290224,725092 5290196,725456 5373591))
31287;POLYGON((597055 514590,652428 516756,656090 433465,599913 431266,597055 514590))
25833;POLYGON((573871 5372358,629273 5373354,631169 5289997,574954 5288998,573871 5372358))
25832;POLYGON((1016944 5395582,1072291 5400947,1080730 5317671,1024559 5312290,1016944 5395582))
