4326;POLYGON((16.25 49.0,17.0 49.0,17.0 48.25,16.25 48.25,16.25 49.0))
31254;POLYGON((432859 446039,487692 450600,494998 367270,439338 362693,432859 446039))
31255;POLYGON((213468 433244,268335 435624,272341 352242,216653 349855,213468 433244))
31256;POLYGON((-6004 429143,48874 429352,49599 345950,-6098 345740,-6004 429143))
31257;POLYGON((582859 446039,637692 450600,644998 367270,589338 362693,582859 446039))
31258;POLYGON((663468 433244,718335 435624,722341 352242,666653 349855,663468 433244))
31259;POLYGON((743995 429143,798874 429352,799599 345950,743901 345740,743995 429143))
31284;POLYGON((582859 5446039,637692 5450600,644998 5367270,589338 5362693,582859 5446039))
31285;POLYGON((663468 5433244,718335 5435624,722341 5352242,666653 5349855,663468 5433244))
31286;POLYGON((743995 5429143,798874 5429352,799599 5345950,743901 5345740,743995 5429143))
31287;POLYGON((613431 570811,668261 573133,672191 489835,616557 487479,613431 570811))
25833;POLYGON((591427 5428208,646280 5429382,648465 5346020,592792 5344842,591427 5428208))
25832;POLYGON((1030084 5452830,1084872 5458365,1093653 5375103,1038034 5369547,1030084 5452830))
