4326;POLYGON((16.25 49.25,17.0 49.25,17.0 48.5,16.25 48.5,16.25 49.25))
31254;POLYGON((430683 473821,485238 478376,492572 395047,437187 390475,430683 473821))
31255;POLYGON((212398 461042,266989 463419,271011 380035,215596 377650,212398 461042))
31256;POLYGON((-5973 456946,48630 457155,49358 373749,-6067 373540,-5973 456946))
31257;POLYGON((580683 473821,635238 478376,642572 395047,587187 390475,580683 473821))
31258;POLYGON((662398 461042,716989 463419,721011 380035,665596 377650,662398 461042))
31259;POLYGON((744026 456946,798630 457155,799358 373749,743932 373540,744026 456946))
31284;POLYGON((580683 5473821,635238 5478376,642572 5395047,587187 5390475,580683 5473821))
31285;POLYGON((662398 5461042,716989 5463419,721011 5380035,665596 5377650,662398 5461042))
31286;POLYGON((744026 5456946,798630 5457155,799358 5373749,743932 5373540,744026 5456946))
31287;POLYGON((612388 598596,666950 600907,670881 517597,615515 515253,612388 598596))
25833;POLYGON((590968 5455999,645547 5457172,647740 5373807,592338 5372630,590968 5455999))
25832;POLYGON((1027414 5480589,1081922 5486117,1090737 5402858,1035394 5397309,1027414 5480589))
