4326;POLYGON((16.5 47.75,17.25 47.75,17.25 47.0,16.5 47.0,16.5 47.75))
31254;POLYGON((462352 308596,518555 313365,525991 230032,468975 225252,462352 308596))
31255;POLYGON((237500 295003,293729 297577,297926 214209,240891 211629,237500 295003))
31256;POLYGON((12585 290154,68824 290546,69803 207162,12761 206770,12585 290154))
31257;POLYGON((612352 308596,668555 313365,675991 230032,618975 225252,612352 308596))
31258;POLYGON((687500 295003,743729 297577,747926 214209,690891 211629,687500 295003))
31259;POLYGON((762585 290154,818824 290546,819803 207162,762761 206770,762585 290154))
31284;POLYGON((612352 5308596,668555 5313365,675991 5230032,618975 5225252,612352 5308596))
31285;POLYGON((687500 5295003,743729 5297577,747926 5214209,690891 5211629,687500 5295003))
31286;POLYGON((762585 5290154,818824 5290546,819803 5207162,762761 5206770,762585 5290154))
31287;POLYGON((637367 432672,693529 435231,697726 351980,640760 349384,637367 432672))
25833;POLYGON((612431 5289603,668645 5290966,671054 5207621,614037 5206255,612431 5289603))
25832;POLYGON((1062007 5315816,1118171 5321567,1127055 5238291,1070076 5232527,1062007 5315816))
