4326;POLYGON((16.5 47.5,17.25 47.5,17.25 46.75,16.5 46.75,16.5 47.5))
31254;POLYGON((464568 280815,521044 285588,528449 202253,471165 197470,464568 280815))
31255;POLYGON((238635 267211,295134 269787,299314 186420,242012 183839,238635 267211))
31256;POLYGON((12644 262358,69152 262750,70127 179370,12819 178977,12644 262358))
31257;POLYGON((614568 280815,671044 285588,678449 202253,621165 197470,614568 280815))
31258;POLYGON((688635 267211,745134 269787,749314 186420,692012 183839,688635 267211))
31259;POLYGON((762644 262358,819152 262750,820127 179370,762819 178977,762644 262358))
31284;POLYGON((614568 5280815,671044 5285588,678449 5202253,621165 5197470,614568 5280815))
31285;POLYGON((688635 5267211,745134 5269787,749314 5186420,692012 5183839,688635 5267211))
31286;POLYGON((762644 5262358,819152 5262750,820127 5179370,762819 5178977,762644 5262358))
31287;POLYGON((638498 404908,694928 407480,699125 324231,641891 321622,638498 404908))
25833;POLYGON((612969 5261820,669451 5263183,671851 5179841,614568 5178475,612969 5261820))
25832;POLYGON((1064708 5288054,1121144 5293810,1129993 5210530,1072744 5204763,1064708 5288054))
