4326;POLYGON((16.5 50.25,17.25 50.25,17.25 49.5,16.5 49.5,16.5 50.25))
31254;POLYGON((439710 586397,493139 591106,500864 507789,446592 503058,439710 586397))
31255;POLYGON((225904 572971,279378 575514,283741 492126,229429 489572,225904 572971))
31256;POLYGON((11985 568181,65477 568568,66495 485149,12167 484760,11985 568181))
31257;POLYGON((589710 586397,643139 591106,650864 507789,596592 503058,589710 586397))
31258;POLYGON((675904 572971,729378 575514,733741 492126,679429 489572,675904 572971))
31259;POLYGON((761985 568181,815477 568568,816495 485149,762167 484760,761985 568181))
31284;POLYGON((589710 5586397,643139 5591106,650864 5507789,596592 5503058,589710 5586397))
31285;POLYGON((675904 5572971,729378 5575514,733741 5492126,679429 5489572,675904 5572971))
31286;POLYGON((761985 5568181,815477 5568568,816495 5485149,762167 5484760,761985 5568181))
31287;POLYGON((626048 710491,679530 712928,683732 629569,629446 627095,626048 710491))
25833;POLYGON((606939 5567503,660405 5568849,662910 5485473,608609 5484122,606939 5567503))
25832;POLYGON((1034429 5593390,1087806 5599067,1097035 5515830,1042811 5510127,1034429 5593390))
