4326;POLYGON((16.5 49.5,17.25 49.5,17.25 48.75,16.5 48.75,16.5 49.5))
31254;POLYGON((446592 503058,500864 507789,508504 424468,453398 419718,446592 503058))
31255;POLYGON((229429 489572,283741 492126,288055 408744,232915 406180,229429 489572))
31256;POLYGON((12167 484760,66495 485149,67501 401740,12348 401350,12167 484760))
31257;POLYGON((596592 503058,650864 507789,658504 424468,603398 419718,596592 503058))
31258;POLYGON((679429 489572,733741 492126,738055 408744,682915 406180,679429 489572))
31259;POLYGON((762167 484760,816495 485149,817501 401740,762348 401350,762167 484760))
31284;POLYGON((596592 5503058,650864 5507789,658504 5424468,603398 5419718,596592 5503058))
31285;POLYGON((679429 5489572,733741 5492126,738055 5408744,682915 5406180,679429 5489572))
31286;POLYGON((762167 5484760,816495 5485149,817501 5401740,762348 5401350,762167 5484760))
31287;POLYGON((629446 627095,683732 629569,687932 546259,632841 543748,629446 627095))
25833;POLYGON((608609 5484122,662910 5485473,665387 5402107,610260 5400750,608609 5484122))
25832;POLYGON((1042811 5510127,1097035 5515830,1106162 5432582,1051101 5426856,1042811 5510127))
