4326;POLYGON((15.75 49.75,16.5 49.75,16.5 49.0,15.75 49.0,15.75 49.75))
31254;POLYGON((390302 526659,444307 530838,451138 447499,396298 443302,390302 526659))
31255;POLYGON((174218 515362,228259 517371,231757 433977,176887 431959,174218 515362))
31256;POLYGON((-41943 512718,12107 512566,12288 429152,-42590 429305,-41943 512718))
31257;POLYGON((540302 526659,594307 530838,601138 447499,546298 443302,540302 526659))
31258;POLYGON((624218 515362,678259 517371,681757 433977,626887 431959,624218 515362))
31259;POLYGON((708056 512718,762107 512566,762288 429152,707409 429305,708056 512718))
31284;POLYGON((540302 5526659,594307 5530838,601138 5447499,546298 5443302,540302 5526659))
31285;POLYGON((624218 5515362,678259 5517371,681757 5433977,626887 5431959,624218 5515362))
31286;POLYGON((708056 5512718,762107 5512566,762288 5429152,707409 5429305,708056 5512718))
31287;POLYGON((574274 652947,628314 654887,631710 571526,576866 569557,574274 652947))
25833;POLYGON((554028 5511105,608055 5511914,609712 5428539,554856 5427726,554028 5511105))
25832;POLYGON((986069 5532734,1040028 5537882,1048348 5454614,993551 5449444,986069 5532734))
