4326;POLYGON((15.75 49.25,16.5 49.25,16.5 48.5,15.75 48.5,15.75 49.25))
31254;POLYGON((394307 471088,448869 475279,455649 391938,400258 387732,394307 471088))
31255;POLYGON((176001 459759,230596 461774,234068 378385,178649 376363,176001 459759))
31256;POLYGON((-42375 457108,12228 456956,12407 373549,-43018 373702,-42375 457108))
31257;POLYGON((544307 471088,598869 475279,605649 391938,550258 387732,544307 471088))
31258;POLYGON((626001 459759,680596 461774,684068 378385,628649 376363,626001 459759))
31259;POLYGON((707624 457108,762228 456956,762407 373549,706981 373702,707624 457108))
31284;POLYGON((544307 5471088,598869 5475279,605649 5391938,550258 5387732,544307 5471088))
31285;POLYGON((626001 5459759,680596 5461774,684068 5378385,628649 5376363,626001 5459759))
31286;POLYGON((707624 5457108,762228 5456956,762407 5373549,706981 5373702,707624 5457108))
31287;POLYGON((576002 597348,630578 599308,633973 515975,578593 513986,576002 597348))
25833;POLYGON((554581 5455518,609161 5456330,610806 5372962,555403 5372147,554581 5455518))
25832;POLYGON((991067 5477208,1045585 5482371,1053843 5399097,998493 5393915,991067 5477208))
