4326;POLYGON((15.75 50.25,16.5 50.25,16.5 49.5,15.75 49.5,15.75 50.25))
31254;POLYGON((386267 582231,439710 586397,446592 503058,392308 498873,386267 582231))
31255;POLYGON((172423 570968,225904 572971,229429 489572,175111 487560,172423 570968))
31256;POLYGON((-41507 568332,11985 568181,12167 484760,-42160 484912,-41507 568332))
31257;POLYGON((536267 582231,589710 586397,596592 503058,542308 498873,536267 582231))
31258;POLYGON((622423 570968,675904 572971,679429 489572,625111 487560,622423 570968))
31259;POLYGON((708492 568332,761985 568181,762167 484760,707839 484912,708492 568332))
31284;POLYGON((536267 5582231,589710 5586397,596592 5503058,542308 5498873,536267 5582231))
31285;POLYGON((622423 5570968,675904 5572971,679429 5489572,625111 5487560,622423 5570968))
31286;POLYGON((708492 5568332,761985 5568181,762167 5484760,707839 5484912,708492 5568332))
31287;POLYGON((572546 708570,626048 710491,629446 627095,575138 625145,572546 708570))
25833;POLYGON((553470 5566696,606939 5567503,608609 5484122,554305 5483311,553470 5566696))
25832;POLYGON((981035 5588258,1034429 5593390,1042811 5510127,988573 5504971,981035 5588258))
