4326;POLYGON((15.75 47.5,16.5 47.5,16.5 46.75,15.75 46.75,15.75 47.5))
31254;POLYGON((408085 276593,464568 280815,471165 197470,413875 193240,408085 276593))
31255;POLYGON((182132 265181,238635 267211,242012 183839,184708 181806,182132 265181))
31256;POLYGON((-43863 262512,12644 262358,12819 178977,-44488 179131,-43863 262512))
31257;POLYGON((558085 276593,614568 280815,621165 197470,563875 193240,558085 276593))
31258;POLYGON((632132 265181,688635 267211,692012 183839,634708 181806,632132 265181))
31259;POLYGON((706136 262512,762644 262358,762819 178977,705511 179131,706136 262512))
31284;POLYGON((558085 5276593,614568 5280815,621165 5197470,563875 5193240,558085 5276593))
31285;POLYGON((632132 5265181,688635 5267211,692012 5183839,634708 5181806,632132 5265181))
31286;POLYGON((706136 5262512,762644 5262358,762819 5178977,705511 5179131,706136 5262512))
31287;POLYGON((582045 402881,638498 404908,641891 321622,584634 319566,582045 402881))
25833;POLYGON((556484 5261002,612969 5261820,614568 5178475,557284 5177656,556484 5261002))
25832;POLYGON((1008262 5282852,1064708 5288054,1072744 5204763,1015487 5199549,1008262 5282852))
