4326;POLYGON((16.5 48.0,17.25 48.0,17.25 47.25,16.5 47.25,16.5 48.0))
31254;POLYGON((460126 336377,516057 341141,523522 257810,466776 253033,460126 336377))
31255;POLYGON((236360 322796,292319 325368,296533 241997,239765 239419,236360 322796))
31256;POLYGON((12526 317951,68495 318343,69478 234956,12702 234563,12526 317951))
31257;POLYGON((610126 336377,666057 341141,673522 257810,616776 253033,610126 336377))
31258;POLYGON((686360 322796,742319 325368,746533 241997,689765 239419,686360 322796))
31259;POLYGON((762526 317951,818495 318343,819478 234956,762702 234563,762526 317951))
31284;POLYGON((610126 5336377,666057 5341141,673522 5257810,616776 5253033,610126 5336377))
31285;POLYGON((686360 5322796,742319 5325368,746533 5241997,689765 5239419,686360 5322796))
31286;POLYGON((762526 5317951,818495 5318343,819478 5234956,762702 5234563,762526 5317951))
31287;POLYGON((636235 460437,692130 462984,696327 379730,639629 377146,636235 460437))
25833;POLYGON((611891 5317388,667835 5318749,670254 5235401,613504 5234037,611891 5317388))
25832;POLYGON((1059297 5343577,1115186 5349322,1124106 5266051,1067397 5260291,1059297 5343577))
