4326;POLYGON((16.25 48.25,17.0 48.25,17.0 47.5,16.25 47.5,16.25 48.25))
31254;POLYGON((439338 362693,494998 367270,502219 283935,445741 279346,439338 362693))
31255;POLYGON((216653 349855,272341 352242,276301 268867,219801 266474,216653 349855))
31256;POLYGON((-6098 345740,49599 345950,50316 262559,-6191 262349,-6098 345740))
31257;POLYGON((589338 362693,644998 367270,652219 283935,595741 279346,589338 362693))
31258;POLYGON((666653 349855,722341 352242,726301 268867,669801 266474,666653 349855))
31259;POLYGON((743901 345740,799599 345950,800316 262559,743808 262349,743901 345740))
31284;POLYGON((589338 5362693,644998 5367270,652219 5283935,595741 5279346,589338 5362693))
31285;POLYGON((666653 5349855,722341 5352242,726301 5268867,669801 5266474,666653 5349855))
31286;POLYGON((743901 5345740,799599 5345950,800316 5262559,743808 5262349,743901 5345740))
31287;POLYGON((616557 487479,672191 489835,676121 406562,619682 404172,616557 487479))
25833;POLYGON((592792 5344842,648465 5346020,650624 5262668,594141 5261486,592792 5344842))
25832;POLYGON((1038034 5369547,1093653 5375103,1102333 5291829,1045893 5286259,1038034 5369547))
