4326;POLYGON((16.25 50.25,17.0 50.25,17.0 49.5,16.25 49.5,16.25 50.25))
31254;POLYGON((421897 584948,475331 589476,482775 506151,428499 501603,421897 584948))
31255;POLYGON((208078 572244,261555 574607,265638 491215,211324 488841,208078 572244))
31256;POLYGON((-5845 568172,47646 568379,48386 484959,-5941 484751,-5845 568172))
31257;POLYGON((571897 584948,625331 589476,632775 506151,578499 501603,571897 584948))
31258;POLYGON((658078 572244,711555 574607,715638 491215,661324 488841,658078 572244))
31259;POLYGON((744154 568172,797646 568379,798386 484959,744058 484751,744154 568172))
31284;POLYGON((571897 5584948,625331 5589476,632775 5506151,578499 5501603,571897 5584948))
31285;POLYGON((658078 5572244,711555 5574607,715638 5491215,661324 5488841,658078 5572244))
31286;POLYGON((744154 5568172,797646 5568379,798386 5484959,744058 5484751,744154 5568172))
31287;POLYGON((608216 709793,661705 712058,665639 628686,611345 626387,608216 709793))
25833;POLYGON((589117 5567174,642584 5568341,644810 5484963,590508 5483791,589117 5567174))
25832;POLYGON((1016633 5591619,1070016 5597114,1078962 5513868,1024733 5508348,1016633 5591619))
