4326;POLYGON((16.25 48.0,17.0 48.0,17.0 47.25,16.25 47.25,16.25 48.0))
31254;POLYGON((441481 334911,497415 339492,504608 256156,447859 251564,441481 334911))
31255;POLYGON((217707 322060,273667 324450,277611 241077,220842 238682,217707 322060))
31256;POLYGON((-6129 317942,49839 318152,50553 234764,-6222 234554,-6129 317942))
31257;POLYGON((591481 334911,647415 339492,654608 256156,597859 251564,591481 334911))
31258;POLYGON((667707 322060,723667 324450,727611 241077,670842 238682,667707 322060))
31259;POLYGON((743870 317942,799839 318152,800553 234764,743777 234554,743870 317942))
31284;POLYGON((591481 5334911,647415 5339492,654608 5256156,597859 5251564,591481 5334911))
31285;POLYGON((667707 5322060,723667 5324450,727611 5241077,670842 5238682,667707 5322060))
31286;POLYGON((743870 5317942,799839 5318152,800553 5234764,743777 5234554,743870 5317942))
31287;POLYGON((617599 459708,673501 462075,677430 378808,620724 376406,617599 459708))
25833;POLYGON((593243 5317056,649187 5318235,651338 5234886,594587 5233704,593243 5317056))
25832;POLYGON((1040664 5341785,1096557 5347346,1105204 5264070,1048492 5258494,1040664 5341785))
