4326;POLYGON((16.5 46.75,17.25 46.75,17.25 46.0,16.5 46.0,16.5 46.75))
31254;POLYGON((471165 197470,528449 202253,535765 118913,477680 114124,471165 197470))
31255;POLYGON((242012 183839,299314 186420,303442 103060,245348 100475,242012 183839))
31256;POLYGON((12819 178977,70127 179370,71089 96001,12991 95608,12819 178977))
31257;POLYGON((621165 197470,678449 202253,685765 118913,627680 114124,621165 197470))
31258;POLYGON((692012 183839,749314 186420,753442 103060,695348 100475,692012 183839))
31259;POLYGON((762819 178977,820127 179370,821089 96001,762991 95608,762819 178977))
31284;POLYGON((621165 5197470,678449 5202253,685765 5118913,627680 5114124,621165 5197470))
31285;POLYGON((692012 5183839,749314 5186420,753442 5103060,695348 5100475,692012 5183839))
31286;POLYGON((762819 5178977,820127 5179370,821089 5096001,762991 5095608,762819 5178977))
31287;POLYGON((641891 321622,699125 324231,703322 240979,645284 238334,641891 321622))
25833;POLYGON((614568 5178475,671851 5179841,674221 5096508,616148 5095141,614568 5178475))
25832;POLYGON((1072744 5204763,1129993 5210530,1138735 5127240,1080682 5121463,1072744 5204763))
