4326;POLYGON((16.25 47.25,17.0 47.25,17.0 46.5,16.25 46.5,16.25 47.25))
31254;POLYGON((447859 251564,504608 256156,511714 172817,454160 168216,447859 251564))
31255;POLYGON((220842 238682,277611 241077,281507 157711,223939 155311,220842 238682))
31256;POLYGON((-6222 234554,50553 234764,51258 151387,-6313 151177,-6222 234554))
31257;POLYGON((597859 251564,654608 256156,661714 172817,604160 168216,597859 251564))
31258;POLYGON((670842 238682,727611 241077,731507 157711,673939 155311,670842 238682))
31259;POLYGON((743777 234554,800553 234764,801258 151387,743686 151177,743777 234554))
31284;POLYGON((597859 5251564,654608 5256156,661714 5172817,604160 5168216,597859 5251564))
31285;POLYGON((670842 5238682,727611 5241077,731507 5157711,673939 5155311,670842 5238682))
31286;POLYGON((743777 5234554,800553 5234764,801258 5151387,743686 5151177,743777 5234554))
31287;POLYGON((620724 376406,677430 378808,681359 295546,623849 293110,620724 376406))
25833;POLYGON((594587 5233704,651338 5234886,653462 5151546,595914 5150362,594587 5233704))
25832;POLYGON((1048492 5258494,1105204 5264070,1113747 5180783,1056227 5175197,1048492 5258494))
