4326;POLYGON((16.25 47.0,17.0 47.0,17.0 46.25,16.25 46.25,16.25 47.0))
31254;POLYGON((449968 223781,506986 228377,514064 145036,456244 140433,449968 223781))
31255;POLYGON((221879 210891,278915 213288,282795 129924,224963 127523,221879 210891))
31256;POLYGON((-6253 206760,50789 206971,51491 123598,-6344 123387,-6253 206760))
31257;POLYGON((599968 223781,656986 228377,664064 145036,606244 140433,599968 223781))
31258;POLYGON((671879 210891,728915 213288,732795 129924,674963 127523,671879 210891))
31259;POLYGON((743746 206760,800789 206971,801491 123598,743655 123387,743746 206760))
31284;POLYGON((599968 5223781,656986 5228377,664064 5145036,606244 5140433,599968 5223781))
31285;POLYGON((671879 5210891,728915 5213288,732795 5129924,674963 5127523,671879 5210891))
31286;POLYGON((743746 5206760,800789 5206971,801491 5123598,743655 5123387,743746 5206760))
31287;POLYGON((621766 348641,678740 351054,682669 267791,624891 265344,621766 348641))
25833;POLYGON((595031 5205922,652049 5207105,654164 5123768,596353 5122584,595031 5205922))
25832;POLYGON((1051081 5230729,1108063 5236308,1116572 5153018,1058784 5147429,1051081 5230729))
