4326;POLYGON((16.5 49.25,17.25 49.25,17.25 48.5,16.5 48.5,16.5 49.25))
31254;POLYGON((448869 475279,503420 480016,511031 396693,455649 391938,448869 475279))
31255;POLYGON((230596 461774,285184 464332,289482 380951,234068 378385,230596 461774))
31256;POLYGON((12228 456956,66831 457345,67834 373940,12407 373549,12228 456956))
31257;POLYGON((598869 475279,653420 480016,661031 396693,605649 391938,598869 475279))
31258;POLYGON((680596 461774,735184 464332,739482 380951,684068 378385,680596 461774))
31259;POLYGON((762228 456956,816831 457345,817834 373940,762407 373549,762228 456956))
31284;POLYGON((598869 5475279,653420 5480016,661031 5396693,605649 5391938,598869 5475279))
31285;POLYGON((680596 5461774,735184 5464332,739482 5380951,684068 5378385,680596 5461774))
31286;POLYGON((762228 5456956,816831 5457345,817834 5373940,762407 5373549,762228 5456956))
31287;POLYGON((630578 599308,685132 601794,689331 518498,633973 515975,630578 599308))
25833;POLYGON((609161 5456330,663739 5457683,666206 5374320,610806 5372962,609161 5456330))
25832;POLYGON((1045585 5482371,1100088 5488082,1109181 5404830,1053843 5399097,1045585 5482371))
