4326;POLYGON((16.25 50.0,17.0 50.0,17.0 49.25,16.25 49.25,16.25 50.0))
31254;POLYGON((424106 557166,477821 561701,485238 478376,430683 473821,424106 557166))
31255;POLYGON((209164 544442,262921 546809,266989 463419,212398 461042,209164 544442))
31256;POLYGON((-5877 540363,47894 540571,48630 457155,-5973 456946,-5877 540363))
31257;POLYGON((574106 557166,627821 561701,635238 478376,580683 473821,574106 557166))
31258;POLYGON((659164 544442,712921 546809,716989 463419,662398 461042,659164 544442))
31259;POLYGON((744122 540363,797894 540571,798630 457155,744026 456946,744122 540363))
31284;POLYGON((574106 5557166,627821 5561701,635238 5478376,580683 5473821,574106 5557166))
31285;POLYGON((659164 5544442,712921 5546809,716989 5463419,662398 5461042,659164 5544442))
31286;POLYGON((744122 5540363,797894 5540571,798630 5457155,744026 5456946,744122 5540363))
31287;POLYGON((609260 681984,663017 684261,666950 600907,612388 598596,609260 681984))
25833;POLYGON((589582 5539379,643329 5540547,645547 5457172,590968 5455999,589582 5539379))
25832;POLYGON((1019343 5563863,1073009 5569366,1081922 5486117,1027414 5480589,1019343 5563863))
