4326;POLYGON((15.75 47.25,16.5 47.25,16.5 46.5,15.75 46.5,15.75 47.25))
31254;POLYGON((410023 248808,466776 253033,473345 169688,415789 165456,410023 248808))
31255;POLYGON((182994 237389,239765 239419,243129 156050,185560 154016,182994 237389))
31256;POLYGON((-44072 234717,12702 234563,12876 151186,-44695 151340,-44072 234717))
31257;POLYGON((560023 248808,616776 253033,623345 169688,565789 165456,560023 248808))
31258;POLYGON((632994 237389,689765 239419,693129 156050,635560 154016,632994 237389))
31259;POLYGON((705927 234717,762702 234563,762876 151186,705304 151340,705927 234717))
31284;POLYGON((560023 5248808,616776 5253033,623345 5169688,565789 5165456,560023 5248808))
31285;POLYGON((632994 5237389,689765 5239419,693129 5156050,635560 5154016,632994 5237389))
31286;POLYGON((705927 5234717,762702 5234563,762876 5151186,705304 5151340,705927 5234717))
31287;POLYGON((582908 375109,639629 377146,643022 293860,585497 291795,582908 375109))
25833;POLYGON((556752 5233219,613504 5234037,615097 5150696,557548 5149876,556752 5233219))
25832;POLYGON((1010680 5255085,1067397 5260291,1075401 5176997,1017876 5171781,1010680 5255085))
