4326;POLYGON((16.5 47.25,17.25 47.25,17.25 46.5,16.5 46.5,16.5 47.25))
31254;POLYGON((466776 253033,523522 257810,530898 174474,473345 169688,466776 253033))
31255;POLYGON((239765 239419,296533 241997,300696 158633,243129 156050,239765 239419))
31256;POLYGON((12702 234563,69478 234956,70449 151579,12876 151186,12702 234563))
31257;POLYGON((616776 253033,673522 257810,680898 174474,623345 169688,616776 253033))
31258;POLYGON((689765 239419,746533 241997,750696 158633,693129 156050,689765 239419))
31259;POLYGON((762702 234563,819478 234956,820449 151579,762876 151186,762702 234563))
31284;POLYGON((616776 5253033,673522 5257810,680898 5174474,623345 5169688,616776 5253033))
31285;POLYGON((689765 5239419,746533 5241997,750696 5158633,693129 5156050,689765 5239419))
31286;POLYGON((762702 5234563,819478 5234956,820449 5151579,762876 5151186,762702 5234563))
31287;POLYGON((639629 377146,696327 379730,700524 296481,643022 293860,639629 377146))
25833;POLYGON((613504 5234037,670254 5235401,672644 5152062,615097 5150696,613504 5234037))
25832;POLYGON((1067397 5260291,1124106 5266051,1132919 5182768,1075401 5176997,1067397 5260291))
