4326;POLYGON((16.0 49.25,16.75 49.25,16.75 48.5,16.0 48.5,16.0 49.25))
31254;POLYGON((412495 472424,467054 476797,474111 393462,418723 389073,412495 472424))
31255;POLYGON((194200 460370,248793 462566,252540 379180,197123 376976,194200 460370))
31256;POLYGON((-24174 456997,30429 457025,30883 373619,-24543 373591,-24174 456997))
31257;POLYGON((562495 472424,617054 476797,624111 393462,568723 389073,562495 472424))
31258;POLYGON((644200 460370,698793 462566,702540 379180,647123 376976,644200 460370))
31259;POLYGON((725825 456997,780429 457025,780883 373619,725456 373591,725825 456997))
31284;POLYGON((562495 5472424,617054 5476797,624111 5393462,568723 5389073,562495 5472424))
31285;POLYGON((644200 5460370,698793 5462566,702540 5379180,647123 5376976,644200 5460370))
31286;POLYGON((725825 5456997,780429 5457025,780883 5373619,725456 5373591,725825 5456997))
31287;POLYGON((594196 597943,648765 600078,652428 516756,597055 514590,594196 597943))
25833;POLYGON((572775 5455728,627354 5456721,629273 5373354,573871 5372358,572775 5455728))
25832;POLYGON((1009241 5478868,1063754 5484213,1072291 5400947,1016944 5395582,1009241 5478868))
