4326;POLYGON((16.5 47.0,17.25 47.0,17.25 46.25,16.5 46.25,16.5 47.0))
31254;POLYGON((468975 225252,525991 230032,533336 146694,475517 141906,468975 225252))
31255;POLYGON((240891 211629,297926 214209,302072 130846,244241 128262,240891 211629))
31256;POLYGON((12761 206770,69803 207162,70770 123789,12934 123396,12761 206770))
31257;POLYGON((618975 225252,675991 230032,683336 146694,625517 141906,618975 225252))
31258;POLYGON((690891 211629,747926 214209,752072 130846,694241 128262,690891 211629))
31259;POLYGON((762761 206770,819803 207162,820770 123789,762934 123396,762761 206770))
31284;POLYGON((618975 5225252,675991 5230032,683336 5146694,625517 5141906,618975 5225252))
31285;POLYGON((690891 5211629,747926 5214209,752072 5130846,694241 5128262,690891 5211629))
31286;POLYGON((762761 5206770,819803 5207162,820770 5123789,762934 5123396,762761 5206770))
31287;POLYGON((640760 349384,697726 351980,701923 268731,644153 266098,640760 349384))
25833;POLYGON((614037 5206255,671054 5207621,673434 5124285,615623 5122918,614037 5206255))
25832;POLYGON((1070076 5232527,1127055 5238291,1135833 5155005,1078047 5149231,1070076 5232527))
