4326;POLYGON((16.25 49.75,17.0 49.75,17.0 49.0,16.25 49.0,16.25 49.75))
31254;POLYGON((426306 529385,480303 533927,487692 450600,432859 446039,426306 529385))
31255;POLYGON((210246 516641,264282 519011,268335 435624,213468 433244,210246 516641))
31256;POLYGON((-5909 512557,48140 512765,48874 429352,-6004 429143,-5909 512557))
31257;POLYGON((576306 529385,630303 533927,637692 450600,582859 446039,576306 529385))
31258;POLYGON((660246 516641,714282 519011,718335 435624,663468 433244,660246 516641))
31259;POLYGON((744090 512557,798140 512765,798874 429352,743995 429143,744090 512557))
31284;POLYGON((576306 5529385,630303 5533927,637692 5450600,582859 5446039,576306 5529385))
31285;POLYGON((660246 5516641,714282 5519011,718335 5435624,663468 5433244,660246 5516641))
31286;POLYGON((744090 5512557,798140 5512765,798874 5429352,743995 5429143,744090 5512557))
31287;POLYGON((610303 654182,664328 656471,668261 573133,613431 570811,610303 654182))
25833;POLYGON((590046 5511584,644071 5512754,646280 5429382,591427 5428208,590046 5511584))
25832;POLYGON((1022043 5536105,1075991 5541618,1084872 5458365,1030084 5452830,1022043 5536105))
