4326;POLYGON((16.0 48.0,16.75 48.0,16.75 47.25,16.0 47.25,16.0 48.0))
31254;POLYGON((422834 333506,478771 337904,485692 254564,428941 250155,422834 333506))
31255;POLYGON((199052 321385,255014 323593,258688 240218,201918 238005,199052 321385))
31256;POLYGON((-24786 317993,31183 318021,31628 234633,-25147 234605,-24786 317993))
31257;POLYGON((572834 333506,628771 337904,635692 254564,578941 250155,572834 333506))
31258;POLYGON((649052 321385,705014 323593,708688 240218,651918 238005,649052 321385))
31259;POLYGON((725213 317993,781183 318021,781628 234633,724852 234605,725213 317993))
31284;POLYGON((572834 5333506,628771 5337904,635692 5254564,578941 5250155,572834 5333506))
31285;POLYGON((649052 5321385,705014 5323593,708688 5240218,651918 5238005,649052 5321385))
31286;POLYGON((725213 5317993,781183 5318021,781628 5234633,724852 5234605,725213 5317993))
31287;POLYGON((598960 459038,654870 461226,658531 377946,601817 375727,598960 459038))
25833;POLYGON((574595 5316784,630540 5317781,632421 5234431,575669 5233431,574595 5316784))
25832;POLYGON((1022031 5340054,1077928 5345431,1086301 5262149,1029586 5256759,1022031 5340054))
