4326;POLYGON((16.0 49.75,16.75 49.75,16.75 49.0,16.0 49.0,16.0 49.75))
31254;POLYGON((408305 527992,462305 532352,469416 449019,414579 444640,408305 527992))
31255;POLYGON((192232 515971,246271 518161,250046 434770,195178 432571,192232 515971))
31256;POLYGON((-23926 512607,30123 512635,30581 429222,-24297 429194,-23926 512607))
31257;POLYGON((558305 527992,612305 532352,619416 449019,564579 444640,558305 527992))
31258;POLYGON((642232 515971,696271 518161,700046 434770,645178 432571,642232 515971))
31259;POLYGON((726073 512607,780123 512635,780581 429222,725702 429194,726073 512607))
31284;POLYGON((558305 5527992,612305 5532352,619416 5449019,564579 5444640,558305 5527992))
31285;POLYGON((642232 5515971,696271 5518161,700046 5434770,645178 5432571,642232 5515971))
31286;POLYGON((726073 5512607,780123 5512635,780581 5429222,725702 5429194,726073 5512607))
31287;POLYGON((592290 653536,646322 655650,649986 572300,595149 570154,592290 653536))
25833;POLYGON((572037 5511314,626063 5512304,627996 5428931,573142 5427937,572037 5511314))
25832;POLYGON((1004057 5534389,1058010 5539720,1066611 5456459,1011818 5451106,1004057 5534389))
