4326;POLYGON((16.25 47.5,17.0 47.5,17.0 46.75,16.25 46.75,16.25 47.5))
31254;POLYGON((445741 279346,502219 283935,509355 200597,452068 195999,445741 279346))
31255;POLYGON((219801 266474,276301 268867,280213 185499,222911 183101,219801 266474))
31256;POLYGON((-6191 262349,50316 262559,51024 179178,-6283 178968,-6191 262349))
31257;POLYGON((595741 279346,652219 283935,659355 200597,602068 195999,595741 279346))
31258;POLYGON((669801 266474,726301 268867,730213 185499,672911 183101,669801 266474))
31259;POLYGON((743808 262349,800316 262559,801024 179178,743716 178968,743808 262349))
31284;POLYGON((595741 5279346,652219 5283935,659355 5200597,602068 5195999,595741 5279346))
31285;POLYGON((669801 5266474,726301 5268867,730213 5185499,672911 5183101,669801 5266474))
31286;POLYGON((743808 5262349,800316 5262559,801024 5179178,743716 5178968,743808 5262349))
31287;POLYGON((619682 404172,676121 406562,680049 323300,622808 320876,619682 404172))
25833;POLYGON((594141 5261486,650624 5262668,652757 5179325,595473 5178141,594141 5261486))
25832;POLYGON((1045893 5286259,1102333 5291829,1110911 5208546,1053659 5202963,1045893 5286259))
