4326;POLYGON((15.75 49.0,16.5 49.0,16.5 48.25,15.75 48.25,15.75 49.0))
31254;POLYGON((396298 443302,451138 447499,457892 364158,402226 359947,396298 443302))
31255;POLYGON((176887 431959,231757 433977,235216 350590,179525 348566,176887 431959))
31256;POLYGON((-42590 429305,12288 429152,12467 345750,-43231 345903,-42590 429305))
31257;POLYGON((546298 443302,601138 447499,607892 364158,552226 359947,546298 443302))
31258;POLYGON((626887 431959,681757 433977,685216 350590,629525 348566,626887 431959))
31259;POLYGON((707409 429305,762288 429152,762467 345750,706768 345903,707409 429305))
31284;POLYGON((546298 5443302,601138 5447499,607892 5364158,552226 5359947,546298 5443302))
31285;POLYGON((626887 5431959,681757 5433977,685216 5350590,629525 5348566,626887 5431959))
31286;POLYGON((707409 5429305,762288 5429152,762467 5345750,706768 5345903,707409 5429305))
31287;POLYGON((576866 569557,631710 571526,635104 488204,579456 486206,576866 569557))
25833;POLYGON((554856 5427726,609712 5428539,611350 5345174,555675 5344359,554856 5427726))
25832;POLYGON((993551 5449444,1048348 5454614,1056575 5371338,1000949 5366150,993551 5449444))
