4326;POLYGON((16.0 47.75,16.75 47.75,16.75 47.0,16.0 47.0,16.0 47.75))
31254;POLYGON((424878 305722,481087 310124,487981 226784,430961 222372,424878 305722))
31255;POLYGON((200012 293590,256243 295800,259903 212428,202866 210213,200012 293590))
31256;POLYGON((-24907 290196,31332 290224,31775 206840,-25267 206812,-24907 290196))
31257;POLYGON((574878 305722,631087 310124,637981 226784,580961 222372,574878 305722))
31258;POLYGON((650012 293590,706243 295800,709903 212428,652866 210213,650012 293590))
31259;POLYGON((725092 290196,781332 290224,781775 206840,724732 206812,725092 290196))
31284;POLYGON((574878 5305722,631087 5310124,637981 5226784,580961 5222372,574878 5305722))
31285;POLYGON((650012 5293590,706243 5295800,709903 5212428,652866 5210213,650012 5293590))
31286;POLYGON((725092 5290196,781332 5290224,781775 5206840,724732 5206812,725092 5290196))
31287;POLYGON((599913 431266,656090 433465,659751 350188,602770 347959,599913 431266))
25833;POLYGON((574954 5288998,631169 5289997,633043 5206650,576025 5205649,574954 5288998))
25832;POLYGON((1024559 5312290,1080730 5317671,1089070 5234387,1032085 5228992,1024559 5312290))
