4326;POLYGON((16.0 49.5,16.75 49.5,16.75 48.75,16.0 48.75,16.0 49.5))
31254;POLYGON((410404 500208,464684 504575,471768 421241,416655 416857,410404 500208))
31255;POLYGON((193218 488170,247534 490363,251295 406974,196152 404773,193218 488170))
31256;POLYGON((-24050 484802,30276 484830,30732 401420,-24420 401392,-24050 484802))
31257;POLYGON((560404 500208,614684 504575,621768 421241,566655 416857,560404 500208))
31258;POLYGON((643218 488170,697534 490363,701295 406974,646152 404773,643218 488170))
31259;POLYGON((725949 484802,780276 484830,780732 401420,725579 401392,725949 484802))
31284;POLYGON((560404 5500208,614684 5504575,621768 5421241,566655 5416857,560404 5500208))
31285;POLYGON((643218 5488170,697534 5490363,701295 5406974,646152 5404773,643218 5488170))
31286;POLYGON((725949 5484802,780276 5484830,780732 5401420,725579 5401392,725949 5484802))
31287;POLYGON((593243 625737,647544 627861,651207 544526,596102 542370,593243 625737))
25833;POLYGON((572407 5483521,626710 5484512,628636 5401142,573507 5400147,572407 5483521))
25832;POLYGON((1006654 5506629,1060888 5511967,1069456 5428703,1014386 5423344,1006654 5506629))
