4326;POLYGON((16.0 50.0,16.75 50.0,16.75 49.25,16.0 49.25,16.0 50.0))
31254;POLYGON((406198 555775,459918 560129,467054 476797,412495 472424,406198 555775))
31255;POLYGON((191243 543773,245003 545960,248793 462566,194200 460370,191243 543773))
31256;POLYGON((-23801 540414,29970 540442,30429 457025,-24174 456997,-23801 540414))
31257;POLYGON((556198 555775,609918 560129,617054 476797,562495 472424,556198 555775))
31258;POLYGON((641243 543773,695003 545960,698793 462566,644200 460370,641243 543773))
31259;POLYGON((726198 540414,779970 540442,780429 457025,725825 456997,726198 540414))
31284;POLYGON((556198 5555775,609918 5560129,617054 5476797,562495 5472424,556198 5555775))
31285;POLYGON((641243 5543773,695003 5545960,698793 5462566,644200 5460370,641243 5543773))
31286;POLYGON((726198 5540414,779970 5540442,780429 5457025,725825 5456997,726198 5540414))
31287;POLYGON((591336 681341,645100 683445,648765 600078,594196 597943,591336 681341))
25833;POLYGON((571666 5539109,625414 5540098,627354 5456721,572775 5455728,571666 5539109))
25832;POLYGON((1001451 5562149,1055122 5567471,1063754 5484213,1009241 5478868,1001451 5562149))
