4326;POLYGON((16.0 48.25,16.75 48.25,16.75 47.5,16.0 47.5,16.0 48.25))
31254;POLYGON((420782 361290,476446 365683,483394 282344,426914 277939,420782 361290))
31255;POLYGON((198089 349180,253779 351386,257468 268009,200967 265797,198089 349180))
31256;POLYGON((-24664 345791,31033 345820,31480 262428,-25027 262400,-24664 345791))
31257;POLYGON((570782 361290,626446 365683,633394 282344,576914 277939,570782 361290))
31258;POLYGON((648089 349180,703779 351386,707468 268009,650967 265797,648089 349180))
31259;POLYGON((725335 345791,781033 345820,781480 262428,724972 262400,725335 345791))
31284;POLYGON((570782 5361290,626446 5365683,633394 5282344,576914 5277939,570782 5361290))
31285;POLYGON((648089 5349180,703779 5351386,707468 5268009,650967 5265797,648089 5349180))
31286;POLYGON((725335 5345791,781033 5345820,781480 5262428,724972 5262400,725335 5345791))
31287;POLYGON((598008 486813,653649 488990,657310 405705,600865 403496,598008 486813))
25833;POLYGON((574233 5344570,629907 5345567,631796 5262213,575313 5261214,574233 5344570))
25832;POLYGON((1019493 5367818,1075115 5373189,1083521 5289911,1027078 5284525,1019493 5367818))
