4326;POLYGON((15.75 49.5,16.5 49.5,16.5 48.75,15.75 48.75,15.75 49.5))
31254;POLYGON((392308 498873,446592 503058,453398 419718,398282 415517,392308 498873))
31255;POLYGON((175111 487560,229429 489572,232915 406180,177770 404160,175111 487560))
31256;POLYGON((-42160 484912,12167 484760,12348 401350,-42805 401503,-42160 484912))
31257;POLYGON((542308 498873,596592 503058,603398 419718,548282 415517,542308 498873))
31258;POLYGON((625111 487560,679429 489572,682915 406180,627770 404160,625111 487560))
31259;POLYGON((707839 484912,762167 484760,762348 401350,707194 401503,707839 484912))
31284;POLYGON((542308 5498873,596592 5503058,603398 5419718,548282 5415517,542308 5498873))
31285;POLYGON((625111 5487560,679429 5489572,682915 5406180,627770 5404160,625111 5487560))
31286;POLYGON((707839 5484912,762167 5484760,762348 5401350,707194 5401503,707839 5484912))
31287;POLYGON((575138 625145,629446 627095,632841 543748,577729 541770,575138 625145))
25833;POLYGON((554305 5483311,608609 5484122,610260 5400750,555130 5399936,554305 5483311))
25832;POLYGON((988573 5504971,1042811 5510127,1051101 5426856,996027 5421680,988573 5504971))
