4326;POLYGON((16.25 48.75,17.0 48.75,17.0 48.0,16.25 48.0,16.25 48.75))
31254;POLYGON((435027 418257,490137 422824,497415 339492,441481 334911,435027 418257))
31255;POLYGON((214534 405447,269675 407829,273667 324450,217707 322060,214534 405447))
31256;POLYGON((-6036 401341,49117 401550,49839 318152,-6129 317942,-6036 401341))
31257;POLYGON((585027 418257,640137 422824,647415 339492,591481 334911,585027 418257))
31258;POLYGON((664534 405447,719675 407829,723667 324450,667707 322060,664534 405447))
31259;POLYGON((743963 401341,799117 401550,799839 318152,743870 317942,743963 401341))
31284;POLYGON((585027 5418257,640137 5422824,647415 5339492,591481 5334911,585027 5418257))
31285;POLYGON((664534 5405447,719675 5407829,723667 5324450,667707 5322060,664534 5405447))
31286;POLYGON((743963 5401341,799117 5401550,799839 5318152,743870 5317942,743963 5401341))
31287;POLYGON((614473 543030,669571 545363,673501 462075,617599 459708,614473 543030))
25833;POLYGON((591883 5400418,647011 5401594,649187 5318235,593243 5317056,591883 5400418))
25832;POLYGON((1032744 5425070,1087810 5430612,1096557 5347346,1040664 5341785,1032744 5425070))
