4326;POLYGON((16.5 46.5,17.25 46.5,17.25 45.75,16.5 45.75,16.5 46.5))
31254;POLYGON((473345 169688,530898 174474,538183 91132,479834 86342,473345 169688))
31255;POLYGON((243129 156050,300696 158633,304807 75274,246450 72689,243129 156050))
31256;POLYGON((12876 151186,70449 151579,71407 68213,13048 67820,12876 151186))
31257;POLYGON((623345 169688,680898 174474,688183 91132,629834 86342,623345 169688))
31258;POLYGON((693129 156050,750696 158633,754807 75274,696450 72689,693129 156050))
31259;POLYGON((762876 151186,820449 151579,821407 68213,763048 67820,762876 151186))
31284;POLYGON((623345 5169688,680898 5174474,688183 5091132,629834 5086342,623345 5169688))
31285;POLYGON((693129 5156050,750696 5158633,754807 5075274,696450 5072689,693129 5156050))
31286;POLYGON((762876 5151186,820449 5151579,821407 5068213,763048 5067820,762876 5151186))
31287;POLYGON((643022 293860,700524 296481,704721 213225,646415 210567,643022 293860))
25833;POLYGON((615097 5150696,672644 5152062,675004 5068733,616670 5067365,615097 5150696))
25832;POLYGON((1075401 5176997,1132919 5182768,1141625 5099473,1083306 5093695,1075401 5176997))
