4326;POLYGON((16.5 48.5,17.25 48.5,17.25 47.75,16.5 47.75,16.5 48.5))
31254;POLYGON((455649 391938,511031 396693,518555 313365,462352 308596,455649 391938))
31255;POLYGON((234068 378385,289482 380951,293729 297577,237500 295003,234068 378385))
31256;POLYGON((12407 373549,67834 373940,68824 290546,12585 290154,12407 373549))
31257;POLYGON((605649 391938,661031 396693,668555 313365,612352 308596,605649 391938))
31258;POLYGON((684068 378385,739482 380951,743729 297577,687500 295003,684068 378385))
31259;POLYGON((762407 373549,817834 373940,818824 290546,762585 290154,762407 373549))
31284;POLYGON((605649 5391938,661031 5396693,668555 5313365,612352 5308596,605649 5391938))
31285;POLYGON((684068 5378385,739482 5380951,743729 5297577,687500 5295003,684068 5378385))
31286;POLYGON((762407 5373549,817834 5373940,818824 5290546,762585 5290154,762407 5373549))
31287;POLYGON((633973 515975,689331 518498,693529 435231,637367 432672,633973 515975))
25833;POLYGON((610806 5372962,666206 5374320,668645 5290966,612431 5289603,610806 5372962))
25832;POLYGON((1053843 5399097,1109181 5404830,1118171 5321567,1062007 5315816,1053843 5399097))
