4326;POLYGON((17.25 49.75,18.0 49.75,18.0 49.0,17.25 49.0,17.25 49.75))
31254;POLYGON((498298 535562,552276 540831,560783 457534,505967 452242,498298 535562))
31255;POLYGON((282292 519922,336318 523014,341480 439643,286622 436538,282292 519922))
31256;POLYGON((66157 512954,120205 513882,122044 430474,67167 429542,66157 512954))
31257;POLYGON((648298 535562,702276 540831,710783 457534,655967 452242,648298 535562))
31258;POLYGON((732292 519922,786318 523014,791480 439643,736622 436538,732292 519922))
31259;POLYGON((816157 512954,870205 513882,872044 430474,817167 429542,816157 512954))
31284;POLYGON((648298 5535562,702276 5540831,710783 5457534,655967 5452242,648298 5535562))
31285;POLYGON((732292 5519922,786318 5523014,791480 5439643,736622 5436538,732292 5519922))
31286;POLYGON((816157 5512954,870205 5513882,872044 5430474,817167 5429542,816157 5512954))
31287;POLYGON((682331 657349,736323 660332,741327 577052,686532 574025,682331 657349))
25833;POLYGON((662078 5513264,716097 5515154,719413 5431792,664564 5429895,662078 5513264))
25832;POLYGON((1093970 5543577,1147894 5549820,1157898 5466603,1103131 5460333,1093970 5543577))
