4326;POLYGON((17.5 47.75,18.25 47.75,18.25 47.0,17.5 47.0,17.5 47.75))
31254;POLYGON((537288 315077,593479 320582,602001 237266,544995 231748,537288 315077))
31255;POLYGON((312471 298557,368694 301861,373967 218502,316937 215190,312471 298557))
31256;POLYGON((87570 290797,143808 291916,145858 208535,88817 207414,87570 290797))
31257;POLYGON((687288 315077,743479 320582,752001 237266,694995 231748,687288 315077))
31258;POLYGON((762471 298557,818694 301861,823967 218502,766937 215190,762471 298557))
31259;POLYGON((837570 290797,893808 291916,895858 208535,838817 207414,837570 290797))
31284;POLYGON((687288 5315077,743479 5320582,752001 5237266,694995 5231748,687288 5315077))
31285;POLYGON((762471 5298557,818694 5301861,823967 5218502,766937 5215190,762471 5298557))
31286;POLYGON((837570 5290797,893808 5291916,895858 5208535,838817 5207414,837570 5290797))
31287;POLYGON((712244 436205,768368 439487,773636 356297,716708 352968,712244 436205))
25833;POLYGON((687382 5291541,743591 5293630,747074 5210291,690059 5208197,687382 5291541))
25832;POLYGON((1136890 5323607,1193038 5330097,1203015 5246842,1146047 5240336,1136890 5323607))
