4326;POLYGON((17.0 46.25,17.75 46.25,17.75 45.5,17.0 45.5,17.0 46.25))
31254;POLYGON((514064 145036,571880 150193,579664 66854,521054 61692,514064 145036))
31255;POLYGON((282795 129924,340625 132873,345243 49518,286626 46566,282795 129924))
31256;POLYGON((51491 123598,109327 124355,110803 40993,52184 40235,51491 123598))
31257;POLYGON((664064 145036,721880 150193,729664 66854,671054 61692,664064 145036))
31258;POLYGON((732795 129924,790625 132873,795243 49518,736626 46566,732795 129924))
31259;POLYGON((801491 123598,859327 124355,860803 40993,802184 40235,801491 123598))
31284;POLYGON((664064 5145036,721880 5150193,729664 5066854,671054 5061692,664064 5145036))
31285;POLYGON((732795 5129924,790625 5132873,795243 5049518,736626 5046566,732795 5129924))
31286;POLYGON((801491 5123598,859327 5124355,860803 5040993,802184 5040235,801491 5123598))
31287;POLYGON((682669 267791,740420 270796,745153 187562,686598 184516,682669 267791))
25833;POLYGON((654164 5123768,711974 5125500,714847 5042175,656253 5040442,654164 5123768))
25832;POLYGON((1116572 5153018,1174354 5159163,1183557 5075869,1124976 5069717,1116572 5153018))
