4326;POLYGON((17.25 46.5,18.0 46.5,18.0 45.75,17.25 45.75,17.25 46.5))
31254;POLYGON((530898 174474,588445 179813,596529 96478,538183 91132,530898 174474))
31255;POLYGON((300696 158633,358260 161764,363162 78409,304807 75274,300696 158633))
31256;POLYGON((70449 151579,128021 152519,129766 69154,71407 68213,70449 151579))
31257;POLYGON((680898 174474,738445 179813,746529 96478,688183 91132,680898 174474))
31258;POLYGON((750696 158633,808260 161764,813162 78409,754807 75274,750696 158633))
31259;POLYGON((820449 151579,878021 152519,879766 69154,821407 68213,820449 151579))
31284;POLYGON((680898 5174474,738445 5179813,746529 5096478,688183 5091132,680898 5174474))
31285;POLYGON((750696 5158633,808260 5161764,813162 5078409,754807 5075274,750696 5158633))
31286;POLYGON((820449 5151579,878021 5152519,879766 5069154,821407 5068213,820449 5151579))
31287;POLYGON((700524 296481,757997 299657,762998 216445,704721 213225,700524 296481))
25833;POLYGON((672644 5152062,730190 5153976,733338 5070649,675004 5068733,672644 5152062))
25832;POLYGON((1132919 5182768,1190431 5189096,1199940 5105810,1141625 5099473,1132919 5182768))
