4326;POLYGON((17.0 47.0,17.75 47.0,17.75 46.25,17.0 46.25,17.0 47.0))
31254;POLYGON((506986 228377,563998 233526,571880 150193,514064 145036,506986 228377))
31255;POLYGON((278915 213288,335947 216233,340625 132873,282795 129924,278915 213288))
31256;POLYGON((50789 206971,107831 207727,109327 124355,51491 123598,50789 206971))
31257;POLYGON((656986 228377,713998 233526,721880 150193,664064 145036,656986 228377))
31258;POLYGON((728915 213288,785947 216233,790625 132873,732795 129924,728915 213288))
31259;POLYGON((800789 206971,857831 207727,859327 124355,801491 123598,800789 206971))
31284;POLYGON((656986 5228377,713998 5233526,721880 5150193,664064 5145036,656986 5228377))
31285;POLYGON((728915 5213288,785947 5216233,790625 5132873,732795 5129924,728915 5213288))
31286;POLYGON((800789 5206971,857831 5207727,859327 5124355,801491 5123598,800789 5206971))
31287;POLYGON((678740 351054,735688 354016,740420 270796,682669 267791,678740 351054))
25833;POLYGON((652049 5207105,709064 5208834,711974 5125500,654164 5123768,652049 5207105))
25832;POLYGON((1108063 5236308,1165037 5242443,1174354 5159163,1116572 5153018,1108063 5236308))
