4326;POLYGON((17.0 48.0,17.75 48.0,17.75 47.25,17.0 47.25,17.0 48.0))
31254;POLYGON((497415 339492,553339 344624,561349 261301,504608 256156,497415 339492))
31255;POLYGON((273667 324450,329622 327386,334376 244021,277611 241077,273667 324450))
31256;POLYGON((49839 318152,105808 318906,107328 235520,50553 234764,49839 318152))
31257;POLYGON((647415 339492,703339 344624,711349 261301,654608 256156,647415 339492))
31258;POLYGON((723667 324450,779622 327386,784376 244021,727611 241077,723667 324450))
31259;POLYGON((799839 318152,855808 318906,857328 235520,800553 234764,799839 318152))
31284;POLYGON((647415 5339492,703339 5344624,711349 5261301,654608 5256156,647415 5339492))
31285;POLYGON((723667 5324450,779622 5327386,784376 5244021,727611 5241077,723667 5324450))
31286;POLYGON((799839 5318152,855808 5318906,857328 5235520,800553 5234764,799839 5318152))
31287;POLYGON((673501 462075,729378 464982,734110 381756,677430 378808,673501 462075))
25833;POLYGON((649187 5318235,705129 5319959,708086 5236614,651338 5234886,649187 5318235))
25832;POLYGON((1096557 5347346,1152439 5353460,1161906 5270200,1105204 5264070,1096557 5347346))
