4326;POLYGON((17.5 46.75,18.25 46.75,18.25 46.0,17.5 46.0,17.5 46.75))
31254;POLYGON((547543 203970,604819 209492,613205 126162,555125 120633,547543 203970))
31255;POLYGON((318414 187403,375711 190716,380898 107361,322806 104043,318414 187403))
31256;POLYGON((89229 179622,146536 180744,148552 97376,90455 96253,89229 179622))
31257;POLYGON((697543 203970,754819 209492,763205 126162,705125 120633,697543 203970))
31258;POLYGON((768414 187403,825711 190716,830898 107361,772806 104043,768414 187403))
31259;POLYGON((839229 179622,896536 180744,898552 97376,840455 96253,839229 179622))
31284;POLYGON((697543 5203970,754819 5209492,763205 5126162,705125 5120633,697543 5203970))
31285;POLYGON((768414 5187403,825711 5190716,830898 5107361,772806 5104043,768414 5187403))
31286;POLYGON((839229 5179622,896536 5180744,898552 5097376,840455 5096253,839229 5179622))
31287;POLYGON((718197 325223,775392 328568,780660 245377,722661 241985,718197 325223))
25833;POLYGON((690945 5180418,748225 5182513,751650 5099184,693578 5097086,690945 5180418))
25832;POLYGON((1149075 5212577,1206314 5219087,1216132 5135809,1158085 5129289,1149075 5212577))
