4326;POLYGON((17.25 47.0,18.0 47.0,18.0 46.25,17.25 46.25,17.25 47.0))
31254;POLYGON((525991 230032,583000 235365,591151 152036,533336 146694,525991 230032))
31255;POLYGON((297926 214209,354958 217337,359901 133979,302072 130846,297926 214209))
31256;POLYGON((69803 207162,126845 208101,128605 124729,70770 123789,69803 207162))
31257;POLYGON((675991 230032,733000 235365,741151 152036,683336 146694,675991 230032))
31258;POLYGON((747926 214209,804958 217337,809901 133979,752072 130846,747926 214209))
31259;POLYGON((819803 207162,876845 208101,878605 124729,820770 123789,819803 207162))
31284;POLYGON((675991 5230032,733000 5235365,741151 5152036,683336 5146694,675991 5230032))
31285;POLYGON((747926 5214209,804958 5217337,809901 5133979,752072 5130846,747926 5214209))
31286;POLYGON((819803 5207162,876845 5208101,878605 5124729,820770 5123789,819803 5207162))
31287;POLYGON((697726 351980,754664 355126,759664 271921,701923 268731,697726 351980))
25833;POLYGON((671054 5207621,728069 5209532,731244 5126199,673434 5124285,671054 5207621))
25832;POLYGON((1127055 5238291,1184027 5244612,1193614 5161336,1135833 5155005,1127055 5238291))
