4326;POLYGON((16.75 48.75,17.5 48.75,17.5 48.0,16.75 48.0,16.75 48.75))
31254;POLYGON((471768 421241,526870 426173,534699 342852,478771 337904,471768 421241))
31255;POLYGON((251295 406974,306433 409720,310971 326347,255014 323593,251295 406974))
31256;POLYGON((30732 401420,85885 401991,87152 318594,31183 318021,30732 401420))
31257;POLYGON((621768 421241,676870 426173,684699 342852,628771 337904,621768 421241))
31258;POLYGON((701295 406974,756433 409720,760971 326347,705014 323593,701295 406974))
31259;POLYGON((780732 401420,835885 401991,837152 318594,781183 318021,780732 401420))
31284;POLYGON((621768 5421241,676870 5426173,684699 5342852,628771 5337904,621768 5421241))
31285;POLYGON((701295 5406974,756433 5409720,760971 5326347,705014 5323593,701295 5406974))
31286;POLYGON((780732 5401420,835885 5401991,837152 5318594,781183 5318021,780732 5401420))
31287;POLYGON((651207 544526,706289 547214,710755 463953,654870 461226,651207 544526))
25833;POLYGON((628636 5401142,683762 5402680,686482 5319324,630540 5317781,628636 5401142))
25832;POLYGON((1069456 5428703,1124512 5434613,1133813 5351360,1077928 5345431,1069456 5428703))
