4326;POLYGON((17.0 49.5,17.75 49.5,17.75 48.75,17.0 48.75,17.0 49.5))
31254;POLYGON((482775 506151,537038 511246,545235 427939,490137 422824,482775 506151))
31255;POLYGON((265638 491215,319945 494131,324811 410756,269675 407829,265638 491215))
31256;POLYGON((48386 484959,102712 485708,104269 402302,49117 401550,48386 484959))
31257;POLYGON((632775 506151,687038 511246,695235 427939,640137 422824,632775 506151))
31258;POLYGON((715638 491215,769945 494131,774811 410756,719675 407829,715638 491215))
31259;POLYGON((798386 484959,852712 485708,854269 402302,799117 401550,798386 484959))
31284;POLYGON((632775 5506151,687038 5511246,695235 5427939,640137 5422824,632775 5506151))
31285;POLYGON((715638 5491215,769945 5494131,774811 5410756,719675 5407829,715638 5491215))
31286;POLYGON((798386 5484959,852712 5485708,854269 5402302,799117 5401550,798386 5484959))
31287;POLYGON((665639 628686,719908 631509,724644 548228,669571 545363,665639 628686))
25833;POLYGON((644810 5484963,699108 5486675,702136 5403313,647011 5401594,644810 5484963))
25832;POLYGON((1078962 5513868,1133174 5519937,1142861 5436706,1087810 5430612,1078962 5513868))
