4326;POLYGON((17.25 48.25,18.0 48.25,18.0 47.5,17.25 47.5,17.25 48.25))
31254;POLYGON((513549 368917,569195 374228,577511 290913,521044 285588,513549 368917))
31255;POLYGON((290903 353159,346584 356275,351628 272911,295134 269787,290903 353159))
31256;POLYGON((68165 346141,123862 347076,125659 263687,69152 262750,68165 346141))
31257;POLYGON((663549 368917,719195 374228,727511 290913,671044 285588,663549 368917))
31258;POLYGON((740903 353159,796584 356275,801628 272911,745134 269787,740903 353159))
31259;POLYGON((818165 346141,873862 347076,875659 263687,819152 262750,818165 346141))
31284;POLYGON((663549 5368917,719195 5374228,727511 5290913,671044 5285588,663549 5368917))
31285;POLYGON((740903 5353159,796584 5356275,801628 5272911,745134 5269787,740903 5353159))
31286;POLYGON((818165 5346141,873862 5347076,875659 5263687,819152 5262750,818165 5346141))
31287;POLYGON((690730 490740,746330 493812,751330 410596,694928 407480,690730 490740))
25833;POLYGON((667022 5346534,722691 5348438,725931 5265092,669451 5263183,667022 5346534))
25832;POLYGON((1112189 5377077,1167791 5383369,1177570 5300120,1121144 5293810,1112189 5377077))
