4326;POLYGON((17.25 49.25,18.0 49.25,18.0 48.5,17.25 48.5,17.25 49.25))
31254;POLYGON((503420 480016,557958 485301,566402 401997,511031 396693,503420 480016))
31255;POLYGON((285184 464332,339766 467433,344889 384064,289482 380951,285184 464332))
31256;POLYGON((66831 457345,121433 458276,123259 374874,67834 373940,66831 457345))
31257;POLYGON((653420 480016,707958 485301,716402 401997,661031 396693,653420 480016))
31258;POLYGON((735184 464332,789766 467433,794889 384064,739482 380951,735184 464332))
31259;POLYGON((816831 457345,871433 458276,873259 374874,817834 373940,816831 457345))
31284;POLYGON((653420 5480016,707958 5485301,716402 5401997,661031 5396693,653420 5480016))
31285;POLYGON((735184 5464332,789766 5467433,794889 5384064,739482 5380951,735184 5464332))
31286;POLYGON((816831 5457345,871433 5458276,873259 5374874,817834 5373940,816831 5457345))
31287;POLYGON((685132 601794,739660 604807,744663 521555,689331 518498,685132 601794))
25833;POLYGON((663739 5457683,718312 5459579,721603 5376222,666206 5374320,663739 5457683))
25832;POLYGON((1100088 5488082,1154576 5494343,1164506 5411115,1109181 5404830,1100088 5488082))
