4326;POLYGON((17.25 47.5,18.0 47.5,18.0 46.75,17.25 46.75,17.25 47.5))
31254;POLYGON((521044 285588,577511 290913,585728 207590,528449 202253,521044 285588))
31255;POLYGON((295134 269787,351628 272911,356612 189550,299314 186420,295134 269787))
31256;POLYGON((69152 262750,125659 263687,127434 180309,70127 179370,69152 262750))
31257;POLYGON((671044 285588,727511 290913,735728 207590,678449 202253,671044 285588))
31258;POLYGON((745134 269787,801628 272911,806612 189550,749314 186420,745134 269787))
31259;POLYGON((819152 262750,875659 263687,877434 180309,820127 179370,819152 262750))
31284;POLYGON((671044 5285588,727511 5290913,735728 5207590,678449 5202253,671044 5285588))
31285;POLYGON((745134 5269787,801628 5272911,806612 5189550,749314 5186420,745134 5269787))
31286;POLYGON((819152 5262750,875659 5263687,877434 5180309,820127 5179370,819152 5262750))
31287;POLYGON((694928 407480,751330 410596,756331 327392,699125 324231,694928 407480))
25833;POLYGON((669451 5263183,725931 5265092,729132 5181754,671851 5179841,669451 5263183))
25832;POLYGON((1121144 5293810,1177570 5300120,1187235 5216855,1129993 5210530,1121144 5293810))
