4326;POLYGON((16.75 50.25,17.5 50.25,17.5 49.5,16.75 49.5,16.75 50.25))
31254;POLYGON((457521 587906,510945 592796,518952 509487,464684 504575,457521 587906))
31255;POLYGON((243730 573759,297201 576482,301843 493098,247534 490363,243730 573759))
31256;POLYGON((29816 568250,83308 568816,84604 485399,30276 484830,29816 568250))
31257;POLYGON((607521 587906,660945 592796,668952 509487,614684 504575,607521 587906))
31258;POLYGON((693730 573759,747201 576482,751843 493098,697534 490363,693730 573759))
31259;POLYGON((779816 568250,833308 568816,834604 485399,780276 484830,779816 568250))
31284;POLYGON((607521 5587906,660945 5592796,668952 5509487,614684 5504575,607521 5587906))
31285;POLYGON((693730 5573759,747201 5576482,751843 5493098,697534 5490363,693730 5573759))
31286;POLYGON((779816 5568250,833308 5568816,834604 5485399,780276 5484830,779816 5568250))
31287;POLYGON((643878 711246,697351 713855,701822 630510,647544 627861,643878 711246))
25833;POLYGON((624762 5567892,678226 5569417,681010 5486044,626710 5484512,624762 5567892))
25832;POLYGON((1052224 5595222,1105594 5601080,1115106 5517853,1060888 5511967,1052224 5595222))
