4326;POLYGON((17.0 48.25,17.75 48.25,17.75 47.5,17.0 47.5,17.0 48.25))
31254;POLYGON((494998 367270,550648 372396,558689 289076,502219 283935,494998 367270))
31255;POLYGON((272341 352242,328024 355176,332797 271809,276301 268867,272341 352242))
31256;POLYGON((49599 345950,105297 346704,106823 263314,50316 262559,49599 345950))
31257;POLYGON((644998 367270,700648 372396,708689 289076,652219 283935,644998 367270))
31258;POLYGON((722341 352242,778024 355176,782797 271809,726301 268867,722341 352242))
31259;POLYGON((799599 345950,855297 346704,856823 263314,800316 262559,799599 345950))
31284;POLYGON((644998 5367270,700648 5372396,708689 5289076,652219 5283935,644998 5367270))
31285;POLYGON((722341 5352242,778024 5355176,782797 5271809,726301 5268867,722341 5352242))
31286;POLYGON((799599 5345950,855297 5346704,856823 5263314,800316 5262559,799599 5345950))
31287;POLYGON((672191 489835,727800 492728,732533 409497,676121 406562,672191 489835))
25833;POLYGON((648465 5346020,704135 5347743,707105 5264395,650624 5262668,648465 5346020))
25832;POLYGON((1093653 5375103,1149259 5381210,1158763 5297955,1102333 5291829,1093653 5375103))
