4326;POLYGON((16.75 50.0,17.5 50.0,17.5 49.25,16.75 49.25,16.75 50.0))
31254;POLYGON((459918 560129,513623 565027,521601 481716,467054 476797,459918 560129))
31255;POLYGON((245003 545960,298754 548687,303379 465305,248793 462566,245003 545960))
31256;POLYGON((29970 540442,83741 541009,85032 457595,30429 457025,29970 540442))
31257;POLYGON((609918 560129,663623 565027,671601 481716,617054 476797,609918 560129))
31258;POLYGON((695003 545960,748754 548687,753379 465305,698793 462566,695003 545960))
31259;POLYGON((779970 540442,833741 541009,835032 457595,780429 457025,779970 540442))
31284;POLYGON((609918 5560129,663623 5565027,671601 5481716,617054 5476797,609918 5560129))
31285;POLYGON((695003 5545960,748754 5548687,753379 5465305,698793 5462566,695003 5545960))
31286;POLYGON((779970 5540442,833741 5541009,835032 5457595,780429 5457025,779970 5540442))
31287;POLYGON((645100 683445,698842 686067,703311 602740,648765 600078,645100 683445))
25833;POLYGON((625414 5540098,679157 5541625,681930 5458255,627354 5456721,625414 5540098))
25832;POLYGON((1055122 5567471,1108776 5573339,1118253 5490108,1063754 5484213,1055122 5567471))
