4326;POLYGON((17.5 50.0,18.25 50.0,18.25 49.25,17.5 49.25,17.5 50.0))
31254;POLYGON((513623 565027,567313 570471,576134 487184,521601 481716,513623 565027))
31255;POLYGON((298754 548687,352497 551955,357958 468587,303379 465305,298754 548687))
31256;POLYGON((83741 541009,137510 542116,139634 458706,85032 457595,83741 541009))
31257;POLYGON((663623 565027,717313 570471,726134 487184,671601 481716,663623 565027))
31258;POLYGON((748754 548687,802497 551955,807958 468587,753379 465305,748754 548687))
31259;POLYGON((833741 541009,887510 542116,889634 458706,835032 457595,833741 541009))
31284;POLYGON((663623 5565027,717313 5570471,726134 5487184,671601 5481716,663623 5565027))
31285;POLYGON((748754 5548687,802497 5551955,807958 5468587,753379 5465305,748754 5548687))
31286;POLYGON((833741 5541009,887510 5542116,889634 5458706,835032 5457595,833741 5541009))
31287;POLYGON((698842 686067,752555 689208,757829 605928,703311 602740,698842 686067))
25833;POLYGON((679157 5541625,732896 5543693,736502 5460331,681930 5458255,679157 5541625))
25832;POLYGON((1108776 5573339,1162411 5579755,1172734 5496553,1118253 5490108,1108776 5573339))
