4326;POLYGON((17.5 48.5,18.25 48.5,18.25 47.75,17.5 47.75,17.5 48.5))
31254;POLYGON((529490 398400,584856 403888,593479 320582,537288 315077,529490 398400))
31255;POLYGON((307952 381928,363357 385223,368694 301861,312471 298557,307952 381928))
31256;POLYGON((86309 374191,141733 375306,143808 291916,87570 290797,86309 374191))
31257;POLYGON((679490 398400,734856 403888,743479 320582,687288 315077,679490 398400))
31258;POLYGON((757952 381928,813357 385223,818694 301861,762471 298557,757952 381928))
31259;POLYGON((836309 374191,891733 375306,893808 291916,837570 290797,836309 374191))
31284;POLYGON((679490 5398400,734856 5403888,743479 5320582,687288 5315077,679490 5398400))
31285;POLYGON((757952 5381928,813357 5385223,818694 5301861,762471 5298557,757952 5381928))
31286;POLYGON((836309 5374191,891733 5375306,893808 5291916,837570 5290797,836309 5374191))
31287;POLYGON((707778 519457,763099 522693,768368 439487,712244 436205,707778 519457))
25833;POLYGON((684672 5374893,740067 5376977,743591 5293630,687382 5291541,684672 5374893))
25832;POLYGON((1127624 5406864,1182944 5413334,1193038 5330097,1136890 5323607,1127624 5406864))
