4326;POLYGON((16.75 47.5,17.5 47.5,17.5 46.75,16.75 46.75,16.75 47.5))
31254;POLYGON((483394 282344,539867 287301,547543 203970,490260 199003,483394 282344))
31255;POLYGON((257468 268009,313966 270767,318414 187403,261113 184639,257468 268009))
31256;POLYGON((31480 262428,87988 263002,89229 179622,31921 179048,31480 262428))
31257;POLYGON((633394 282344,689867 287301,697543 203970,640260 199003,633394 282344))
31258;POLYGON((707468 268009,763966 270767,768414 187403,711113 184639,707468 268009))
31259;POLYGON((781480 262428,837988 263002,839229 179622,781921 179048,781480 262428))
31284;POLYGON((633394 5282344,689867 5287301,697543 5203970,640260 5199003,633394 5282344))
31285;POLYGON((707468 5268009,763966 5270767,768414 5187403,711113 5184639,707468 5268009))
31286;POLYGON((781480 5262428,837988 5263002,839229 5179622,781921 5179048,781480 5262428))
31287;POLYGON((657310 405705,713732 408458,718197 325223,660971 322431,657310 405705))
25833;POLYGON((631796 5262213,688278 5263759,690945 5180418,633662 5178870,631796 5262213))
25832;POLYGON((1083521 5289911,1139954 5295851,1149075 5212577,1091828 5206623,1083521 5289911))
