4326;POLYGON((16.75 48.5,17.5 48.5,17.5 47.75,16.75 47.75,16.75 48.5))
31254;POLYGON((474111 393462,529490 398400,537288 315077,481087 310124,474111 393462))
31255;POLYGON((252540 379180,307952 381928,312471 298557,256243 295800,252540 379180))
31256;POLYGON((30883 373619,86309 374191,87570 290797,31332 290224,30883 373619))
31257;POLYGON((624111 393462,679490 398400,687288 315077,631087 310124,624111 393462))
31258;POLYGON((702540 379180,757952 381928,762471 298557,706243 295800,702540 379180))
31259;POLYGON((780883 373619,836309 374191,837570 290797,781332 290224,780883 373619))
31284;POLYGON((624111 5393462,679490 5398400,687288 5315077,631087 5310124,624111 5393462))
31285;POLYGON((702540 5379180,757952 5381928,762471 5298557,706243 5295800,702540 5379180))
31286;POLYGON((780883 5373619,836309 5374191,837570 5290797,781332 5290224,780883 5373619))
31287;POLYGON((652428 516756,707778 519457,712244 436205,656090 433465,652428 516756))
25833;POLYGON((629273 5373354,684672 5374893,687382 5291541,631169 5289997,629273 5373354))
25832;POLYGON((1072291 5400947,1127624 5406864,1136890 5323607,1080730 5317671,1072291 5400947))
