4326;POLYGON((16.75 48.0,17.5 48.0,17.5 47.25,16.75 47.25,16.75 48.0))
31254;POLYGON((478771 337904,534699 342852,542436 259525,485692 254564,478771 337904))
31255;POLYGON((255014 323593,310971 326347,315454 242979,258688 240218,255014 323593))
31256;POLYGON((31183 318021,87152 318594,88403 235208,31628 234633,31183 318021))
31257;POLYGON((628771 337904,684699 342852,692436 259525,635692 254564,628771 337904))
31258;POLYGON((705014 323593,760971 326347,765454 242979,708688 240218,705014 323593))
31259;POLYGON((781183 318021,837152 318594,838403 235208,781628 234633,781183 318021))
31284;POLYGON((628771 5337904,684699 5342852,692436 5259525,635692 5254564,628771 5337904))
31285;POLYGON((705014 5323593,760971 5326347,765454 5242979,708688 5240218,705014 5323593))
31286;POLYGON((781183 5318021,837152 5318594,838403 5235208,781628 5234633,781183 5318021))
31287;POLYGON((654870 461226,710755 463953,715220 380713,658531 377946,654870 461226))
25833;POLYGON((630540 5317781,686482 5319324,689170 5235977,632421 5234431,630540 5317781))
25832;POLYGON((1077928 5345431,1133813 5351360,1143006 5268095,1086301 5262149,1077928 5345431))
