4326;POLYGON((17.25 47.75,18.0 47.75,18.0 47.0,17.25 47.0,17.25 47.75))
31254;POLYGON((518555 313365,574750 318685,583000 235365,525991 230032,518555 313365))
31255;POLYGON((293729 297577,349953 300698,354958 217337,297926 214209,293729 297577))
31256;POLYGON((68824 290546,125062 291482,126845 208101,69803 207162,68824 290546))
31257;POLYGON((668555 313365,724750 318685,733000 235365,675991 230032,668555 313365))
31258;POLYGON((743729 297577,799953 300698,804958 217337,747926 214209,743729 297577))
31259;POLYGON((818824 290546,875062 291482,876845 208101,819803 207162,818824 290546))
31284;POLYGON((668555 5313365,724750 5318685,733000 5235365,675991 5230032,668555 5313365))
31285;POLYGON((743729 5297577,799953 5300698,804958 5217337,747926 5214209,743729 5297577))
31286;POLYGON((818824 5290546,875062 5291482,876845 5208101,819803 5207162,818824 5290546))
31287;POLYGON((693529 435231,749664 438333,754664 355126,697726 351980,693529 435231))
25833;POLYGON((668645 5290966,724855 5292873,728069 5209532,671054 5207621,668645 5290966))
25832;POLYGON((1118171 5321567,1174323 5327872,1184027 5244612,1127055 5238291,1118171 5321567))
