4326;POLYGON((16.75 47.0,17.5 47.0,17.5 46.25,16.75 46.25,16.75 47.0))
31254;POLYGON((487981 226784,544995 231748,552608 148413,494791 143441,487981 226784))
31255;POLYGON((259903 212428,316937 215190,321348 131829,263518 129063,259903 212428))
31256;POLYGON((31775 206840,88817 207414,90048 124042,32213 123467,31775 206840))
31257;POLYGON((637981 226784,694995 231748,702608 148413,644791 143441,637981 226784))
31258;POLYGON((709903 212428,766937 215190,771348 131829,713518 129063,709903 212428))
31259;POLYGON((781775 206840,838817 207414,840048 124042,782213 123467,781775 206840))
31284;POLYGON((637981 5226784,694995 5231748,702608 5148413,644791 5143441,637981 5226784))
31285;POLYGON((709903 5212428,766937 5215190,771348 5131829,713518 5129063,709903 5212428))
31286;POLYGON((781775 5206840,838817 5207414,840048 5124042,782213 5123467,781775 5206840))
31287;POLYGON((659751 350188,716708 352968,721173 269732,663412 266913,659751 350188))
25833;POLYGON((633043 5206650,690059 5208197,692704 5124862,634894 5123313,633043 5206650))
25832;POLYGON((1089070 5234387,1146047 5240336,1155094 5157053,1097310 5151093,1089070 5234387))
