4326;POLYGON((17.25 48.5,18.0 48.5,18.0 47.75,17.25 47.75,17.25 48.5))
31254;POLYGON((511031 396693,566402 401997,574750 318685,518555 313365,511031 396693))
31255;POLYGON((289482 380951,344889 384064,349953 300698,293729 297577,289482 380951))
31256;POLYGON((67834 373940,123259 374874,125062 291482,68824 290546,67834 373940))
31257;POLYGON((661031 396693,716402 401997,724750 318685,668555 313365,661031 396693))
31258;POLYGON((739482 380951,794889 384064,799953 300698,743729 297577,739482 380951))
31259;POLYGON((817834 373940,873259 374874,875062 291482,818824 290546,817834 373940))
31284;POLYGON((661031 5396693,716402 5401997,724750 5318685,668555 5313365,661031 5396693))
31285;POLYGON((739482 5380951,794889 5384064,799953 5300698,743729 5297577,739482 5380951))
31286;POLYGON((817834 5373940,873259 5374874,875062 5291482,818824 5290546,817834 5373940))
31287;POLYGON((689331 518498,744663 521555,749664 438333,693529 435231,689331 518498))
25833;POLYGON((666206 5374320,721603 5376222,724855 5292873,668645 5290966,666206 5374320))
25832;POLYGON((1109181 5404830,1164506 5411115,1174323 5327872,1118171 5321567,1109181 5404830))
