4326;POLYGON((17.5 47.5,18.25 47.5,18.25 46.75,17.5 46.75,17.5 47.5))
31254;POLYGON((539867 287301,596331 292811,604819 209492,547543 203970,539867 287301))
31255;POLYGON((313966 270767,370459 274074,375711 190716,318414 187403,313966 270767))
31256;POLYGON((87988 263002,144494 264121,146536 180744,89229 179622,87988 263002))
31257;POLYGON((689867 287301,746331 292811,754819 209492,697543 203970,689867 287301))
31258;POLYGON((763966 270767,820459 274074,825711 190716,768414 187403,763966 270767))
31259;POLYGON((837988 263002,894494 264121,896536 180744,839229 179622,837988 263002))
31284;POLYGON((689867 5287301,746331 5292811,754819 5209492,697543 5203970,689867 5287301))
31285;POLYGON((763966 5270767,820459 5274074,825711 5190716,768414 5187403,763966 5270767))
31286;POLYGON((837988 5263002,894494 5264121,896536 5180744,839229 5179622,837988 5263002))
31287;POLYGON((713732 408458,770124 411756,775392 328568,718197 325223,713732 408458))
25833;POLYGON((688278 5263759,744757 5265850,748225 5182513,690945 5180418,688278 5263759))
25832;POLYGON((1139954 5295851,1196377 5302347,1206314 5219087,1149075 5212577,1139954 5295851))
