4326;POLYGON((17.25 46.75,18.0 46.75,18.0 46.0,17.25 46.0,17.25 46.75))
31254;POLYGON((528449 202253,585728 207590,593845 124258,535765 118913,528449 202253))
31255;POLYGON((299314 186420,356612 189550,361535 106194,303442 103060,299314 186420))
31256;POLYGON((70127 179370,127434 180309,129187 96941,71089 96001,70127 179370))
31257;POLYGON((678449 202253,735728 207590,743845 124258,685765 118913,678449 202253))
31258;POLYGON((749314 186420,806612 189550,811535 106194,753442 103060,749314 186420))
31259;POLYGON((820127 179370,877434 180309,879187 96941,821089 96001,820127 179370))
31284;POLYGON((678449 5202253,735728 5207590,743845 5124258,685765 5118913,678449 5202253))
31285;POLYGON((749314 5186420,806612 5189550,811535 5106194,753442 5103060,749314 5186420))
31286;POLYGON((820127 5179370,877434 5180309,879187 5096941,821089 5096001,820127 5179370))
31287;POLYGON((699125 324231,756331 327392,761331 244184,703322 240979,699125 324231))
25833;POLYGON((671851 5179841,729132 5181754,732293 5098424,674221 5096508,671851 5179841))
25832;POLYGON((1129993 5210530,1187235 5216855,1196784 5133574,1138735 5127240,1129993 5210530))
