4326;POLYGON((16.75 48.25,17.5 48.25,17.5 47.5,16.75 47.5,16.75 48.25))
31254;POLYGON((476446 365683,532099 370626,539867 287301,483394 282344,476446 365683))
31255;POLYGON((253779 351386,309464 354137,313966 270767,257468 268009,253779 351386))
31256;POLYGON((31033 345820,86731 346392,87988 263002,31480 262428,31033 345820))
31257;POLYGON((626446 365683,682099 370626,689867 287301,633394 282344,626446 365683))
31258;POLYGON((703779 351386,759464 354137,763966 270767,707468 268009,703779 351386))
31259;POLYGON((781033 345820,836731 346392,837988 263002,781480 262428,781033 345820))
31284;POLYGON((626446 5365683,682099 5370626,689867 5287301,633394 5282344,626446 5365683))
31285;POLYGON((703779 5351386,759464 5354137,763966 5270767,707468 5268009,703779 5351386))
31286;POLYGON((781033 5345820,836731 5346392,837988 5263002,781480 5262428,781033 5345820))
31287;POLYGON((653649 488990,709267 491704,713732 408458,657310 405705,653649 488990))
25833;POLYGON((629907 5345567,685579 5347108,688278 5263759,631796 5262213,629907 5345567))
25832;POLYGON((1075115 5373189,1130725 5379113,1139954 5295851,1083521 5289911,1075115 5373189))
