4326;POLYGON((17.0 50.0,17.75 50.0,17.75 49.25,17.0 49.25,17.0 50.0))
31254;POLYGON((477821 561701,531522 566781,539780 483478,485238 478376,477821 561701))
31255;POLYGON((262921 546809,316670 549716,321573 466339,266989 463419,262921 546809))
31256;POLYGON((47894 540571,101664 541318,103233 457905,48630 457155,47894 540571))
31257;POLYGON((627821 561701,681522 566781,689780 483478,635238 478376,627821 561701))
31258;POLYGON((712921 546809,766670 549716,771573 466339,716989 463419,712921 546809))
31259;POLYGON((797894 540571,851664 541318,853233 457905,798630 457155,797894 540571))
31284;POLYGON((627821 5561701,681522 5566781,689780 5483478,635238 5478376,627821 5561701))
31285;POLYGON((712921 5546809,766670 5549716,771573 5466339,716989 5463419,712921 5546809))
31286;POLYGON((797894 5540571,851664 5541318,853233 5457905,798630 5457155,797894 5540571))
31287;POLYGON((663017 684261,716749 687057,721487 603744,666950 600907,663017 684261))
25833;POLYGON((643329 5540547,697071 5542254,700122 5458887,645547 5457172,643329 5540547))
25832;POLYGON((1073009 5569366,1126657 5575417,1136415 5492195,1081922 5486117,1073009 5569366))
