4326;POLYGON((17.25 50.25,18.0 50.25,18.0 49.5,17.25 49.5,17.25 50.25))
31254;POLYGON((493139 591106,546551 596358,555122 513066,500864 507789,493139 591106))
31255;POLYGON((279378 575514,332844 578597,338045 495223,283741 492126,279378 575514))
31256;POLYGON((65477 568568,118967 569493,120820 486078,66495 485149,65477 568568))
31257;POLYGON((643139 591106,696551 596358,705122 513066,650864 507789,643139 591106))
31258;POLYGON((729378 575514,782844 578597,788045 495223,733741 492126,729378 575514))
31259;POLYGON((815477 568568,868967 569493,870820 486078,816495 485149,815477 568568))
31284;POLYGON((643139 5591106,696551 5596358,705122 5513066,650864 5507789,643139 5591106))
31285;POLYGON((729378 5575514,782844 5578597,788045 5495223,733741 5492126,729378 5575514))
31286;POLYGON((815477 5568568,868967 5569493,870820 5486078,816495 5485149,815477 5568568))
31287;POLYGON((679530 712928,732985 715882,737991 632567,683732 629569,679530 712928))
25833;POLYGON((660405 5568849,713866 5570734,717207 5487366,662910 5485473,660405 5568849))
25832;POLYGON((1087806 5599067,1141164 5605289,1151241 5522083,1097035 5515830,1087806 5599067))
