4326;POLYGON((17.0 49.25,17.75 49.25,17.75 48.5,17.0 48.5,17.0 49.25))
31254;POLYGON((485238 478376,539780 483478,547947 400168,492572 395047,485238 478376))
31255;POLYGON((266989 463419,321573 466339,326421 382966,271011 380035,266989 463419))
31256;POLYGON((48630 457155,103233 457905,104784 374502,49358 373749,48630 457155))
31257;POLYGON((635238 478376,689780 483478,697947 400168,642572 395047,635238 478376))
31258;POLYGON((716989 463419,771573 466339,776421 382966,721011 380035,716989 463419))
31259;POLYGON((798630 457155,853233 457905,854784 374502,799358 373749,798630 457155))
31284;POLYGON((635238 5478376,689780 5483478,697947 5400168,642572 5395047,635238 5478376))
31285;POLYGON((716989 5463419,771573 5466339,776421 5382966,721011 5380035,716989 5463419))
31286;POLYGON((798630 5457155,853233 5457905,854784 5374502,799358 5373749,798630 5457155))
31287;POLYGON((666950 600907,721487 603744,726222 520476,670881 517597,666950 600907))
25833;POLYGON((645547 5457172,700122 5458887,703138 5375528,647740 5373807,645547 5457172))
25832;POLYGON((1081922 5486117,1136415 5492195,1146066 5408959,1090737 5402858,1081922 5486117))
