4326;POLYGON((17.25 46.25,18.0 46.25,18.0 45.5,17.25 45.5,17.25 46.25))
31254;POLYGON((533336 146694,591151 152036,599201 68698,540591 63351,533336 146694))
31255;POLYGON((302072 130846,359901 133979,364782 50625,306165 47489,302072 130846))
31256;POLYGON((70770 123789,128605 124729,130343 41368,71724 40427,70770 123789))
31257;POLYGON((683336 146694,741151 152036,749201 68698,690591 63351,683336 146694))
31258;POLYGON((752072 130846,809901 133979,814782 50625,756165 47489,752072 130846))
31259;POLYGON((820770 123789,878605 124729,880343 41368,821724 40427,820770 123789))
31284;POLYGON((683336 5146694,741151 5152036,749201 5068698,690591 5063351,683336 5146694))
31285;POLYGON((752072 5130846,809901 5133979,814782 5050625,756165 5047489,752072 5130846))
31286;POLYGON((820770 5123789,878605 5124729,880343 5041368,821724 5040427,820770 5123789))
31287;POLYGON((701923 268731,759664 271921,764665 188703,706120 185468,701923 268731))
25833;POLYGON((673434 5124285,731244 5126199,734378 5042875,675784 5040958,673434 5124285))
25832;POLYGON((1135833 5155005,1193614 5161336,1203084 5078044,1144503 5071706,1135833 5155005))
