4326;POLYGON((17.0 47.25,17.75 47.25,17.75 46.5,17.0 46.5,17.0 47.25))
31254;POLYGON((504608 256156,561349 261301,569263 177972,511714 172817,504608 256156))
31255;POLYGON((277611 241077,334376 244021,339072 160660,281507 157711,277611 241077))
31256;POLYGON((50553 234764,107328 235520,108830 152145,51258 151387,50553 234764))
31257;POLYGON((654608 256156,711349 261301,719263 177972,661714 172817,654608 256156))
31258;POLYGON((727611 241077,784376 244021,789072 160660,731507 157711,727611 241077))
31259;POLYGON((800553 234764,857328 235520,858830 152145,801258 151387,800553 234764))
31284;POLYGON((654608 5256156,711349 5261301,719263 5177972,661714 5172817,654608 5256156))
31285;POLYGON((727611 5241077,784376 5244021,789072 5160660,731507 5157711,727611 5241077))
31286;POLYGON((800553 5234764,857328 5235520,858830 5152145,801258 5151387,800553 5234764))
31287;POLYGON((677430 378808,734110 381756,738843 298537,681359 295546,677430 378808))
25833;POLYGON((651338 5234886,708086 5236614,711008 5153277,653462 5151546,651338 5234886))
25832;POLYGON((1105204 5264070,1161906 5270200,1171261 5186925,1113747 5180783,1105204 5264070))
