4326;POLYGON((16.75 46.75,17.5 46.75,17.5 46.0,16.75 46.0,16.75 46.75))
31254;POLYGON((490260 199003,547543 203970,555125 120633,497042 115659,490260 199003))
31255;POLYGON((261113 184639,318414 187403,322806 104043,264713 101276,261113 184639))
31256;POLYGON((31921 179048,89229 179622,90455 96253,32357 95678,31921 179048))
31257;POLYGON((640260 199003,697543 203970,705125 120633,647042 115659,640260 199003))
31258;POLYGON((711113 184639,768414 187403,772806 104043,714713 101276,711113 184639))
31259;POLYGON((781921 179048,839229 179622,840455 96253,782357 95678,781921 179048))
31284;POLYGON((640260 5199003,697543 5203970,705125 5120633,647042 5115659,640260 5199003))
31285;POLYGON((711113 5184639,768414 5187403,772806 5104043,714713 5101276,711113 5184639))
31286;POLYGON((781921 5179048,839229 5179622,840455 5096253,782357 5095678,781921 5179048))
31287;POLYGON((660971 322431,718197 325223,722661 241985,664633 239153,660971 322431))
25833;POLYGON((633662 5178870,690945 5180418,693578 5097086,635505 5095536,633662 5178870))
25832;POLYGON((1091828 5206623,1149075 5212577,1158085 5129289,1100034 5123327,1091828 5206623))
