4326;POLYGON((17.25 49.0,18.0 49.0,18.0 48.25,17.25 48.25,17.25 49.0))
31254;POLYGON((505967 452242,560783 457534,569195 374228,513549 368917,505967 452242))
31255;POLYGON((286622 436538,341480 439643,346584 356275,290903 353159,286622 436538))
31256;POLYGON((67167 429542,122044 430474,123862 347076,68165 346141,67167 429542))
31257;POLYGON((655967 452242,710783 457534,719195 374228,663549 368917,655967 452242))
31258;POLYGON((736622 436538,791480 439643,796584 356275,740903 353159,736622 436538))
31259;POLYGON((817167 429542,872044 430474,873862 347076,818165 346141,817167 429542))
31284;POLYGON((655967 5452242,710783 5457534,719195 5374228,663549 5368917,655967 5452242))
31285;POLYGON((736622 5436538,791480 5439643,796584 5356275,740903 5353159,736622 5436538))
31286;POLYGON((817167 5429542,872044 5430474,873862 5347076,818165 5346141,817167 5429542))
31287;POLYGON((686532 574025,741327 577052,746330 493812,690730 490740,686532 574025))
25833;POLYGON((664564 5429895,719413 5431792,722691 5348438,667022 5346534,664564 5429895))
25832;POLYGON((1103131 5460333,1157898 5466603,1167791 5383369,1112189 5377077,1103131 5460333))
