4326;POLYGON((16.75 47.75,17.5 47.75,17.5 47.0,16.75 47.0,16.75 47.75))
31254;POLYGON((481087 310124,537288 315077,544995 231748,487981 226784,481087 310124))
31255;POLYGON((256243 295800,312471 298557,316937 215190,259903 212428,256243 295800))
31256;POLYGON((31332 290224,87570 290797,88817 207414,31775 206840,31332 290224))
31257;POLYGON((631087 310124,687288 315077,694995 231748,637981 226784,631087 310124))
31258;POLYGON((706243 295800,762471 298557,766937 215190,709903 212428,706243 295800))
31259;POLYGON((781332 290224,837570 290797,838817 207414,781775 206840,781332 290224))
31284;POLYGON((631087 5310124,687288 5315077,694995 5231748,637981 5226784,631087 5310124))
31285;POLYGON((706243 5295800,762471 5298557,766937 5215190,709903 5212428,706243 5295800))
31286;POLYGON((781332 5290224,837570 5290797,838817 5207414,781775 5206840,781332 5290224))
31287;POLYGON((656090 433465,712244 436205,716708 352968,659751 350188,656090 433465))
25833;POLYGON((631169 5289997,687382 5291541,690059 5208197,633043 5206650,631169 5289997))
25832;POLYGON((1080730 5317671,1136890 5323607,1146047 5240336,1089070 5234387,1080730 5317671))
