4326;POLYGON((17.0 49.0,17.75 49.0,17.75 48.25,17.0 48.25,17.0 49.0))
31254;POLYGON((487692 450600,542513 455709,550648 372396,494998 367270,487692 450600))
31255;POLYGON((268335 435624,323195 438547,328024 355176,272341 352242,268335 435624))
31256;POLYGON((48874 429352,103752 430103,105297 346704,49599 345950,48874 429352))
31257;POLYGON((637692 450600,692513 455709,700648 372396,644998 367270,637692 450600))
31258;POLYGON((718335 435624,773195 438547,778024 355176,722341 352242,718335 435624))
31259;POLYGON((798874 429352,853752 430103,855297 346704,799599 345950,798874 429352))
31284;POLYGON((637692 5450600,692513 5455709,700648 5372396,644998 5367270,637692 5450600))
31285;POLYGON((718335 5435624,773195 5438547,778024 5355176,722341 5352242,718335 5435624))
31286;POLYGON((798874 5429352,853752 5430103,855297 5346704,799599 5345950,798874 5429352))
31287;POLYGON((668261 573133,723066 575984,727800 492728,672191 489835,668261 573133))
25833;POLYGON((646280 5429382,701131 5431099,704135 5347743,648465 5346020,646280 5429382))
25832;POLYGON((1084872 5458365,1139644 5464451,1149259 5381210,1093653 5375103,1084872 5458365))
