4326;POLYGON((17.5 48.25,18.25 48.25,18.25 47.5,17.5 47.5,17.5 48.25))
31254;POLYGON((532099 370626,587742 376120,596331 292811,539867 287301,532099 370626))
31255;POLYGON((309464 354137,365143 357435,370459 274074,313966 270767,309464 354137))
31256;POLYGON((86731 346392,142427 347508,144494 264121,87988 263002,86731 346392))
31257;POLYGON((682099 370626,737742 376120,746331 292811,689867 287301,682099 370626))
31258;POLYGON((759464 354137,815143 357435,820459 274074,763966 270767,759464 354137))
31259;POLYGON((836731 346392,892427 347508,894494 264121,837988 263002,836731 346392))
31284;POLYGON((682099 5370626,737742 5376120,746331 5292811,689867 5287301,682099 5370626))
31285;POLYGON((759464 5354137,815143 5357435,820459 5274074,763966 5270767,759464 5354137))
31286;POLYGON((836731 5346392,892427 5347508,894494 5264121,837988 5263002,836731 5346392))
31287;POLYGON((709267 491704,764856 494955,770124 411756,713732 408458,709267 491704))
25833;POLYGON((685579 5347108,741247 5349194,744757 5265850,688278 5263759,685579 5347108))
25832;POLYGON((1130725 5379113,1186321 5385590,1196377 5302347,1139954 5295851,1130725 5379113))
