4326;POLYGON((17.5 49.25,18.25 49.25,18.25 48.5,17.5 48.5,17.5 49.25))
31254;POLYGON((521601 481716,576134 487184,584856 403888,529490 398400,521601 481716))
31255;POLYGON((303379 465305,357958 468587,363357 385223,307952 381928,303379 465305))
31256;POLYGON((85032 457595,139634 458706,141733 375306,86309 374191,85032 457595))
31257;POLYGON((671601 481716,726134 487184,734856 403888,679490 398400,671601 481716))
31258;POLYGON((753379 465305,807958 468587,813357 385223,757952 381928,753379 465305))
31259;POLYGON((835032 457595,889634 458706,891733 375306,836309 374191,835032 457595))
31284;POLYGON((671601 5481716,726134 5487184,734856 5403888,679490 5398400,671601 5481716))
31285;POLYGON((753379 5465305,807958 5468587,813357 5385223,757952 5381928,753379 5465305))
31286;POLYGON((835032 5457595,889634 5458706,891733 5375306,836309 5374191,835032 5457595))
31287;POLYGON((703311 602740,757829 605928,763099 522693,707778 519457,703311 602740))
25833;POLYGON((681930 5458255,736502 5460331,740067 5376977,684672 5374893,681930 5458255))
25832;POLYGON((1118253 5490108,1172734 5496553,1182944 5413334,1127624 5406864,1118253 5490108))
