4326;POLYGON((16.75 49.25,17.5 49.25,17.5 48.5,16.75 48.5,16.75 49.25))
31254;POLYGON((467054 476797,521601 481716,529490 398400,474111 393462,467054 476797))
31255;POLYGON((248793 462566,303379 465305,307952 381928,252540 379180,248793 462566))
31256;POLYGON((30429 457025,85032 457595,86309 374191,30883 373619,30429 457025))
31257;POLYGON((617054 476797,671601 481716,679490 398400,624111 393462,617054 476797))
31258;POLYGON((698793 462566,753379 465305,757952 381928,702540 379180,698793 462566))
31259;POLYGON((780429 457025,835032 457595,836309 374191,780883 373619,780429 457025))
31284;POLYGON((617054 5476797,671601 5481716,679490 5398400,624111 5393462,617054 5476797))
31285;POLYGON((698793 5462566,753379 5465305,757952 5381928,702540 5379180,698793 5462566))
31286;POLYGON((780429 5457025,835032 5457595,836309 5374191,780883 5373619,780429 5457025))
31287;POLYGON((648765 600078,703311 602740,707778 519457,652428 516756,648765 600078))
25833;POLYGON((627354 5456721,681930 5458255,684672 5374893,629273 5373354,627354 5456721))
25832;POLYGON((1063754 5484213,1118253 5490108,1127624 5406864,1072291 5400947,1063754 5484213))
