4326;POLYGON((17.25 47.25,18.0 47.25,18.0 46.5,17.25 46.5,17.25 47.25))
31254;POLYGON((523522 257810,580261 263139,588445 179813,530898 174474,523522 257810))
31255;POLYGON((296533 241997,353296 245124,358260 161764,300696 158633,296533 241997))
31256;POLYGON((69478 234956,126253 235894,128021 152519,70449 151579,69478 234956))
31257;POLYGON((673522 257810,730261 263139,738445 179813,680898 174474,673522 257810))
31258;POLYGON((746533 241997,803296 245124,808260 161764,750696 158633,746533 241997))
31259;POLYGON((819478 234956,876253 235894,878021 152519,820449 151579,819478 234956))
31284;POLYGON((673522 5257810,730261 5263139,738445 5179813,680898 5174474,673522 5257810))
31285;POLYGON((746533 5241997,803296 5245124,808260 5161764,750696 5158633,746533 5241997))
31286;POLYGON((819478 5234956,876253 5235894,878021 5152519,820449 5151579,819478 5234956))
31287;POLYGON((696327 379730,752997 382861,757997 299657,700524 296481,696327 379730))
25833;POLYGON((670254 5235401,727002 5237312,730190 5153976,672644 5152062,670254 5235401))
25832;POLYGON((1124106 5266051,1180805 5272367,1190431 5189096,1132919 5182768,1124106 5266051))
