4326;POLYGON((17.0 49.75,17.75 49.75,17.75 49.0,17.0 49.0,17.0 49.75))
31254;POLYGON((480303 533927,534285 539014,542513 455709,487692 450600,480303 533927))
31255;POLYGON((264282 519011,318310 521923,323195 438547,268335 435624,264282 519011))
31256;POLYGON((48140 512765,102189 513513,103752 430103,48874 429352,48140 512765))
31257;POLYGON((630303 533927,684285 539014,692513 455709,637692 450600,630303 533927))
31258;POLYGON((714282 519011,768310 521923,773195 438547,718335 435624,714282 519011))
31259;POLYGON((798140 512765,852189 513513,853752 430103,798874 429352,798140 512765))
31284;POLYGON((630303 5533927,684285 5539014,692513 5455709,637692 5450600,630303 5533927))
31285;POLYGON((714282 5519011,768310 5521923,773195 5438547,718335 5435624,714282 5519011))
31286;POLYGON((798140 5512765,852189 5513513,853752 5430103,798874 5429352,798140 5512765))
31287;POLYGON((664328 656471,718329 659280,723066 575984,668261 573133,664328 656471))
25833;POLYGON((644071 5512754,698092 5514464,701131 5431099,646280 5429382,644071 5512754))
25832;POLYGON((1075991 5541618,1129921 5547678,1139644 5464451,1084872 5458365,1075991 5541618))
