4326;POLYGON((17.5 46.25,18.25 46.25,18.25 45.5,17.5 45.5,17.5 46.25))
31254;POLYGON((552608 148413,610421 153940,618737 70604,560128 65072,552608 148413))
31255;POLYGON((321348 131829,379176 135145,384320 51792,325704 48473,321348 131829))
31256;POLYGON((90048 124042,147883 125164,149883 41803,91264 40680,90048 124042))
31257;POLYGON((702608 148413,760421 153940,768737 70604,710128 65072,702608 148413))
31258;POLYGON((771348 131829,829176 135145,834320 51792,775704 48473,771348 131829))
31259;POLYGON((840048 124042,897883 125164,899883 41803,841264 40680,840048 124042))
31284;POLYGON((702608 5148413,760421 5153940,768737 5070604,710128 5065072,702608 5148413))
31285;POLYGON((771348 5131829,829176 5135145,834320 5051792,775704 5048473,771348 5131829))
31286;POLYGON((840048 5124042,897883 5125164,899883 5041803,841264 5040680,840048 5124042))
31287;POLYGON((721173 269732,778904 273108,784173 189907,725638 186484,721173 269732))
25833;POLYGON((692704 5124862,750513 5126959,753909 5043635,695316 5041536,692704 5124862))
25832;POLYGON((1155094 5157053,1212873 5163571,1222610 5080281,1164030 5073756,1155094 5157053))
