4326;POLYGON((17.5 49.5,18.25 49.5,18.25 48.75,17.5 48.75,17.5 49.5))
31254;POLYGON((518952 509487,573204 514947,581960 431654,526870 426173,518952 509487))
31255;POLYGON((301843 493098,356145 496376,361564 413011,306433 409720,301843 493098))
31256;POLYGON((84604 485399,138928 486508,141036 403105,85885 401991,84604 485399))
31257;POLYGON((668952 509487,723204 514947,731960 431654,676870 426173,668952 509487))
31258;POLYGON((751843 493098,806145 496376,811564 413011,756433 409720,751843 493098))
31259;POLYGON((834604 485399,888928 486508,891036 403105,835885 401991,834604 485399))
31284;POLYGON((668952 5509487,723204 5514947,731960 5431654,676870 5426173,668952 5509487))
31285;POLYGON((751843 5493098,806145 5496376,811564 5413011,756433 5409720,751843 5493098))
31286;POLYGON((834604 5485399,888928 5486508,891036 5403105,835885 5401991,834604 5485399))
31287;POLYGON((701822 630510,756071 633682,761343 550434,706289 547214,701822 630510))
25833;POLYGON((681010 5486044,735304 5488118,738884 5404761,683762 5402680,681010 5486044))
25832;POLYGON((1115106 5517853,1169306 5524289,1179553 5441075,1124512 5434613,1115106 5517853))
