4326;POLYGON((17.25 50.0,18.0 50.0,18.0 49.25,17.25 49.25,17.25 50.0))
31254;POLYGON((495723 563334,549419 568595,557958 485301,503420 480016,495723 563334))
31255;POLYGON((280838 547718,334584 550806,339766 467433,285184 464332,280838 547718))
31256;POLYGON((65818 540760,119587 541687,121433 458276,66831 457345,65818 540760))
31257;POLYGON((645723 563334,699419 568595,707958 485301,653420 480016,645723 563334))
31258;POLYGON((730838 547718,784584 550806,789766 467433,735184 464332,730838 547718))
31259;POLYGON((815818 540760,869587 541687,871433 458276,816831 457345,815818 540760))
31284;POLYGON((645723 5563334,699419 5568595,707958 5485301,653420 5480016,645723 5563334))
31285;POLYGON((730838 5547718,784584 5550806,789766 5467433,735184 5464332,730838 5547718))
31286;POLYGON((815818 5540760,869587 5541687,871433 5458276,816831 5457345,815818 5540760))
31287;POLYGON((680931 685135,734654 688104,739660 604807,685132 601794,680931 685135))
25833;POLYGON((661243 5541056,714984 5542944,718312 5459579,663739 5457683,661243 5541056))
25832;POLYGON((1090894 5571322,1144535 5577555,1154576 5494343,1100088 5488082,1090894 5571322))
