4326;POLYGON((17.5 48.75,18.25 48.75,18.25 48.0,17.5 48.0,17.5 48.75))
31254;POLYGON((526870 426173,581960 431654,590616 348352,534699 342852,526870 426173))
31255;POLYGON((306433 409720,361564 413011,366922 329648,310971 326347,306433 409720))
31256;POLYGON((85885 401991,141036 403105,143119 319712,87152 318594,85885 401991))
31257;POLYGON((676870 426173,731960 431654,740616 348352,684699 342852,676870 426173))
31258;POLYGON((756433 409720,811564 413011,816922 329648,760971 326347,756433 409720))
31259;POLYGON((835885 401991,891036 403105,893119 319712,837152 318594,835885 401991))
31284;POLYGON((676870 5426173,731960 5431654,740616 5348352,684699 5342852,676870 5426173))
31285;POLYGON((756433 5409720,811564 5413011,816922 5329648,760971 5326347,756433 5409720))
31286;POLYGON((835885 5401991,891036 5403105,893119 5319712,837152 5318594,835885 5401991))
31287;POLYGON((706289 547214,761343 550434,766612 467220,710755 463953,706289 547214))
25833;POLYGON((683762 5402680,738884 5404761,742421 5321412,686482 5319324,683762 5402680))
25832;POLYGON((1124512 5434613,1179553 5441075,1189686 5357844,1133813 5351360,1124512 5434613))
