4326;POLYGON((17.5 48.0,18.25 48.0,18.25 47.25,17.5 47.25,17.5 48.0))
31254;POLYGON((534699 342852,590616 348352,599172 265039,542436 259525,534699 342852))
31255;POLYGON((310971 326347,366922 329648,372216 246288,315454 242979,310971 326347))
31256;POLYGON((87152 318594,143119 319712,145177 236328,88403 235208,87152 318594))
31257;POLYGON((684699 342852,740616 348352,749172 265039,692436 259525,684699 342852))
31258;POLYGON((760971 326347,816922 329648,822216 246288,765454 242979,760971 326347))
31259;POLYGON((837152 318594,893119 319712,895177 236328,838403 235208,837152 318594))
31284;POLYGON((684699 5342852,740616 5348352,749172 5265039,692436 5259525,684699 5342852))
31285;POLYGON((760971 5326347,816922 5329648,822216 5246288,765454 5242979,760971 5326347))
31286;POLYGON((837152 5318594,893119 5319712,895177 5236328,838403 5235208,837152 5318594))
31287;POLYGON((710755 463953,766612 467220,771880 384026,715220 380713,710755 463953))
25833;POLYGON((686482 5319324,742421 5321412,745918 5238070,689170 5235977,686482 5319324))
25832;POLYGON((1133813 5351360,1189686 5357844,1199702 5274596,1143006 5268095,1133813 5351360))
