4326;POLYGON((17.0 47.75,17.75 47.75,17.75 47.0,17.0 47.0,17.0 47.75))
31254;POLYGON((499822 311714,556019 316850,563998 233526,506986 228377,499822 311714))
31255;POLYGON((274987 296658,331213 299597,335947 216233,278915 213288,274987 296658))
31256;POLYGON((50078 290355,106316 291110,107831 207727,50789 206971,50078 290355))
31257;POLYGON((649822 311714,706019 316850,713998 233526,656986 228377,649822 311714))
31258;POLYGON((724987 296658,781213 299597,785947 216233,728915 213288,724987 296658))
31259;POLYGON((800078 290355,856316 291110,857831 207727,800789 206971,800078 290355))
31284;POLYGON((649822 5311714,706019 5316850,713998 5233526,656986 5228377,649822 5311714))
31285;POLYGON((724987 5296658,781213 5299597,785947 5216233,728915 5213288,724987 5296658))
31286;POLYGON((800078 5290355,856316 5291110,857831 5207727,800789 5206971,800078 5290355))
31287;POLYGON((674811 434318,730955 437239,735688 354016,678740 351054,674811 434318))
25833;POLYGON((649907 5290451,706119 5292177,709064 5208834,652049 5207105,649907 5290451))
25832;POLYGON((1099451 5319588,1155607 5325708,1165037 5242443,1108063 5236308,1099451 5319588))
