4326;POLYGON((16.75 46.5,17.5 46.5,17.5 45.75,16.75 45.75,16.75 46.5))
31254;POLYGON((492530 171222,550081 176192,557632 92853,499284 87877,492530 171222))
31255;POLYGON((262318 156850,319884 159616,324259 76258,265903 73490,262318 156850))
31256;POLYGON((32067 151256,89639 151832,90860 68466,32501 67890,32067 151256))
31257;POLYGON((642530 171222,700081 176192,707632 92853,649284 87877,642530 171222))
31258;POLYGON((712318 156850,769884 159616,774259 76258,715903 73490,712318 156850))
31259;POLYGON((782067 151256,839639 151832,840860 68466,782501 67890,782067 151256))
31284;POLYGON((642530 5171222,700081 5176192,707632 5092853,649284 5087877,642530 5171222))
31285;POLYGON((712318 5156850,769884 5159616,774259 5076258,715903 5073490,712318 5156850))
31286;POLYGON((782067 5151256,839639 5151832,840860 5068466,782501 5067890,782067 5151256))
31287;POLYGON((662192 294672,719685 297478,724150 214236,665853 211391,662192 294672))
25833;POLYGON((634279 5151091,691826 5152640,694449 5069311,636115 5067760,634279 5151091))
25832;POLYGON((1094574 5178859,1152091 5184816,1161064 5101523,1102746 5095559,1094574 5178859))
