4326;POLYGON((17.25 48.75,18.0 48.75,18.0 48.0,17.25 48.0,17.25 48.75))
31254;POLYGON((508504 424468,563598 429766,571978 346457,516057 341141,508504 424468))
31255;POLYGON((288055 408744,343188 411853,348272 328486,292319 325368,288055 408744))
31256;POLYGON((67501 401740,122653 402673,124463 319279,68495 318343,67501 401740))
31257;POLYGON((658504 424468,713598 429766,721978 346457,666057 341141,658504 424468))
31258;POLYGON((738055 408744,793188 411853,798272 328486,742319 325368,738055 408744))
31259;POLYGON((817501 401740,872653 402673,874463 319279,818495 318343,817501 401740))
31284;POLYGON((658504 5424468,713598 5429766,721978 5346457,666057 5341141,658504 5424468))
31285;POLYGON((738055 5408744,793188 5411853,798272 5328486,742319 5325368,738055 5408744))
31286;POLYGON((817501 5401740,872653 5402673,874463 5319279,818495 5318343,817501 5401740))
31287;POLYGON((687932 546259,742995 549302,747997 466071,692130 462984,687932 546259))
25833;POLYGON((665387 5402107,720510 5404007,723775 5320655,667835 5318749,665387 5402107))
25832;POLYGON((1106162 5432582,1161208 5438860,1171063 5355621,1115186 5349322,1106162 5432582))
