4326;POLYGON((17.25 48.0,18.0 48.0,18.0 47.25,17.25 47.25,17.25 48.0))
31254;POLYGON((516057 341141,571978 346457,580261 263139,523522 257810,516057 341141))
31255;POLYGON((292319 325368,348272 328486,353296 245124,296533 241997,292319 325368))
31256;POLYGON((68495 318343,124463 319279,126253 235894,69478 234956,68495 318343))
31257;POLYGON((666057 341141,721978 346457,730261 263139,673522 257810,666057 341141))
31258;POLYGON((742319 325368,798272 328486,803296 245124,746533 241997,742319 325368))
31259;POLYGON((818495 318343,874463 319279,876253 235894,819478 234956,818495 318343))
31284;POLYGON((666057 5341141,721978 5346457,730261 5263139,673522 5257810,666057 5341141))
31285;POLYGON((742319 5325368,798272 5328486,803296 5245124,746533 5241997,742319 5325368))
31286;POLYGON((818495 5318343,874463 5319279,876253 5235894,819478 5234956,818495 5318343))
31287;POLYGON((692130 462984,747997 466071,752997 382861,696327 379730,692130 462984))
25833;POLYGON((667835 5318749,723775 5320655,727002 5237312,670254 5235401,667835 5318749))
25832;POLYGON((1115186 5349322,1171063 5355621,1180805 5272367,1124106 5266051,1115186 5349322))
