4326;POLYGON((16.75 49.75,17.5 49.75,17.5 49.0,16.75 49.0,16.75 49.75))
31254;POLYGON((462305 532352,516292 537258,524240 453945,469416 449019,462305 532352))
31255;POLYGON((246271 518161,300302 520892,304909 437512,250046 434770,246271 518161))
31256;POLYGON((30123 512635,84173 513203,85459 429792,30581 429222,30123 512635))
31257;POLYGON((612305 532352,666292 537258,674240 453945,619416 449019,612305 532352))
31258;POLYGON((696271 518161,750302 520892,754909 437512,700046 434770,696271 518161))
31259;POLYGON((780123 512635,834173 513203,835459 429792,780581 429222,780123 512635))
31284;POLYGON((612305 5532352,666292 5537258,674240 5453945,619416 5449019,612305 5532352))
31285;POLYGON((696271 5518161,750302 5520892,754909 5437512,700046 5434770,696271 5518161))
31286;POLYGON((780123 5512635,834173 5513203,835459 5429792,780581 5429222,780123 5512635))
31287;POLYGON((646322 655650,700332 658286,704800 574975,649986 572300,646322 655650))
25833;POLYGON((626063 5512304,680085 5513834,682848 5430467,627996 5428931,626063 5512304))
25832;POLYGON((1058010 5539720,1111947 5545597,1121388 5462361,1066611 5456459,1058010 5539720))
