4326;POLYGON((17.0 47.5,17.75 47.5,17.75 46.75,17.0 46.75,17.0 47.5))
31254;POLYGON((502219 283935,558689 289076,566636 205749,509355 200597,502219 283935))
31255;POLYGON((276301 268867,332797 271809,337513 188446,280213 185499,276301 268867))
31256;POLYGON((50316 262559,106823 263314,108331 179935,51024 179178,50316 262559))
31257;POLYGON((652219 283935,708689 289076,716636 205749,659355 200597,652219 283935))
31258;POLYGON((726301 268867,782797 271809,787513 188446,730213 185499,726301 268867))
31259;POLYGON((800316 262559,856823 263314,858331 179935,801024 179178,800316 262559))
31284;POLYGON((652219 5283935,708689 5289076,716636 5205749,659355 5200597,652219 5283935))
31285;POLYGON((726301 5268867,782797 5271809,787513 5188446,730213 5185499,726301 5268867))
31286;POLYGON((800316 5262559,856823 5263314,858331 5179935,801024 5179178,800316 5262559))
31287;POLYGON((676121 406562,732533 409497,737265 326277,680049 323300,676121 406562))
25833;POLYGON((650624 5262668,707105 5264395,710038 5181055,652757 5179325,650624 5262668))
25832;POLYGON((1102333 5291829,1158763 5297955,1168156 5214685,1110911 5208546,1102333 5291829))
