4326;POLYGON((17.5 47.0,18.25 47.0,18.25 46.25,17.5 46.25,17.5 47.0))
31254;POLYGON((544995 231748,602001 237266,610421 153940,552608 148413,544995 231748))
31255;POLYGON((316937 215190,373967 218502,379176 135145,321348 131829,316937 215190))
31256;POLYGON((88817 207414,145858 208535,147883 125164,90048 124042,88817 207414))
31257;POLYGON((694995 231748,752001 237266,760421 153940,702608 148413,694995 231748))
31258;POLYGON((766937 215190,823967 218502,829176 135145,771348 131829,766937 215190))
31259;POLYGON((838817 207414,895858 208535,897883 125164,840048 124042,838817 207414))
31284;POLYGON((694995 5231748,752001 5237266,760421 5153940,702608 5148413,694995 5231748))
31285;POLYGON((766937 5215190,823967 5218502,829176 5135145,771348 5131829,766937 5215190))
31286;POLYGON((838817 5207414,895858 5208535,897883 5125164,840048 5124042,838817 5207414))
31287;POLYGON((716708 352968,773636 356297,778904 273108,721173 269732,716708 352968))
25833;POLYGON((690059 5208197,747074 5210291,750513 5126959,692704 5124862,690059 5208197))
25832;POLYGON((1146047 5240336,1203015 5246842,1212873 5163571,1155094 5157053,1146047 5240336))
