4326;POLYGON((17.5 46.5,18.25 46.5,18.25 45.75,17.5 45.75,17.5 46.5))
31254;POLYGON((550081 176192,607626 181716,615976 98384,557632 92853,550081 176192))
31255;POLYGON((319884 159616,377447 162930,382613 79576,324259 76258,319884 159616))
31256;POLYGON((89639 151832,147211 152953,149219 69589,90860 68466,89639 151832))
31257;POLYGON((700081 176192,757626 181716,765976 98384,707632 92853,700081 176192))
31258;POLYGON((769884 159616,827447 162930,832613 79576,774259 76258,769884 159616))
31259;POLYGON((839639 151832,897211 152953,899219 69589,840860 68466,839639 151832))
31284;POLYGON((700081 5176192,757626 5181716,765976 5098384,707632 5092853,700081 5176192))
31285;POLYGON((769884 5159616,827447 5162930,832613 5079576,774259 5076258,769884 5159616))
31286;POLYGON((839639 5151832,897211 5152953,899219 5069589,840860 5068466,839639 5151832))
31287;POLYGON((719685 297478,777148 300838,782416 217643,724150 214236,719685 297478))
25833;POLYGON((691826 5152640,749371 5154736,752782 5071409,694449 5069311,691826 5152640))
25832;POLYGON((1152091 5184816,1209600 5191330,1219378 5108046,1161064 5101523,1152091 5184816))
