4326;POLYGON((16.75 47.25,17.5 47.25,17.5 46.5,16.75 46.5,16.75 47.25))
31254;POLYGON((485692 254564,542436 259525,550081 176192,492530 171222,485692 254564))
31255;POLYGON((258688 240218,315454 242979,319884 159616,262318 156850,258688 240218))
31256;POLYGON((31628 234633,88403 235208,89639 151832,32067 151256,31628 234633))
31257;POLYGON((635692 254564,692436 259525,700081 176192,642530 171222,635692 254564))
31258;POLYGON((708688 240218,765454 242979,769884 159616,712318 156850,708688 240218))
31259;POLYGON((781628 234633,838403 235208,839639 151832,782067 151256,781628 234633))
31284;POLYGON((635692 5254564,692436 5259525,700081 5176192,642530 5171222,635692 5254564))
31285;POLYGON((708688 5240218,765454 5242979,769884 5159616,712318 5156850,708688 5240218))
31286;POLYGON((781628 5234633,838403 5235208,839639 5151832,782067 5151256,781628 5234633))
31287;POLYGON((658531 377946,715220 380713,719685 297478,662192 294672,658531 377946))
25833;POLYGON((632421 5234431,689170 5235977,691826 5152640,634279 5151091,632421 5234431))
25832;POLYGON((1086301 5262149,1143006 5268095,1152091 5184816,1094574 5178859,1086301 5262149))
