4326;POLYGON((17.5 49.0,18.25 49.0,18.25 48.25,17.5 48.25,17.5 49.0))
31254;POLYGON((524240 453945,579052 459420,587742 376120,532099 370626,524240 453945))
31255;POLYGON((304909 437512,359764 440799,365143 357435,309464 354137,304909 437512))
31256;POLYGON((85459 429792,140336 430905,142427 347508,86731 346392,85459 429792))
31257;POLYGON((674240 453945,729052 459420,737742 376120,682099 370626,674240 453945))
31258;POLYGON((754909 437512,809764 440799,815143 357435,759464 354137,754909 437512))
31259;POLYGON((835459 429792,890336 430905,892427 347508,836731 346392,835459 429792))
31284;POLYGON((674240 5453945,729052 5459420,737742 5376120,682099 5370626,674240 5453945))
31285;POLYGON((754909 5437512,809764 5440799,815143 5357435,759464 5354137,754909 5437512))
31286;POLYGON((835459 5429792,890336 5430905,892427 5347508,836731 5346392,835459 5429792))
31287;POLYGON((704800 574975,759586 578179,764856 494955,709267 491704,704800 574975))
25833;POLYGON((682848 5430467,737695 5432546,741247 5349194,685579 5347108,682848 5430467))
25832;POLYGON((1121388 5462361,1176150 5468815,1186321 5385590,1130725 5379113,1121388 5462361))
