4326;POLYGON((17.0 48.75,17.75 48.75,17.75 48.0,17.0 48.0,17.0 48.75))
31254;POLYGON((490137 422824,545235 427939,553339 344624,497415 339492,490137 422824))
31255;POLYGON((269675 407829,324811 410756,329622 327386,273667 324450,269675 407829))
31256;POLYGON((49117 401550,104269 402302,105808 318906,49839 318152,49117 401550))
31257;POLYGON((640137 422824,695235 427939,703339 344624,647415 339492,640137 422824))
31258;POLYGON((719675 407829,774811 410756,779622 327386,723667 324450,719675 407829))
31259;POLYGON((799117 401550,854269 402302,855808 318906,799839 318152,799117 401550))
31284;POLYGON((640137 5422824,695235 5427939,703339 5344624,647415 5339492,640137 5422824))
31285;POLYGON((719675 5407829,774811 5410756,779622 5327386,723667 5324450,719675 5407829))
31286;POLYGON((799117 5401550,854269 5402302,855808 5318906,799839 5318152,799117 5401550))
31287;POLYGON((669571 545363,724644 548228,729378 464982,673501 462075,669571 545363))
25833;POLYGON((647011 5401594,702136 5403313,705129 5319959,649187 5318235,647011 5401594))
25832;POLYGON((1087810 5430612,1142861 5436706,1152439 5353460,1096557 5347346,1087810 5430612))
