4326;POLYGON((17.0 46.5,17.75 46.5,17.75 45.75,17.0 45.75,17.0 46.5))
31254;POLYGON((511714 172817,569263 177972,577080 94635,518734 89474,511714 172817))
31255;POLYGON((281507 157711,339072 160660,343710 77303,285355 74351,281507 157711))
31256;POLYGON((51258 151387,108830 152145,110313 68780,51954 68021,51258 151387))
31257;POLYGON((661714 172817,719263 177972,727080 94635,668734 89474,661714 172817))
31258;POLYGON((731507 157711,789072 160660,793710 77303,735355 74351,731507 157711))
31259;POLYGON((801258 151387,858830 152145,860313 68780,801954 68021,801258 151387))
31284;POLYGON((661714 5172817,719263 5177972,727080 5094635,668734 5089474,661714 5172817))
31285;POLYGON((731507 5157711,789072 5160660,793710 5077303,735355 5074351,731507 5157711))
31286;POLYGON((801258 5151387,858830 5152145,860313 5068780,801954 5068021,801258 5151387))
31287;POLYGON((681359 295546,738843 298537,743576 215309,685288 212276,681359 295546))
25833;POLYGON((653462 5151546,711008 5153277,713893 5069949,655559 5068216,653462 5151546))
25832;POLYGON((1113747 5180783,1171261 5186925,1180503 5103635,1122186 5097485,1113747 5180783))
