4326;POLYGON((17.25 49.5,18.0 49.5,18.0 48.75,17.25 48.75,17.25 49.5))
31254;POLYGON((500864 507789,555122 513066,563598 429766,508504 424468,500864 507789))
31255;POLYGON((283741 492126,338045 495223,343188 411853,288055 408744,283741 492126))
31256;POLYGON((66495 485149,120820 486078,122653 402673,67501 401740,66495 485149))
31257;POLYGON((650864 507789,705122 513066,713598 429766,658504 424468,650864 507789))
31258;POLYGON((733741 492126,788045 495223,793188 411853,738055 408744,733741 492126))
31259;POLYGON((816495 485149,870820 486078,872653 402673,817501 401740,816495 485149))
31284;POLYGON((650864 5507789,705122 5513066,713598 5429766,658504 5424468,650864 5507789))
31285;POLYGON((733741 5492126,788045 5495223,793188 5411853,738055 5408744,733741 5492126))
31286;POLYGON((816495 5485149,870820 5486078,872653 5402673,817501 5401740,816495 5485149))
31287;POLYGON((683732 629569,737991 632567,742995 549302,687932 546259,683732 629569))
25833;POLYGON((662910 5485473,717207 5487366,720510 5404007,665387 5402107,662910 5485473))
25832;POLYGON((1097035 5515830,1151241 5522083,1161208 5438860,1106162 5432582,1097035 5515830))
