4326;POLYGON((17.5 47.25,18.25 47.25,18.25 46.5,17.5 46.5,17.5 47.25))
31254;POLYGON((542436 259525,599172 265039,607626 181716,550081 176192,542436 259525))
31255;POLYGON((315454 242979,372216 246288,377447 162930,319884 159616,315454 242979))
31256;POLYGON((88403 235208,145177 236328,147211 152953,89639 151832,88403 235208))
31257;POLYGON((692436 259525,749172 265039,757626 181716,700081 176192,692436 259525))
31258;POLYGON((765454 242979,822216 246288,827447 162930,769884 159616,765454 242979))
31259;POLYGON((838403 235208,895177 236328,897211 152953,839639 151832,838403 235208))
31284;POLYGON((692436 5259525,749172 5265039,757626 5181716,700081 5176192,692436 5259525))
31285;POLYGON((765454 5242979,822216 5246288,827447 5162930,769884 5159616,765454 5242979))
31286;POLYGON((838403 5235208,895177 5236328,897211 5152953,839639 5151832,838403 5235208))
31287;POLYGON((715220 380713,771880 384026,777148 300838,719685 297478,715220 380713))
25833;POLYGON((689170 5235977,745918 5238070,749371 5154736,691826 5152640,689170 5235977))
25832;POLYGON((1143006 5268095,1199702 5274596,1209600 5191330,1152091 5184816,1143006 5268095))
