4326;POLYGON((17.5 50.25,18.25 50.25,18.25 49.5,17.5 49.5,17.5 50.25))
31254;POLYGON((510945 592796,564352 598231,573204 514947,518952 509487,510945 592796))
31255;POLYGON((297201 576482,350664 579745,356145 496376,301843 493098,297201 576482))
31256;POLYGON((83308 568816,136797 569921,138928 486508,84604 485399,83308 568816))
31257;POLYGON((660945 592796,714352 598231,723204 514947,668952 509487,660945 592796))
31258;POLYGON((747201 576482,800664 579745,806145 496376,751843 493098,747201 576482))
31259;POLYGON((833308 568816,886797 569921,888928 486508,834604 485399,833308 568816))
31284;POLYGON((660945 5592796,714352 5598231,723204 5514947,668952 5509487,660945 5592796))
31285;POLYGON((747201 5576482,800664 5579745,806145 5496376,751843 5493098,747201 5576482))
31286;POLYGON((833308 5568816,886797 5569921,888928 5486508,834604 5485399,833308 5568816))
31287;POLYGON((697351 713855,750796 716981,756071 633682,701822 630510,697351 713855))
25833;POLYGON((678226 5569417,731685 5571481,735304 5488118,681010 5486044,678226 5569417))
25832;POLYGON((1105594 5601080,1158945 5607485,1169306 5524289,1115106 5517853,1105594 5601080))
