4326;POLYGON((17.0 48.5,17.75 48.5,17.75 47.75,17.0 47.75,17.0 48.5))
31254;POLYGON((492572 395047,547947 400168,556019 316850,499822 311714,492572 395047))
31255;POLYGON((271011 380035,326421 382966,331213 299597,274987 296658,271011 380035))
31256;POLYGON((49358 373749,104784 374502,106316 291110,50078 290355,49358 373749))
31257;POLYGON((642572 395047,697947 400168,706019 316850,649822 311714,642572 395047))
31258;POLYGON((721011 380035,776421 382966,781213 299597,724987 296658,721011 380035))
31259;POLYGON((799358 373749,854784 374502,856316 291110,800078 290355,799358 373749))
31284;POLYGON((642572 5395047,697947 5400168,706019 5316850,649822 5311714,642572 5395047))
31285;POLYGON((721011 5380035,776421 5382966,781213 5299597,724987 5296658,721011 5380035))
31286;POLYGON((799358 5373749,854784 5374502,856316 5291110,800078 5290355,799358 5373749))
31287;POLYGON((670881 517597,726222 520476,730955 437239,674811 434318,670881 517597))
25833;POLYGON((647740 5373807,703138 5375528,706119 5292177,649907 5290451,647740 5373807))
25832;POLYGON((1090737 5402858,1146066 5408959,1155607 5325708,1099451 5319588,1090737 5402858))
