4326;POLYGON((16.75 49.0,17.5 49.0,17.5 48.25,16.75 48.25,16.75 49.0))
31254;POLYGON((469416 449019,524240 453945,532099 370626,476446 365683,469416 449019))
31255;POLYGON((250046 434770,304909 437512,309464 354137,253779 351386,250046 434770))
31256;POLYGON((30581 429222,85459 429792,86731 346392,31033 345820,30581 429222))
31257;POLYGON((619416 449019,674240 453945,682099 370626,626446 365683,619416 449019))
31258;POLYGON((700046 434770,754909 437512,759464 354137,703779 351386,700046 434770))
31259;POLYGON((780581 429222,835459 429792,836731 346392,781033 345820,780581 429222))
31284;POLYGON((619416 5449019,674240 5453945,682099 5370626,626446 5365683,619416 5449019))
31285;POLYGON((700046 5434770,754909 5437512,759464 5354137,703779 5351386,700046 5434770))
31286;POLYGON((780581 5429222,835459 5429792,836731 5346392,781033 5345820,780581 5429222))
31287;POLYGON((649986 572300,704800 574975,709267 491704,653649 488990,649986 572300))
25833;POLYGON((627996 5428931,682848 5430467,685579 5347108,629907 5345567,627996 5428931))
25832;POLYGON((1066611 5456459,1121388 5462361,1130725 5379113,1075115 5373189,1066611 5456459))
