4326;POLYGON((17.0 50.25,17.75 50.25,17.75 49.5,17.0 49.5,17.0 50.25))
31254;POLYGON((475331 589476,528749 594547,537038 511246,482775 506151,475331 589476))
31255;POLYGON((261555 574607,315023 577509,319945 494131,265638 491215,261555 574607))
31256;POLYGON((47646 568379,101138 569125,102712 485708,48386 484959,47646 568379))
31257;POLYGON((625331 589476,678749 594547,687038 511246,632775 506151,625331 589476))
31258;POLYGON((711555 574607,765023 577509,769945 494131,715638 491215,711555 574607))
31259;POLYGON((797646 568379,851138 569125,852712 485708,798386 484959,797646 568379))
31284;POLYGON((625331 5589476,678749 5594547,687038 5511246,632775 5506151,625331 5589476))
31285;POLYGON((711555 5574607,765023 5577509,769945 5494131,715638 5491215,711555 5574607))
31286;POLYGON((797646 5568379,851138 5569125,852712 5485708,798386 5484959,797646 5568379))
31287;POLYGON((661705 712058,715170 714840,719908 631509,665639 628686,661705 712058))
25833;POLYGON((642584 5568341,696046 5570045,699108 5486675,644810 5484963,642584 5568341))
25832;POLYGON((1070016 5597114,1123380 5603154,1133174 5519937,1078962 5513868,1070016 5597114))
