4326;POLYGON((16.75 46.25,17.5 46.25,17.5 45.5,16.75 45.5,16.75 46.25))
31254;POLYGON((494791 143441,552608 148413,560128 65072,501516 60095,494791 143441))
31255;POLYGON((263518 129063,321348 131829,325704 48473,267087 45704,263518 129063))
31256;POLYGON((32213 123467,90048 124042,91264 40680,32645 40104,32213 123467))
31257;POLYGON((644791 143441,702608 148413,710128 65072,651516 60095,644791 143441))
31258;POLYGON((713518 129063,771348 131829,775704 48473,717087 45704,713518 129063))
31259;POLYGON((782213 123467,840048 124042,841264 40680,782645 40104,782213 123467))
31284;POLYGON((644791 5143441,702608 5148413,710128 5065072,651516 5060095,644791 5143441))
31285;POLYGON((713518 5129063,771348 5131829,775704 5048473,717087 5045704,713518 5129063))
31286;POLYGON((782213 5123467,840048 5124042,841264 5040680,782645 5040104,782213 5123467))
31287;POLYGON((663412 266913,721173 269732,725638 186484,667074 183626,663412 266913))
25833;POLYGON((634894 5123313,692704 5124862,695316 5041536,636721 5039985,634894 5123313))
25832;POLYGON((1097310 5151093,1155094 5157053,1164030 5073756,1105448 5067791,1097310 5151093))
