4326;POLYGON((17.0 46.75,17.75 46.75,17.75 46.0,17.0 46.0,17.0 46.75))
31254;POLYGON((509355 200597,566636 205749,574486 122414,516404 117255,509355 200597))
31255;POLYGON((280213 185499,337513 188446,342171 105088,284078 102137,280213 185499))
31256;POLYGON((51024 179178,108331 179935,109821 96567,51723 95809,51024 179178))
31257;POLYGON((659355 200597,716636 205749,724486 122414,666404 117255,659355 200597))
31258;POLYGON((730213 185499,787513 188446,792171 105088,734078 102137,730213 185499))
31259;POLYGON((801024 179178,858331 179935,859821 96567,801723 95809,801024 179178))
31284;POLYGON((659355 5200597,716636 5205749,724486 5122414,666404 5117255,659355 5200597))
31285;POLYGON((730213 5185499,787513 5188446,792171 5105088,734078 5102137,730213 5185499))
31286;POLYGON((801024 5179178,858331 5179935,859821 5096567,801723 5095809,801024 5179178))
31287;POLYGON((680049 323300,737265 326277,741998 243053,683979 240035,680049 323300))
25833;POLYGON((652757 5179325,710038 5181055,712936 5097724,654863 5095992,652757 5179325))
25832;POLYGON((1110911 5208546,1168156 5214685,1177435 5131400,1119385 5125252,1110911 5208546))
