4326;POLYGON((16.75 49.5,17.5 49.5,17.5 48.75,16.75 48.75,16.75 49.5))
31254;POLYGON((464684 504575,518952 509487,526870 426173,471768 421241,464684 504575))
31255;POLYGON((247534 490363,301843 493098,306433 409720,251295 406974,247534 490363))
31256;POLYGON((30276 484830,84604 485399,85885 401991,30732 401420,30276 484830))
31257;POLYGON((614684 504575,668952 509487,676870 426173,621768 421241,614684 504575))
31258;POLYGON((697534 490363,751843 493098,756433 409720,701295 406974,697534 490363))
31259;POLYGON((780276 484830,834604 485399,835885 401991,780732 401420,780276 484830))
31284;POLYGON((614684 5504575,668952 5509487,676870 5426173,621768 5421241,614684 5504575))
31285;POLYGON((697534 5490363,751843 5493098,756433 5409720,701295 5406974,697534 5490363))
31286;POLYGON((780276 5484830,834604 5485399,835885 5401991,780732 5401420,780276 5484830))
31287;POLYGON((647544 627861,701822 630510,706289 547214,651207 544526,647544 627861))
25833;POLYGON((626710 5484512,681010 5486044,683762 5402680,628636 5401142,626710 5484512))
25832;POLYGON((1060888 5511967,1115106 5517853,1124512 5434613,1069456 5428703,1060888 5511967))
