4326;POLYGON((17.5 49.75,18.25 49.75,18.25 49.0,17.5 49.0,17.5 49.75))
31254;POLYGON((516292 537258,570264 542710,579052 459420,524240 453945,516292 537258))
31255;POLYGON((300302 520892,354324 524166,359764 440799,304909 437512,300302 520892))
31256;POLYGON((84173 513203,138221 514312,140336 430905,85459 429792,84173 513203))
31257;POLYGON((666292 537258,720264 542710,729052 459420,674240 453945,666292 537258))
31258;POLYGON((750302 520892,804324 524166,809764 440799,754909 437512,750302 520892))
31259;POLYGON((834173 513203,888221 514312,890336 430905,835459 429792,834173 513203))
31284;POLYGON((666292 5537258,720264 5542710,729052 5459420,674240 5453945,666292 5537258))
31285;POLYGON((750302 5520892,804324 5524166,809764 5440799,754909 5437512,750302 5520892))
31286;POLYGON((834173 5513203,888221 5514312,890336 5430905,835459 5429792,834173 5513203))
31287;POLYGON((700332 658286,754313 661442,759586 578179,704800 574975,700332 658286))
25833;POLYGON((680085 5513834,734102 5515905,737695 5432546,682848 5430467,680085 5513834))
25832;POLYGON((1111947 5545597,1165865 5552023,1176150 5468815,1121388 5462361,1111947 5545597))
