4326;POLYGON((17.75 49.5,18.5 49.5,18.5 48.75,17.75 48.75,17.75 49.5))
31254;POLYGON((537038 511246,591285 516889,600320 433604,545235 427939,537038 511246))
31255;POLYGON((319945 494131,374243 497590,379939 414229,324811 410756,319945 494131))
31256;POLYGON((102712 485708,157036 486999,159419 403597,104269 402302,102712 485708))
31257;POLYGON((687038 511246,741285 516889,750320 433604,695235 427939,687038 511246))
31258;POLYGON((769945 494131,824243 497590,829939 414229,774811 410756,769945 494131))
31259;POLYGON((852712 485708,907036 486999,909419 403597,854269 402302,852712 485708))
31284;POLYGON((687038 5511246,741285 5516889,750320 5433604,695235 5427939,687038 5511246))
31285;POLYGON((769945 5494131,824243 5497590,829939 5414229,774811 5410756,769945 5494131))
31286;POLYGON((852712 5485708,907036 5486999,909419 5403597,854269 5402302,852712 5485708))
31287;POLYGON((719908 631509,774147 634856,779687 551625,724644 548228,719908 631509))
25833;POLYGON((699108 5486675,753401 5488929,757256 5405576,702136 5403313,699108 5486675))
25832;POLYGON((1133174 5519937,1187368 5526557,1197897 5443352,1142861 5436706,1133174 5519937))
