4326;POLYGON((17.75 48.0,18.5 48.0,18.5 47.25,17.75 47.25,17.75 48.0))
31254;POLYGON((553339 344624,609253 350308,618082 267000,561349 261301,553339 344624))
31255;POLYGON((329622 327386,385571 330870,391136 247513,334376 244021,329622 327386))
31256;POLYGON((105808 318906,161774 320205,164102 236822,107328 235520,105808 318906))
31257;POLYGON((703339 344624,759253 350308,768082 267000,711349 261301,703339 344624))
31258;POLYGON((779622 327386,835571 330870,841136 247513,784376 244021,779622 327386))
31259;POLYGON((855808 318906,911774 320205,914102 236822,857328 235520,855808 318906))
31284;POLYGON((703339 5344624,759253 5350308,768082 5267000,711349 5261301,703339 5344624))
31285;POLYGON((779622 5327386,835571 5330870,841136 5247513,784376 5244021,779622 5327386))
31286;POLYGON((855808 5318906,911774 5320205,914102 5236822,857328 5235520,855808 5318906))
31287;POLYGON((729378 464982,785224 468428,790760 385252,734110 381756,729378 464982))
25833;POLYGON((705129 5319959,761067 5322229,764833 5238889,708086 5236614,705129 5319959))
25832;POLYGON((1152439 5353460,1208308 5360129,1218599 5276887,1161906 5270200,1152439 5353460))
