4326;POLYGON((17.75 46.5,18.5 46.5,18.5 45.75,17.75 45.75,17.75 46.5))
31254;POLYGON((569263 177972,626806 183681,635424 100351,577080 94635,569263 177972))
31255;POLYGON((339072 160660,396634 164158,402064 80805,343710 77303,339072 160660))
31256;POLYGON((108830 152145,166401 153449,168672 70085,110313 68780,108830 152145))
31257;POLYGON((719263 177972,776806 183681,785424 100351,727080 94635,719263 177972))
31258;POLYGON((789072 160660,846634 164158,852064 80805,793710 77303,789072 160660))
31259;POLYGON((858830 152145,916401 153449,918672 70085,860313 68780,858830 152145))
31284;POLYGON((719263 5177972,776806 5183681,785424 5100351,727080 5094635,719263 5177972))
31285;POLYGON((789072 5160660,846634 5164158,852064 5080805,793710 5077303,789072 5160660))
31286;POLYGON((858830 5152145,916401 5153449,918672 5070085,860313 5068780,858830 5152145))
31287;POLYGON((738843 298537,796295 302082,801831 218904,743576 215309,738843 298537))
25833;POLYGON((711008 5153277,768553 5155556,772226 5072230,713893 5069949,711008 5153277))
25832;POLYGON((1171261 5186925,1228768 5193625,1238815 5110345,1180503 5103635,1171261 5186925))
