4326;POLYGON((17.75 48.75,18.5 48.75,18.5 48.0,17.75 48.0,17.75 48.75))
31254;POLYGON((545235 427939,600320 433604,609253 350308,553339 344624,545235 427939))
31255;POLYGON((324811 410756,379939 414229,385571 330870,329622 327386,324811 410756))
31256;POLYGON((104269 402302,159419 403597,161774 320205,105808 318906,104269 402302))
31257;POLYGON((695235 427939,750320 433604,759253 350308,703339 344624,695235 427939))
31258;POLYGON((774811 410756,829939 414229,835571 330870,779622 327386,774811 410756))
31259;POLYGON((854269 402302,909419 403597,911774 320205,855808 318906,854269 402302))
31284;POLYGON((695235 5427939,750320 5433604,759253 5350308,703339 5344624,695235 5427939))
31285;POLYGON((774811 5410756,829939 5414229,835571 5330870,779622 5327386,774811 5410756))
31286;POLYGON((854269 5402302,909419 5403597,911774 5320205,855808 5318906,854269 5402302))
31287;POLYGON((724644 548228,779687 551625,785224 468428,729378 464982,724644 548228))
25833;POLYGON((702136 5403313,757256 5405576,761067 5322229,705129 5319959,702136 5403313))
25832;POLYGON((1142861 5436706,1197897 5443352,1208308 5360129,1152439 5353460,1142861 5436706))
