4326;POLYGON((17.75 50.0,18.5 50.0,18.5 49.25,17.75 49.25,17.75 50.0))
31254;POLYGON((531522 566781,585206 572407,594308 489129,539780 483478,531522 566781))
31255;POLYGON((316670 549716,370409 553165,376149 469803,321573 466339,316670 549716))
31256;POLYGON((101664 541318,155432 542605,157833 459197,103233 457905,101664 541318))
31257;POLYGON((681522 566781,735206 572407,744308 489129,689780 483478,681522 566781))
31258;POLYGON((766670 549716,820409 553165,826149 469803,771573 466339,766670 549716))
31259;POLYGON((851664 541318,905432 542605,907833 459197,853233 457905,851664 541318))
31284;POLYGON((681522 5566781,735206 5572407,744308 5489129,689780 5483478,681522 5566781))
31285;POLYGON((766670 5549716,820409 5553165,826149 5469803,771573 5466339,766670 5549716))
31286;POLYGON((851664 5541318,905432 5542605,907833 5459197,853233 5457905,851664 5541318))
31287;POLYGON((716749 687057,770453 690370,775994 607108,721487 603744,716749 687057))
25833;POLYGON((697071 5542254,750807 5544502,754691 5461144,700122 5458887,697071 5542254))
25832;POLYGON((1126657 5575417,1180285 5582016,1190891 5498824,1136415 5492195,1126657 5575417))
