4326;POLYGON((17.75 47.0,18.5 47.0,18.5 46.25,17.75 46.25,17.75 47.0))
31254;POLYGON((563998 233526,621002 239229,629691 155906,571880 150193,563998 233526))
31255;POLYGON((335947 216233,392976 219727,398452 136373,340625 132873,335947 216233))
31256;POLYGON((107831 207727,164871 209030,167161 125660,109327 124355,107831 207727))
31257;POLYGON((713998 233526,771002 239229,779691 155906,721880 150193,713998 233526))
31258;POLYGON((785947 216233,842976 219727,848452 136373,790625 132873,785947 216233))
31259;POLYGON((857831 207727,914871 209030,917161 125660,859327 124355,857831 207727))
31284;POLYGON((713998 5233526,771002 5239229,779691 5155906,721880 5150193,713998 5233526))
31285;POLYGON((785947 5216233,842976 5219727,848452 5136373,790625 5132873,785947 5216233))
31286;POLYGON((857831 5207727,914871 5209030,917161 5125660,859327 5124355,857831 5207727))
31287;POLYGON((735688 354016,792605 357529,798140 274357,740420 270796,735688 354016))
25833;POLYGON((709064 5208834,766078 5211111,769782 5127780,711974 5125500,709064 5208834))
25832;POLYGON((1165037 5242443,1222002 5249135,1232131 5165867,1174354 5159163,1165037 5242443))
