4326;POLYGON((17.75 46.75,18.5 46.75,18.5 46.0,17.75 46.0,17.75 46.75))
31254;POLYGON((566636 205749,623910 211456,632563 128129,574486 122414,566636 205749))
31255;POLYGON((337513 188446,394809 191942,400262 108589,342171 105088,337513 188446))
31256;POLYGON((108331 179935,165638 181239,167918 97872,109821 96567,108331 179935))
31257;POLYGON((716636 205749,773910 211456,782563 128129,724486 122414,716636 205749))
31258;POLYGON((787513 188446,844809 191942,850262 108589,792171 105088,787513 188446))
31259;POLYGON((858331 179935,915638 181239,917918 97872,859821 96567,858331 179935))
31284;POLYGON((716636 5205749,773910 5211456,782563 5128129,724486 5122414,716636 5205749))
31285;POLYGON((787513 5188446,844809 5191942,850262 5108589,792171 5105088,787513 5188446))
31286;POLYGON((858331 5179935,915638 5181239,917918 5097872,859821 5096567,858331 5179935))
31287;POLYGON((737265 326277,794450 329805,799985 246632,741998 243053,737265 326277))
25833;POLYGON((710038 5181055,767318 5183333,771007 5100005,712936 5097724,710038 5181055))
25832;POLYGON((1168156 5214685,1225392 5221381,1235480 5138107,1177435 5131400,1168156 5214685))
