4326;POLYGON((17.75 47.5,18.5 47.5,18.5 46.75,17.75 46.75,17.75 47.5))
31254;POLYGON((558689 289076,615151 294771,623910 211456,566636 205749,558689 289076))
31255;POLYGON((332797 271809,389288 275298,394809 191942,337513 188446,332797 271809))
31256;POLYGON((106823 263314,163329 264616,165638 181239,108331 179935,106823 263314))
31257;POLYGON((708689 289076,765151 294771,773910 211456,716636 205749,708689 289076))
31258;POLYGON((782797 271809,839288 275298,844809 191942,787513 188446,782797 271809))
31259;POLYGON((856823 263314,913329 264616,915638 181239,858331 179935,856823 263314))
31284;POLYGON((708689 5289076,765151 5294771,773910 5211456,716636 5205749,708689 5289076))
31285;POLYGON((782797 5271809,839288 5275298,844809 5191942,787513 5188446,782797 5271809))
31286;POLYGON((856823 5263314,913329 5264616,915638 5181239,858331 5179935,856823 5263314))
31287;POLYGON((732533 409497,788914 412976,794450 329805,737265 326277,732533 409497))
25833;POLYGON((707105 5264395,763582 5266668,767318 5183333,710038 5181055,707105 5264395))
25832;POLYGON((1158763 5297955,1215182 5304636,1225392 5221381,1168156 5214685,1158763 5297955))
