4326;POLYGON((17.75 49.25,18.5 49.25,18.5 48.5,17.75 48.5,17.75 49.25))
31254;POLYGON((539780 483478,594308 489129,603309 405840,547947 400168,539780 483478))
31255;POLYGON((321573 466339,376149 469803,381824 386442,326421 382966,321573 466339))
31256;POLYGON((103233 457905,157833 459197,160207 375799,104784 374502,103233 457905))
31257;POLYGON((689780 483478,744308 489129,753309 405840,697947 400168,689780 483478))
31258;POLYGON((771573 466339,826149 469803,831824 386442,776421 382966,771573 466339))
31259;POLYGON((853233 457905,907833 459197,910207 375799,854784 374502,853233 457905))
31284;POLYGON((689780 5483478,744308 5489129,753309 5405840,697947 5400168,689780 5483478))
31285;POLYGON((771573 5466339,826149 5469803,831824 5386442,776421 5382966,771573 5466339))
31286;POLYGON((853233 5457905,907833 5459197,910207 5375799,854784 5374502,853233 5457905))
31287;POLYGON((721487 603744,775994 607108,781533 523890,726222 520476,721487 603744))
25833;POLYGON((700122 5458887,754691 5461144,758531 5377793,703138 5375528,700122 5458887))
25832;POLYGON((1136415 5492195,1190891 5498824,1201380 5415613,1146066 5408959,1136415 5492195))
