4326;POLYGON((17.75 50.25,18.5 50.25,18.5 49.5,17.75 49.5,17.75 50.25))
31254;POLYGON((528749 594547,582150 600163,591285 516889,537038 511246,528749 594547))
31255;POLYGON((315023 577509,368482 580953,374243 497590,319945 494131,315023 577509))
31256;POLYGON((101138 569125,154626 570409,157036 486999,102712 485708,101138 569125))
31257;POLYGON((678749 594547,732150 600163,741285 516889,687038 511246,678749 594547))
31258;POLYGON((765023 577509,818482 580953,824243 497590,769945 494131,765023 577509))
31259;POLYGON((851138 569125,904626 570409,907036 486999,852712 485708,851138 569125))
31284;POLYGON((678749 5594547,732150 5600163,741285 5516889,687038 5511246,678749 5594547))
31285;POLYGON((765023 5577509,818482 5580953,824243 5497590,769945 5494131,765023 5577509))
31286;POLYGON((851138 5569125,904626 5570409,907036 5486999,852712 5485708,851138 5569125))
31287;POLYGON((715170 714840,768605 718137,774147 634856,719908 631509,715170 714840))
25833;POLYGON((696046 5570045,749503 5572289,753401 5488929,699108 5486675,696046 5570045))
25832;POLYGON((1123380 5603154,1176724 5609742,1187368 5526557,1133174 5519937,1123380 5603154))
