4326;POLYGON((17.75 48.5,18.5 48.5,18.5 47.75,17.75 47.75,17.75 48.5))
31254;POLYGON((547947 400168,603309 405840,612207 322540,556019 316850,547947 400168))
31255;POLYGON((326421 382966,381824 386442,387433 303084,331213 299597,326421 382966))
31256;POLYGON((104784 374502,160207 375799,162553 292410,106316 291110,104784 374502))
31257;POLYGON((697947 400168,753309 405840,762207 322540,706019 316850,697947 400168))
31258;POLYGON((776421 382966,831824 386442,837433 303084,781213 299597,776421 382966))
31259;POLYGON((854784 374502,910207 375799,912553 292410,856316 291110,854784 374502))
31284;POLYGON((697947 5400168,753309 5405840,762207 5322540,706019 5316850,697947 5400168))
31285;POLYGON((776421 5382966,831824 5386442,837433 5303084,781213 5299597,776421 5382966))
31286;POLYGON((854784 5374502,910207 5375799,912553 5292410,856316 5291110,854784 5374502))
31287;POLYGON((726222 520476,781533 523890,787069 440701,730955 437239,726222 520476))
25833;POLYGON((703138 5375528,758531 5377793,762327 5294448,706119 5292177,703138 5375528))
25832;POLYGON((1146066 5408959,1201380 5415613,1211751 5332384,1155607 5325708,1146066 5408959))
