4326;POLYGON((17.75 47.75,18.5 47.75,18.5 47.0,17.75 47.0,17.75 47.75))
31254;POLYGON((556019 316850,612207 322540,621002 239229,563998 233526,556019 316850))
31255;POLYGON((331213 299597,387433 303084,392976 219727,335947 216233,331213 299597))
31256;POLYGON((106316 291110,162553 292410,164871 209030,107831 207727,106316 291110))
31257;POLYGON((706019 316850,762207 322540,771002 239229,713998 233526,706019 316850))
31258;POLYGON((781213 299597,837433 303084,842976 219727,785947 216233,781213 299597))
31259;POLYGON((856316 291110,912553 292410,914871 209030,857831 207727,856316 291110))
31284;POLYGON((706019 5316850,762207 5322540,771002 5239229,713998 5233526,706019 5316850))
31285;POLYGON((781213 5299597,837433 5303084,842976 5219727,785947 5216233,781213 5299597))
31286;POLYGON((856316 5291110,912553 5292410,914871 5209030,857831 5207727,856316 5291110))
31287;POLYGON((730955 437239,787069 440701,792605 357529,735688 354016,730955 437239))
25833;POLYGON((706119 5292177,762327 5294448,766078 5211111,709064 5208834,706119 5292177))
25832;POLYGON((1155607 5325708,1211751 5332384,1222002 5249135,1165037 5242443,1155607 5325708))
