4326;POLYGON((17.75 49.75,18.5 49.75,18.5 49.0,17.75 49.0,17.75 49.75))
31254;POLYGON((534285 539014,588251 544649,597320 461367,542513 455709,534285 539014))
31255;POLYGON((318310 521923,372330 525377,378048 442016,323195 438547,318310 521923))
31256;POLYGON((102189 513513,156236 514801,158628 431397,103752 430103,102189 513513))
31257;POLYGON((684285 539014,738251 544649,747320 461367,692513 455709,684285 539014))
31258;POLYGON((768310 521923,822330 525377,828048 442016,773195 438547,768310 521923))
31259;POLYGON((852189 513513,906236 514801,908628 431397,853752 430103,852189 513513))
31284;POLYGON((684285 5539014,738251 5544649,747320 5461367,692513 5455709,684285 5539014))
31285;POLYGON((768310 5521923,822330 5525377,828048 5442016,773195 5438547,768310 5521923))
31286;POLYGON((852189 5513513,906236 5514801,908628 5431397,853752 5430103,852189 5513513))
31287;POLYGON((718329 659280,772300 662610,777841 579364,723066 575984,718329 659280))
25833;POLYGON((698092 5514464,752107 5516715,755976 5433359,701131 5431099,698092 5514464))
25832;POLYGON((1129921 5547678,1183833 5554287,1194400 5471089,1139644 5464451,1129921 5547678))
