4326;POLYGON((17.75 49.0,18.5 49.0,18.5 48.25,17.75 48.25,17.75 49.0))
31254;POLYGON((542513 455709,597320 461367,606287 378074,550648 372396,542513 455709))
31255;POLYGON((323195 438547,378048 442016,383701 358656,328024 355176,323195 438547))
31256;POLYGON((103752 430103,158628 431397,160992 348001,105297 346704,103752 430103))
31257;POLYGON((692513 455709,747320 461367,756287 378074,700648 372396,692513 455709))
31258;POLYGON((773195 438547,828048 442016,833701 358656,778024 355176,773195 438547))
31259;POLYGON((853752 430103,908628 431397,910992 348001,855297 346704,853752 430103))
31284;POLYGON((692513 5455709,747320 5461367,756287 5378074,700648 5372396,692513 5455709))
31285;POLYGON((773195 5438547,828048 5442016,833701 5358656,778024 5355176,773195 5438547))
31286;POLYGON((853752 5430103,908628 5431397,910992 5348001,855297 5346704,853752 5430103))
31287;POLYGON((723066 575984,777841 579364,783378 496158,727800 492728,723066 575984))
25833;POLYGON((701131 5431099,755976 5433359,759802 5350010,704135 5347743,701131 5431099))
25832;POLYGON((1139644 5464451,1194400 5471089,1204850 5387872,1149259 5381210,1139644 5464451))
