4326;POLYGON((17.75 47.25,18.5 47.25,18.5 46.5,17.75 46.5,17.75 47.25))
31254;POLYGON((561349 261301,618082 267000,626806 183681,569263 177972,561349 261301))
31255;POLYGON((334376 244021,391136 247513,396634 164158,339072 160660,334376 244021))
31256;POLYGON((107328 235520,164102 236822,166401 153449,108830 152145,107328 235520))
31257;POLYGON((711349 261301,768082 267000,776806 183681,719263 177972,711349 261301))
31258;POLYGON((784376 244021,841136 247513,846634 164158,789072 160660,784376 244021))
31259;POLYGON((857328 235520,914102 236822,916401 153449,858830 152145,857328 235520))
31284;POLYGON((711349 5261301,768082 5267000,776806 5183681,719263 5177972,711349 5261301))
31285;POLYGON((784376 5244021,841136 5247513,846634 5164158,789072 5160660,784376 5244021))
31286;POLYGON((857328 5235520,914102 5236822,916401 5153449,858830 5152145,857328 5235520))
31287;POLYGON((734110 381756,790760 385252,796295 302082,738843 298537,734110 381756))
25833;POLYGON((708086 5236614,764833 5238889,768553 5155556,711008 5153277,708086 5236614))
25832;POLYGON((1161906 5270200,1218599 5276887,1228768 5193625,1171261 5186925,1161906 5270200))
