4326;POLYGON((17.75 48.25,18.5 48.25,18.5 47.5,17.75 47.5,17.75 48.25))
31254;POLYGON((550648 372396,606287 378074,615151 294771,558689 289076,550648 372396))
31255;POLYGON((328024 355176,383701 358656,389288 275298,332797 271809,328024 355176))
31256;POLYGON((105297 346704,160992 348001,163329 264616,106823 263314,105297 346704))
31257;POLYGON((700648 372396,756287 378074,765151 294771,708689 289076,700648 372396))
31258;POLYGON((778024 355176,833701 358656,839288 275298,782797 271809,778024 355176))
31259;POLYGON((855297 346704,910992 348001,913329 264616,856823 263314,855297 346704))
31284;POLYGON((700648 5372396,756287 5378074,765151 5294771,708689 5289076,700648 5372396))
31285;POLYGON((778024 5355176,833701 5358656,839288 5275298,782797 5271809,778024 5355176))
31286;POLYGON((855297 5346704,910992 5348001,913329 5264616,856823 5263314,855297 5346704))
31287;POLYGON((727800 492728,783378 496158,788914 412976,732533 409497,727800 492728))
25833;POLYGON((704135 5347743,759802 5350010,763582 5266668,707105 5264395,704135 5347743))
25832;POLYGON((1149259 5381210,1204850 5387872,1215182 5304636,1158763 5297955,1149259 5381210))
