4326;POLYGON((17.75 46.25,18.5 46.25,18.5 45.5,17.75 45.5,17.75 46.25))
31254;POLYGON((571880 150193,629691 155906,638273 72572,579664 66854,571880 150193))
31255;POLYGON((340625 132873,398452 136373,403859 53021,345243 49518,340625 132873))
31256;POLYGON((109327 124355,167161 125660,169422 42299,110803 40993,109327 124355))
31257;POLYGON((721880 150193,779691 155906,788273 72572,729664 66854,721880 150193))
31258;POLYGON((790625 132873,848452 136373,853859 53021,795243 49518,790625 132873))
31259;POLYGON((859327 124355,917161 125660,919422 42299,860803 40993,859327 124355))
31284;POLYGON((721880 5150193,779691 5155906,788273 5072572,729664 5066854,721880 5150193))
31285;POLYGON((790625 5132873,848452 5136373,853859 5053021,795243 5049518,790625 5132873))
31286;POLYGON((859327 5124355,917161 5125660,919422 5042299,860803 5040993,859327 5124355))
31287;POLYGON((740420 270796,798140 274357,803676 191174,745153 187562,740420 270796))
25833;POLYGON((711974 5125500,769782 5127780,773441 5044457,714847 5042175,711974 5125500))
25832;POLYGON((1174354 5159163,1232131 5165867,1242136 5082580,1183557 5075869,1174354 5159163))
