4326;POLYGON((14.210252619883251 46.70870763690927,14.41626245795762 46.70870763690927,14.41626245795762 46.57438434178441,14.210252619883251 46.57438434178441,14.210252619883251 46.70870763690927))
31254;POLYGON((296471 181690,312222 182487,312997 167557,297206 166760,296471 181690))
31255;POLYGON((67109 174756,82862 174952,83067 160020,67274 159824,67109 174756))
31256;POLYGON((-162263 176570,-146511 176165,-146875 161233,-162666 161638,-162263 176570))
31257;POLYGON((446471 181690,462222 182487,462997 167557,447206 166760,446471 181690))
31258;POLYGON((517109 174756,532862 174952,533067 160020,517274 159824,517109 174756))
31259;POLYGON((587736 176570,603488 176165,603124 161233,587333 161638,587736 176570))
31284;POLYGON((446471 5181690,462222 5182487,462997 5167557,447206 5166760,446471 5181690))
31285;POLYGON((517109 5174756,532862 5174952,533067 5160020,517274 5159824,517109 5174756))
31286;POLYGON((587736 5176570,603488 5176165,603124 5161233,587333 5161638,587736 5176570))
31287;POLYGON((467091 312489,482839 312687,483047 297760,467259 297561,467091 312489))
