4326;POLYGON((13.693707720317809 46.66836256555435,13.979225880341748 46.66836256555435,13.979225880341748 46.55850428558841,13.693707720317809 46.55850428558841,13.693707720317809 46.66836256555435))
31254;POLYGON((257168 175388,279015 176361,279580 164150,257688 163177,257168 175388))
31255;POLYGON((27630 169962,49479 170101,49579 157888,27685 157750,27630 169962))
31256;POLYGON((-201912 173282,-180063 172588,-180429 160376,-202321 161070,-201912 173282))
31257;POLYGON((407168 175388,429015 176361,429580 164150,407688 163177,407168 175388))
31258;POLYGON((477630 169962,499479 170101,499579 157888,477685 157750,477630 169962))
31259;POLYGON((548087 173282,569936 172588,569570 160376,547678 161070,548087 173282))
31284;POLYGON((407168 5175388,429015 5176361,429580 5164150,407688 5163177,407168 5175388))
31285;POLYGON((477630 5169962,499479 5170101,499579 5157888,477685 5157750,477630 5169962))
31286;POLYGON((548087 5173282,569936 5172588,569570 5160376,547678 5161070,548087 5173282))
31287;POLYGON((427623 307692,449467 307833,449568 295624,427679 295483,427623 307692))
25833;POLYGON((400076 5169140,421916 5168817,421758 5156610,399873 5156933,400076 5169140))
25832;POLYGON((859020 5179019,880856 5180363,881629 5168159,859748 5166814,859020 5179019))
