4326;POLYGON((12.683729801243164 46.75667694020244,13.577490852407484 46.75667694020244,13.577490852407484 46.55122505091803,12.683729801243164 46.55122505091803,12.683729801243164 46.75667694020244))
31254;POLYGON((179590 182404,247870 184832,248811 161995,180271 159566,179590 182404))
31255;POLYGON((-49578 179924,18706 179746,18776 156907,-49767 157085,-49578 179924))
31256;POLYGON((-278738 186190,-210460 183404,-211261 160566,-279798 163353,-278738 186190))
31257;POLYGON((329590 182404,397870 184832,398811 161995,330271 159566,329590 182404))
31258;POLYGON((400421 179924,468706 179746,468776 156907,400232 157085,400421 179924))
31259;POLYGON((471261 186190,539539 183404,538738 160566,470201 163353,471261 186190))
31284;POLYGON((329590 5182404,397870 5184832,398811 5161995,330271 5159566,329590 5182404))
31285;POLYGON((400421 5179924,468706 5179746,468776 5156907,400232 5157085,400421 5179924))
31286;POLYGON((471261 5186190,539539 5183404,538738 5160566,470201 5163353,471261 5186190))
31287;POLYGON((350435 317654,418701 317473,418772 294639,350243 294821,350435 317654))
