4326;POLYGON((14.048205040255935 46.733822055802705,14.54289005763537 46.733822055802705,14.54289005763537 46.4303983402986,14.048205040255935 46.4303983402986,14.048205040255935 46.733822055802705))
31254;POLYGON((283949 183883,321755 185789,323556 152064,285539 150157,283949 183883))
31255;POLYGON((54692 177423,92502 177884,93018 144155,54996 143693,54692 177423))
31256;POLYGON((-174573 179709,-136764 178728,-137531 144999,-175552 145981,-174573 179709))
31257;POLYGON((433949 183883,471755 185789,473556 152064,435539 150157,433949 183883))
31258;POLYGON((504692 177423,542502 177884,543018 144155,504996 143693,504692 177423))
31259;POLYGON((575426 179709,613235 178728,612468 144999,574447 145981,575426 179709))
31284;POLYGON((433949 5183883,471755 5185789,473556 5152064,435539 5150157,433949 5183883))
31285;POLYGON((504692 5177423,542502 5177884,543018 5144155,504996 5143693,504692 5177423))
31286;POLYGON((575426 5179709,613235 5178728,612468 5144999,574447 5145981,575426 5179709))
31287;POLYGON((454678 315154,492476 315621,492999 281902,454987 281433,454678 315154))
