4326;POLYGON((13.94262637353489 47.07721950485551,14.685472665191611 47.07721950485551,14.685472665191611 46.686394991420414,13.94262637353489 46.686394991420414,13.94262637353489 47.07721950485551))
31254;POLYGON((274124 221678,330531 224551,332943 181111,276122 178236,274124 221678))
31255;POLYGON((46327 215531,102744 216236,103491 172789,46663 172083,46327 215531))
31256;POLYGON((-181478 218122,-125063 216664,-125977 173217,-182803 174677,-181478 218122))
31257;POLYGON((424124 221678,480531 224551,482943 181111,426122 178236,424124 221678))
31258;POLYGON((496327 215531,552744 216236,553491 172789,496663 172083,496327 215531))
31259;POLYGON((568521 218122,624936 216664,624022 173217,567196 174677,568521 218122))
31284;POLYGON((424124 5221678,480531 5224551,482943 5181111,426122 5178236,424124 5221678))
31285;POLYGON((496327 5215531,552744 5216236,553491 5172789,496663 5172083,496327 5215531))
31286;POLYGON((568521 5218122,624936 5216664,624022 5173217,567196 5174677,568521 5218122))
31287;POLYGON((446312 353249,502707 353959,503461 310530,446651 309814,446312 353249))
