4326;POLYGON((12.656828502048523 47.13129574801806,13.846202371882086 47.13129574801806,13.846202371882086 46.655117898495824,12.656828502048523 46.655117898495824,12.656828502048523 47.13129574801806))
31254;POLYGON((176302 223988,266531 227356,268902 174426,177868 171054,176302 223988))
31255;POLYGON((-51272 221588,38965 221490,39309 168554,-51730 168652,-51272 221588))
31256;POLYGON((-278837 227926,-188609 224363,-190289 171429,-281322 174997,-278837 227926))
31257;POLYGON((326302 223988,416531 227356,418902 174426,327868 171054,326302 223988))
31258;POLYGON((398727 221588,488965 221490,489309 168554,398269 168652,398727 221588))
31259;POLYGON((471162 227926,561390 224363,559710 171429,468677 174997,471162 227926))
31284;POLYGON((326302 5223988,416531 5227356,418902 5174426,327868 5171054,326302 5223988))
31285;POLYGON((398727 5221588,488965 5221490,489309 5168554,398269 5168652,398727 5221588))
31286;POLYGON((471162 5227926,561390 5224363,559710 5171429,468677 5174997,471162 5227926))
31287;POLYGON((348744 359304,438952 359206,439300 306285,348281 306384,348744 359304))
