4326;POLYGON((13.408810580899788 46.794622034938996,14.124424465551087 46.794622034938996,14.124424465551087 46.478804323122766,13.408810580899788 46.478804323122766,13.408810580899788 46.794622034938996))
31254;POLYGON((234819 188532,289448 190919,291138 155816,236189 153427,234819 188532))
31255;POLYGON((5815 183938,60450 184237,60801 149130,5847 148830,5815 183938))
31256;POLYGON((-223190 188088,-168558 186301,-169543 151195,-224495 152983,-223190 188088))
31257;POLYGON((384819 188532,439448 190919,441138 155816,386189 153427,384819 188532))
31258;POLYGON((455815 183938,510450 184237,510801 149130,455847 148830,455815 183938))
31259;POLYGON((526809 188088,581441 186301,580456 151195,525504 152983,526809 188088))
31284;POLYGON((384819 5188532,439448 5190919,441138 5155816,386189 5153427,384819 5188532))
31285;POLYGON((455815 5183938,510450 5184237,510801 5149130,455847 5148830,455815 5183938))
31286;POLYGON((526809 5188088,581441 5186301,580456 5151195,525504 5152983,526809 5188088))
31287;POLYGON((405813 321664,460433 321967,460789 286869,405846 286564,405813 321664))
