4326;POLYGON((14.43014233910974 46.826104937340766,14.955676294030203 46.826104937340766,14.955676294030203 46.37230505410232,14.43014233910974 46.37230505410232,14.43014233910974 46.826104937340766))
31254;POLYGON((312603 195591,352696 197818,355657 147381,315226 145152,312603 195591))
31255;POLYGON((83742 188017,123841 188709,124877 138264,84442 137571,83742 188017))
31256;POLYGON((-145133 189189,-105034 188350,-105917 137905,-146353 138745,-145133 189189))
31257;POLYGON((462603 195591,502696 197818,505657 147381,465226 145152,462603 195591))
31258;POLYGON((533742 188017,573841 188709,574877 138264,534442 137571,533742 188017))
31259;POLYGON((604866 189189,644965 188350,644082 137905,603646 138745,604866 189189))
31284;POLYGON((462603 5195591,502696 5197818,505657 5147381,465226 5145152,462603 5195591))
31285;POLYGON((533742 5188017,573841 5188709,574877 5138264,534442 5137571,533742 5188017))
31286;POLYGON((604866 5189189,644965 5188350,644082 5137905,603646 5138745,604866 5189189))
31287;POLYGON((483717 325748,523799 326448,524851 276024,484427 275318,483717 325748))
25833;POLYGON((456535 5185997,496619 5185841,496591 5135415,456171 5135572,456535 5185997))
25832;POLYGON((914127 5200172,954198 5203085,958019 5152675,917609 5149759,914127 5200172))
