4326;POLYGON((14.615265209146967 47.04958907782128,15.065150731478363 47.04958907782128,15.065150731478363 46.60139701029912,14.615265209146967 46.60139701029912,14.615265209146967 47.04958907782128))
31254;POLYGON((325368 221185,359546 223156,362551 173341,328087 171369,325368 221185))
31255;POLYGON((97462 213075,131646 213732,132743 163908,98273 163251,97462 213075))
31256;POLYGON((-130463 213707,-96278 213054,-97084 163230,-131554 163884,-130463 213707))
31257;POLYGON((475368 221185,509546 223156,512551 173341,478087 171369,475368 221185))
31258;POLYGON((547462 213075,581646 213732,582743 163908,548273 163251,547462 213075))
31259;POLYGON((619536 213707,653721 213054,652915 163230,618445 163884,619536 213707))
31284;POLYGON((475368 5221185,509546 5223156,512551 5173341,478087 5171369,475368 5221185))
31285;POLYGON((547462 5213075,581646 5213732,582743 5163908,548273 5163251,547462 5213075))
31286;POLYGON((619536 5213707,653721 5213054,652915 5163230,618445 5163884,619536 5213707))
31287;POLYGON((497428 350798,531596 351460,532704 301660,498248 300993,497428 350798))
