4326;POLYGON((13.787979028538329 46.945616377843,14.262453849930067 46.945616377843,14.262453849930067 46.64670644552754,13.787979028538329 46.64670644552754,13.787979028538329 46.945616377843))
31254;POLYGON((263026 206519,299144 208221,300807 174996,264487 173293,263026 206519))
31255;POLYGON((34667 200821,70790 201138,71182 167909,34858 167592,34667 200821))
31256;POLYGON((-193698 203864,-157576 202799,-158453 169571,-194776 170637,-193698 203864))
31257;POLYGON((413026 206519,449144 208221,450807 174996,414487 173293,413026 206519))
31258;POLYGON((484667 200821,520790 201138,521182 167909,484858 167592,484667 200821))
31259;POLYGON((556301 203864,592423 202799,591546 169571,555223 170637,556301 203864))
31284;POLYGON((413026 5206519,449144 5208221,450807 5174996,414487 5173293,413026 5206519))
31285;POLYGON((484667 5200821,520790 5201138,521182 5167909,484858 5167592,484667 5200821))
31286;POLYGON((556301 5203864,592423 5202799,591546 5169571,555223 5170637,556301 5203864))
31287;POLYGON((434656 338543,470768 338863,471164 305645,434849 305323,434656 338543))
25833;POLYGON((407762 5199833,443870 5199384,443559 5166169,407250 5166618,407762 5199833))
25832;POLYGON((864349 5210257,900448 5212576,902678 5179370,866376 5177048,864349 5210257))
