4326;POLYGON((15.525033151486808 48.45123790803018,15.728624830406721 48.45123790803018,15.728624830406721 48.368312117453186,15.525033151486808 48.368312117453186,15.525033151486808 48.45123790803018))
31254;POLYGON((384009 381157,399062 382201,399713 372984,384635 371941,384009 381157))
31255;POLYGON((162180 370440,177239 370891,177527 361671,162444 361220,162180 370440))
31256;POLYGON((-59701 368432,-44641 368292,-44714 359071,-59799 359211,-59701 368432))
31257;POLYGON((534009 381157,549062 382201,549713 372984,534635 371941,534009 381157))
31258;POLYGON((612180 370440,627239 370891,627527 361671,612444 361220,612180 370440))
31259;POLYGON((690298 368432,705358 368292,705285 359071,690200 359211,690298 368432))
31284;POLYGON((534009 5381157,549062 5382201,549713 5372984,534635 5371941,534009 5381157))
31285;POLYGON((612180 5370440,627239 5370891,627527 5361671,612444 5361220,612180 5370440))
31286;POLYGON((690298 5368432,705358 5368292,705285 5359071,690200 5359211,690298 5368432))
31287;POLYGON((562130 508075,577181 508519,577465 499304,562390 498859,562130 508075))
