4326;POLYGON((15.555901319758199 48.26830360878825,15.739188043469946 48.26830360878825,15.739188043469946 48.11848043741347,15.555901319758199 48.11848043741347,15.555901319758199 48.26830360878825))
31254;POLYGON((387680 360981,401280 361925,402454 345273,388814 344329,387680 360981))
31255;POLYGON((165053 350166,178659 350576,179180 333918,165534 333508,165053 350166))
31256;POLYGON((-57625 348066,-44018 347944,-44147 331285,-57794 331407,-57625 348066))
31257;POLYGON((537680 360981,551280 361925,552454 345273,538814 344329,537680 360981))
31258;POLYGON((615053 350166,628659 350576,629180 333918,615534 333508,615053 350166))
31259;POLYGON((692374 348066,705981 347944,705852 331285,692205 331407,692374 348066))
31284;POLYGON((537680 5360981,551280 5361925,552454 5345273,538814 5344329,537680 5360981))
31285;POLYGON((615053 5350166,628659 5350576,629180 5333918,615534 5333508,615053 5350166))
31286;POLYGON((692374 5348066,705981 5347944,705852 5331285,692205 5331407,692374 5348066))
31287;POLYGON((564993 487811,578591 488215,579106 471568,565469 471162,564993 487811))
25833;POLYGON((541252 5346271,554853 5346385,555013 5329733,541372 5329618,541252 5346271))
25832;POLYGON((986377 5366930,999968 5368112,1001434 5351472,987803 5350290,986377 5366930))
