4326;POLYGON((14.649064893026713 48.023086003389864,14.933015697182567 48.023086003389864,14.933015697182567 47.87945284885025,14.649064893026713 47.87945284885025,14.649064893026713 48.023086003389864))
31254;POLYGON((321916 329535,343090 330761,344043 314796,322810 313569,321916 329535))
31255;POLYGON((98200 321350,119380 321750,119711 305780,98472 305380,98200 321350))
31256;POLYGON((-125543 321883,-104363 321458,-104653 305488,-125892 305913,-125543 321883))
31257;POLYGON((471916 329535,493090 330761,494043 314796,472810 313569,471916 329535))
31258;POLYGON((548200 321350,569380 321750,569711 305780,548472 305380,548200 321350))
31259;POLYGON((624456 321883,645636 321458,645346 305488,624107 305913,624456 321883))
31284;POLYGON((471916 5329535,493090 5330761,494043 5314796,472810 5313569,471916 5329535))
31285;POLYGON((548200 5321350,569380 5321750,569711 5305780,548472 5305380,548200 5321350))
31286;POLYGON((624456 5321883,645636 5321458,645346 5305488,624107 5305913,624456 5321883))
31287;POLYGON((498167 459025,519337 459422,519665 443460,498436 443062,498167 459025))
