4326;POLYGON((16.146515309461254 47.87459051615286,16.285892104296224 47.87459051615286,16.285892104296224 47.74267764314789,16.146515309461254 47.74267764314789,16.146515309461254 47.87459051615286))
31254;POLYGON((434815 320385,445236 321181,446368 306522,435921 305725,434815 320385))
31255;POLYGON((210493 307831,220918 308220,221478 293554,211027 293165,210493 307831))
31256;POLYGON((-13886 304011,-3460 303995,-3469 289328,-13922 289344,-13886 304011))
31257;POLYGON((584815 320385,595236 321181,596368 306522,585921 305725,584815 320385))
31258;POLYGON((660493 307831,670918 308220,671478 293554,661027 293165,660493 307831))
31259;POLYGON((736113 304011,746539 303995,746530 289328,736077 289344,736113 304011))
31284;POLYGON((584815 5320385,595236 5321181,596368 5306522,585921 5305725,584815 5320385))
31285;POLYGON((660493 5307831,670918 5308220,671478 5293554,661027 5293165,660493 5307831))
31286;POLYGON((736113 5304011,746539 5303995,746530 5289328,736077 5289344,736113 5304011))
31287;POLYGON((610388 445493,620804 445879,621360 431227,610918 430840,610388 445493))
