4326;POLYGON((14.452636256108347 48.23794795344869,15.01587202644824 48.23794795344869,15.01587202644824 47.726309773192845,14.452636256108347 47.726309773192845,14.452636256108347 48.23794795344869))
31254;POLYGON((305988 352617,347812 355017,351271 298147,309029 295743,305988 352617))
31255;POLYGON((83202 345010,125039 345772,126278 288885,84025 288122,83202 345010))
31256;POLYGON((-139609 346112,-97773 345240,-98747 288352,-140999 289226,-139609 346112))
31257;POLYGON((455988 352617,497812 355017,501271 298147,459029 295743,455988 352617))
31258;POLYGON((533202 345010,575039 345772,576278 288885,534025 288122,533202 345010))
31259;POLYGON((610390 346112,652226 345240,651252 288352,609000 289226,610390 346112))
31284;POLYGON((455988 5352617,497812 5355017,501271 5298147,459029 5295743,455988 5352617))
31285;POLYGON((533202 5345010,575039 5345772,576278 5288885,534025 5288122,533202 5345010))
31286;POLYGON((610390 5346112,652226 5345240,651252 5288352,609000 5289226,610390 5346112))
31287;POLYGON((483178 482679,524998 483431,526228 426572,483995 425812,483178 482679))
25833;POLYGON((459357 5342892,501178 5342747,501190 5285881,458953 5286026,459357 5342892))
25832;POLYGON((904799 5357135,946596 5360266,951046 5303433,908830 5300296,904799 5357135))
