4326;POLYGON((15.86616088176528 48.145712070005914,16.560313728481795 48.145712070005914,16.560313728481795 47.8751007627975,15.86616088176528 47.8751007627975,15.86616088176528 48.145712070005914))
31254;POLYGON((411685 348973,463311 352931,465748 322860,413849 318898,411685 348973))
31255;POLYGON((188533 337249,240182 339182,241441 309097,189521 307162,188533 337249))
31256;POLYGON((-34675 334247,16980 334165,17067 304075,-34858 304158,-34675 334247))
31257;POLYGON((561685 348973,613311 352931,615748 322860,563849 318898,561685 348973))
31258;POLYGON((638533 337249,690182 339182,691441 309097,639521 307162,638533 337249))
31259;POLYGON((715324 334247,766980 334165,767067 304075,715141 304158,715324 334247))
31284;POLYGON((561685 5348973,613311 5352931,615748 5322860,563849 5318898,561685 5348973))
31285;POLYGON((638533 5337249,690182 5339182,691441 5309097,639521 5307162,638533 5337249))
31286;POLYGON((715324 5334247,766980 5334165,767067 5304075,715141 5304158,715324 5334247))
31287;POLYGON((588454 474894,640059 476805,641307 446751,589433 444829,588454 474894))
25833;POLYGON((564429 5332858,616062 5333672,616671 5303596,564767 5302781,564429 5332858))
25832;POLYGON((1010605 5355335,1062194 5360199,1065158 5330150,1013295 5325281,1010605 5355335))
