4326;POLYGON((16.505496727778308 48.17661113032934,17.068834603465387 48.17661113032934,17.068834603465387 47.886274068957164,16.505496727778308 47.886274068957164,16.505496727778308 48.17661113032934))
31254;POLYGON((458958 356035,500824 359563,503655 327304,461551 323772,458958 356035))
31255;POLYGON((235961 342448,277849 344330,279415 312054,237290 310170,235961 342448))
31256;POLYGON((12893 337590,54789 337836,55096 305553,12964 305307,12893 337590))
31257;POLYGON((608958 356035,650824 359563,653655 327304,611551 323772,608958 356035))
31258;POLYGON((685961 342448,727849 344330,729415 312054,687290 310170,685961 342448))
31259;POLYGON((762893 337590,804789 337836,805096 305553,762964 305307,762893 337590))
31284;POLYGON((608958 5356035,650824 5359563,653655 5327304,611551 5323772,608958 5356035))
31285;POLYGON((685961 5342448,727849 5344330,729415 5312054,687290 5310170,685961 5342448))
31286;POLYGON((762893 5337590,804789 5337836,805096 5305553,762964 5305307,762893 5337590))
31287;POLYGON((635845 480069,677688 481929,679238 449693,637161 447823,635845 480069))
25833;POLYGON((611918 5337025,653794 5337999,654661 5305731,612548 5304757,611918 5337025))
25832;POLYGON((1057783 5363229,1099618 5367492,1103016 5335257,1060942 5330989,1057783 5363229))
