4326;POLYGON((16.502187616749772 48.64486056261122,16.977436119306393 48.64486056261122,16.977436119306393 48.115100769535715,16.502187616749772 48.115100769535715,16.502187616749772 48.64486056261122))
31254;POLYGON((454507 408048,489501 410996,494624 352135,459262 349180,454507 408048))
31255;POLYGON((233562 394497,268575 396060,271377 337166,235997 335599,233562 394497))
31256;POLYGON((12534 389659,47556 389844,48049 330936,12662 330750,12534 389659))
31257;POLYGON((604507 408048,639501 410996,644624 352135,609262 349180,604507 408048))
31258;POLYGON((683562 394497,718575 396060,721377 337166,685997 335599,683562 394497))
31259;POLYGON((762534 389659,797556 389844,798049 330936,762662 330750,762534 389659))
31284;POLYGON((604507 5408048,639501 5410996,644624 5352135,609262 5349180,604507 5408048))
31285;POLYGON((683562 5394497,718575 5396060,721377 5337166,685997 5335599,683562 5394497))
31286;POLYGON((762534 5389659,797556 5389844,798049 5330936,762662 5330750,762534 5389659))
31287;POLYGON((633478 532074,668461 533608,671220 474777,635877 473227,633478 532074))
