4326;POLYGON((14.690222604197615 49.020525410509705,15.18788988774059 49.020525410509705,15.18788988774059 48.551446367664134,14.690222604197615 48.551446367664134,14.690222604197615 49.020525410509705))
31254;POLYGON((318660 440585,355044 442797,358373 390657,321646 388441,318660 440585))
31255;POLYGON((99306 432317,135704 433086,136973 380925,100233 380154,99306 432317))
31256;POLYGON((-120085 432727,-83686 432057,-84473 379894,-121213 380566,-120085 432727))
31257;POLYGON((468660 440585,505044 442797,508373 390657,471646 388441,468660 440585))
31258;POLYGON((549306 432317,585704 433086,586973 380925,550233 380154,549306 432317))
31259;POLYGON((629914 432727,666313 432057,665526 379894,628786 380566,629914 432727))
31284;POLYGON((468660 5440585,505044 5442797,508373 5390657,471646 5388441,468660 5440585))
31285;POLYGON((549306 5432317,585704 5433086,586973 5380925,550233 5380154,549306 5432317))
31286;POLYGON((629914 5432727,666313 5432057,665526 5379894,628786 5380566,629914 5432727))
31287;POLYGON((499303 569959,535696 570710,536939 518565,500212 517807,499303 569959))
25833;POLYGON((477351 5429783,513737 5429754,513865 5377611,477139 5377640,477351 5429783))
25832;POLYGON((915930 5445353,952288 5448209,956537 5396106,919836 5393244,915930 5445353))
