4326;POLYGON((15.733306490771728 48.877555039462386,16.304289111323595 48.877555039462386,16.304289111323595 48.46314292795378,15.733306490771728 48.46314292795378,15.733306490771728 48.877555039462386))
31254;POLYGON((396047 429606,437901 432744,441517 386692,399314 383548,396047 429606))
31255;POLYGON((176096 418305,217972 419783,219766 373707,177544 372226,176096 418305))
31256;POLYGON((-43920 415698,-2038 415523,-2057 369438,-44284 369613,-43920 415698))
31257;POLYGON((546047 429606,587901 432744,591517 386692,549314 383548,546047 429606))
31258;POLYGON((626096 418305,667972 419783,669766 373707,627544 372226,626096 418305))
31259;POLYGON((706079 415698,747961 415523,747942 369438,705715 369613,706079 415698))
31284;POLYGON((546047 5429606,587901 5432744,591517 5386692,549314 5383548,546047 5429606))
31285;POLYGON((626096 5418305,667972 5419783,669766 5373707,627544 5372226,626096 5418305))
31286;POLYGON((706079 5415698,747961 5415523,747942 5369438,705715 5369613,706079 5415698))
31287;POLYGON((576065 555909,617920 557354,619680 511310,577486 509852,576065 555909))
