4326;POLYGON((15.424168614781223 48.89824971872068,15.940939538859476 48.89824971872068,15.940939538859476 48.56122324188402,15.424168614781223 48.56122324188402,15.424168614781223 48.89824971872068))
31254;POLYGON((373229 430340,411097 433011,413860 395555,375736 392880,373229 430340))
31255;POLYGON((153359 419937,191245 421107,192526 383633,154386 382461,153359 419937))
31256;POLYGON((-66568 418225,-28678 417899,-28872 380420,-67016 380746,-66568 418225))
31257;POLYGON((523229 430340,561097 433011,563860 395555,525736 392880,523229 430340))
31258;POLYGON((603359 419937,641245 421107,642526 383633,604386 382461,603359 419937))
31259;POLYGON((683431 418225,721321 417899,721127 380420,682983 380746,683431 418225))
31284;POLYGON((523229 5430340,561097 5433011,563860 5395555,525736 5392880,523229 5430340))
31285;POLYGON((603359 5419937,641245 5421107,642526 5383633,604386 5382461,603359 5419937))
31286;POLYGON((683431 5418225,721321 5417899,721127 5380420,682983 5380746,683431 5418225))
31287;POLYGON((553338 557555,591209 558699,592465 521245,554345 520093,553338 557555))
