4326;POLYGON((15.983089000796088 48.599796492986066,16.46383548346877 48.599796492986066,16.46383548346877 48.281036144254074,15.983089000796088 48.281036144254074,15.983089000796088 48.599796492986066))
31254;POLYGON((416652 400071,452086 402812,454932 367391,419273 364646,416652 400071))
31255;POLYGON((195488 388029,230941 389370,232390 353930,196715 352587,195488 388029))
31256;POLYGON((-25741 384694,9716 384642,9775 349196,-25905 349248,-25741 384694))
31257;POLYGON((566652 400071,602086 402812,604932 367391,569273 364646,566652 400071))
31258;POLYGON((645488 388029,680941 389370,682390 353930,646715 352587,645488 388029))
31259;POLYGON((724258 384694,759716 384642,759775 349196,724094 349248,724258 384694))
31284;POLYGON((566652 5400071,602086 5402812,604932 5367391,569273 5364646,566652 5400071))
31285;POLYGON((645488 5388029,680941 5389370,682390 5353930,646715 5352587,645488 5388029))
31286;POLYGON((724258 5384694,759716 5384642,759775 5349196,724094 5349248,724258 5384694))
31287;POLYGON((595428 525636,630856 526953,632282 491543,596635 490218,595428 525636))
