4326;POLYGON((15.270584520246329 48.63279715955803,15.785770409415358 48.63279715955803,15.785770409415358 48.269160904978534,15.270584520246329 48.269160904978534,15.270584520246329 48.63279715955803))
31254;POLYGON((363890 400091,401844 402679,404730 362265,366502 359672,363890 400091))
31255;POLYGON((142849 390122,180819 391212,182113 350780,143871 349688,142849 390122))
31256;POLYGON((-78241 388852,-40268 388450,-40559 348014,-78804 348416,-78241 388852))
31257;POLYGON((513890 400091,551844 402679,554730 362265,516502 359672,513890 400091))
31258;POLYGON((592849 390122,630819 391212,632113 350780,593871 349688,592849 390122))
31259;POLYGON((671758 388852,709731 388450,709440 348014,671195 348416,671758 388852))
31284;POLYGON((513890 5400091,551844 5402679,554730 5362265,516502 5359672,513890 5400091))
31285;POLYGON((592849 5390122,630819 5391212,632113 5350780,593871 5349688,592849 5390122))
31286;POLYGON((671758 5388852,709731 5388450,709440 5348014,671195 5348416,671758 5388852))
31287;POLYGON((542816 527756,580769 528826,582043 488418,543822 487340,542816 527756))
25833;POLYGON((519936 5386672,557894 5386934,558309 5346515,520079 5346252,519936 5386672))
25832;POLYGON((961891 5405641,999817 5408898,1003414 5368513,965212 5365251,961891 5405641))
