4326;POLYGON((15.160802676926068 48.090107903121826,15.949372420463586 48.090107903121826,15.949372420463586 47.74547848612381,15.160802676926068 47.74547848612381,15.160802676926068 48.090107903121826))
31254;POLYGON((359607 339251,418326 343243,421120 304943,362007 300946,359607 339251))
31255;POLYGON((136194 329580,194935 331274,196233 292958,137100 291262,136194 329580))
31256;POLYGON((-87258 328626,-28514 328030,-28706 289711,-87842 290308,-87258 328626))
31257;POLYGON((509607 339251,568326 343243,571120 304943,512007 300946,509607 339251))
31258;POLYGON((586194 329580,644935 331274,646233 292958,587100 291262,586194 329580))
31259;POLYGON((662741 328626,721485 328030,721293 289711,662157 290308,662741 328626))
31284;POLYGON((509607 5339251,568326 5343243,571120 5304943,512007 5300946,509607 5339251))
31285;POLYGON((586194 5329580,644935 5331274,646233 5292958,587100 5291262,586194 5329580))
31286;POLYGON((662741 5328626,721485 5328030,721293 5289711,662157 5290308,662741 5328626))
31287;POLYGON((536144 467244,594848 468921,596137 430635,537044 428947,536144 467244))
25833;POLYGON((511974 5326327,570695 5326751,571166 5288448,512054 5288024,511974 5326327))
25832;POLYGON((958671 5344700,1017350 5349718,1020813 5311444,961738 5306420,958671 5344700))
