4326;POLYGON((14.943585786876126 48.378511890993714,15.531802930818412 48.378511890993714,15.531802930818412 48.006805685801915,14.943585786876126 48.006805685801915,14.943585786876126 48.378511890993714))
31254;POLYGON((341504 370316,385060 373108,387860 331795,343986 328999,341504 370316))
31255;POLYGON((119342 361287,162913 362368,164094 321040,120206 319957,119342 361287))
31256;POLYGON((-102858 360964,-59285 360340,-59718 319008,-103607 319634,-102858 360964))
31257;POLYGON((491504 370316,535060 373108,537860 331795,493986 328999,491504 370316))
31258;POLYGON((569342 361287,612913 362368,614094 321040,570206 319957,569342 361287))
31259;POLYGON((647141 360964,690714 360340,690281 319008,646392 319634,647141 360964))
31284;POLYGON((491504 5370316,535060 5373108,537860 5331795,493986 5328999,491504 5370316))
31285;POLYGON((569342 5361287,612913 5362368,614094 5321040,570206 5319957,569342 5361287))
31286;POLYGON((647141 5360964,690714 5360340,690281 5319008,646392 5319634,647141 5360964))
31287;POLYGON((519308 498941,562859 500007,564027 458703,520163 457629,519308 498941))
25833;POLYGON((495822 5358373,539378 5358508,539664 5317193,495792 5317058,495822 5358373))
25832;POLYGON((940018 5375461,983544 5379018,987067 5337733,943222 5334171,940018 5375461))
