4326;POLYGON((16.19928437835189 48.81428902329669,16.92844051432819 48.81428902329669,16.92844051432819 48.31442744053361,16.19928437835189 48.31442744053361,16.19928437835189 48.81428902329669))
31254;POLYGON((430748 425113,484258 429507,489070 373968,435025 369563,430748 425113))
31255;POLYGON((210536 412453,264077 414726,266693 359153,212620 356876,210536 412453))
31256;POLYGON((-9752 408496,43799 408656,44230 353071,-9852 352910,-9752 408496))
31257;POLYGON((580748 425113,634258 429507,639070 373968,585025 369563,580748 425113))
31258;POLYGON((660536 412453,714077 414726,716693 359153,662620 356876,660536 412453))
31259;POLYGON((740247 408496,793799 408656,794230 353071,740147 352910,740247 408496))
31284;POLYGON((580748 5425113,634258 5429507,639070 5373968,585025 5369563,580748 5425113))
31285;POLYGON((660536 5412453,714077 5414726,716693 5359153,662620 5356876,660536 5412453))
31286;POLYGON((740247 5408496,793799 5408656,794230 5353071,740147 5352910,740247 5408496))
31287;POLYGON((610483 550035,663984 552259,666553 496742,612530 494496,610483 550035))
