4326;POLYGON((16.039475002135475 48.17103009186759,16.4169016852895 48.17103009186759,16.4169016852895 48.003235167183654,16.039475002135475 48.003235167183654,16.039475002135475 48.17103009186759))
31254;POLYGON((424366 352731,452422 354888,453900 336242,425752 334083,424366 352731))
31255;POLYGON((201330 340502,229398 341559,230146 322904,201985 321847,201330 340502))
31256;POLYGON((-21767 336998,6305 336959,6324 318301,-21839 318341,-21767 336998))
31257;POLYGON((574366 352731,602422 354888,603900 336242,575752 334083,574366 352731))
31258;POLYGON((651330 340502,679398 341559,680146 322904,651985 321847,651330 340502))
31259;POLYGON((728232 336998,756305 336959,756324 318301,728160 318341,728232 336998))
31284;POLYGON((574366 5352731,602422 5354888,603900 5336242,575752 5334083,574366 5352731))
31285;POLYGON((651330 5340502,679398 5341559,680146 5322904,651985 5321847,651330 5340502))
31286;POLYGON((728232 5336998,756305 5336959,756324 5318301,728160 5318341,728232 5336998))
31287;POLYGON((601242 478140,629287 479185,630027 460547,601891 459499,601242 478140))
25833;POLYGON((577283 5335832,605343 5336280,605686 5317631,577534 5317182,577283 5335832))
25832;POLYGON((1023228 5359317,1051264 5361967,1053069 5343334,1024940 5340683,1023228 5359317))
