4326;POLYGON((15.6006711223924 47.867004117502304,16.219429236954927 47.867004117502304,16.219429236954927 47.46143734604327,15.6006711223924 47.46143734604327,15.6006711223924 47.867004117502304))
31254;POLYGON((394059 316607,440331 319956,443765 274885,397130 271532,394059 316607))
31255;POLYGON((169689 305645,215978 307188,217657 262101,171007 260555,169689 305645))
31256;POLYGON((-54727 303412,-8433 303157,-8501 258064,-55155 258320,-54727 303412))
31257;POLYGON((544059 316607,590331 319956,593765 274885,547130 271532,544059 316607))
31258;POLYGON((619689 305645,665978 307188,667657 262101,621007 260555,619689 305645))
31259;POLYGON((695272 303412,741566 303157,741498 258064,694844 258320,695272 303412))
31284;POLYGON((544059 5316607,590331 5319956,593765 5274885,547130 5271532,544059 5316607))
31285;POLYGON((619689 5305645,665978 5307188,667657 5262101,621007 5260555,619689 5305645))
31286;POLYGON((695272 5303412,741566 5303157,741498 5258064,694844 5258320,695272 5303412))
31287;POLYGON((569615 443317,615868 444850,617541 399803,570928 398258,569615 443317))
