4326;POLYGON((15.263455247086819 48.38818947354806,16.013111916652356 48.38818947354806,16.013111916652356 47.88902419708517,15.263455247086819 47.88902419708517,15.263455247086819 48.38818947354806))
31254;POLYGON((365121 372868,420615 376719,424723 321245,368683 317387,365121 372868))
31255;POLYGON((143009 362909,198526 364578,200459 309081,144400 307409,143009 362909))
31256;POLYGON((-79148 361659,-23626 361154,-23859 305649,-79922 306156,-79148 361659))
31257;POLYGON((515121 372868,570615 376719,574723 321245,518683 317387,515121 372868))
31258;POLYGON((593009 362909,648526 364578,650459 309081,594400 307409,593009 362909))
31259;POLYGON((670851 361659,726373 361154,726140 305649,670077 306156,670851 361659))
31284;POLYGON((515121 5372868,570615 5376719,574723 5321245,518683 5317387,515121 5372868))
31285;POLYGON((593009 5362909,648526 5364578,650459 5309081,594400 5307409,593009 5362909))
31286;POLYGON((670851 5361659,726373 5361154,726140 5305649,670077 5306156,670851 5361659))
31287;POLYGON((542965 500555,598451 502200,600363 446744,544342 445083,542965 500555))
25833;POLYGON((519504 5359480,575004 5359943,575735 5304462,519694 5303999,519504 5359480))
25832;POLYGON((963600 5378428,1019055 5383254,1024134 5327819,968132 5322984,963600 5378428))
