4326;POLYGON((14.843978436463296 48.14604195100004,15.33692164218245 48.14604195100004,15.33692164218245 47.7089926154505,14.843978436463296 47.7089926154505,14.843978436463296 48.14604195100004))
31254;POLYGON((335648 344036,372317 346307,375472 297731,338492 295455,335648 344036))
31255;POLYGON((112471 335288,149152 336125,150412 287532,113421 286694,112471 335288))
31256;POLYGON((-110739 335254,-74058 334660,-74687 286065,-111679 286660,-110739 335254))
31257;POLYGON((485648 344036,522317 346307,525472 297731,488492 295455,485648 344036))
31258;POLYGON((562471 335288,599152 336125,600412 287532,563421 286694,562471 335288))
31259;POLYGON((639260 335254,675941 334660,675312 286065,638320 286660,639260 335254))
31284;POLYGON((485648 5344036,522317 5346307,525472 5297731,488492 5295455,485648 5344036))
31285;POLYGON((562471 5335288,599152 5336125,600412 5287532,563421 5286694,562471 5335288))
31286;POLYGON((639260 5335254,675941 5334660,675312 5286065,638320 5286660,639260 5335254))
31287;POLYGON((512434 472955,549097 473782,550347 425218,513377 424383,512434 472955))
25833;POLYGON((488394 5332544,525061 5332587,525273 5284011,488296 5283968,488394 5332544))
25832;POLYGON((934619 5349069,971264 5351981,975266 5303436,938308 5300519,934619 5349069))
