4326;POLYGON((15.712511752826028 48.500758473959486,16.270459780587757 48.500758473959486,16.270459780587757 48.19497422990706,15.712511752826028 48.19497422990706,15.712511752826028 48.500758473959486))
31254;POLYGON((397483 387620,438691 390677,441330 356696,399873 353635,397483 387620))
31255;POLYGON((175876 376360,217104 377792,218406 343795,176931 342361,175876 376360))
31256;POLYGON((-45788 373809,-4555 373623,-4584 339620,-46064 339806,-45788 373809))
31257;POLYGON((547483 387620,588691 390677,591330 356696,549873 353635,547483 387620))
31258;POLYGON((625876 376360,667104 377792,668406 343795,626931 342361,625876 376360))
31259;POLYGON((704211 373809,745444 373623,745415 339620,703935 339806,704211 373809))
31284;POLYGON((547483 5387620,588691 5390677,591330 5356696,549873 5353635,547483 5387620))
31285;POLYGON((625876 5376360,667104 5377792,668406 5343795,626931 5342361,625876 5376360))
31286;POLYGON((704211 5373809,745444 5373623,745415 5339620,703935 5339806,704211 5373809))
31287;POLYGON((575822 513985,617022 515394,618306 481423,576861 480006,575822 513985))
