4326;POLYGON((15.117086954196793 48.99466934322261,15.609928850081271 48.99466934322261,15.609928850081271 48.70041714447256,15.117086954196793 48.70041714447256,15.117086954196793 48.99466934322261))
31254;POLYGON((350049 439594,386096 441987,388369 409282,352109 406886,350049 439594))
31255;POLYGON((130593 430086,166657 431050,167635 398330,131360 397365,130593 430086))
31256;POLYGON((-88911 429263,-52845 428801,-53158 396078,-89435 396541,-88911 429263))
31257;POLYGON((500049 439594,536096 441987,538369 409282,502109 406886,500049 439594))
31258;POLYGON((580593 430086,616657 431050,617635 398330,581360 397365,580593 430086))
31259;POLYGON((661088 429263,697154 428801,696841 396078,660564 396541,661088 429263))
31284;POLYGON((500049 5439594,536096 5441987,538369 5409282,502109 5406886,500049 5439594))
31285;POLYGON((580593 5430086,616657 5431050,617635 5398330,581360 5397365,580593 5430086))
31286;POLYGON((661088 5429263,697154 5428801,696841 5396078,660564 5396541,661088 5429263))
31287;POLYGON((530585 567714,566639 568655,567596 535948,531335 535002,530585 567714))
25833;POLYGON((508564 5426869,544616 5427042,544878 5394332,508615 5394160,508564 5426869))
25832;POLYGON((947348 5444916,983368 5447947,986219 5415267,949985 5412231,947348 5444916))
