4326;POLYGON((15.62194498910418 47.9608549426508,16.392481584952176 47.9608549426508,16.392481584952176 47.42218639720645,15.62194498910418 47.42218639720645,15.62194498910418 47.9608549426508))
31254;POLYGON((394934 327147,452450 331389,457147 271528,399030 267279,394934 327147))
31255;POLYGON((170971 316126,228511 318120,230875 258236,172739 256239,170971 316126))
31256;POLYGON((-53039 313833,4506 313587,4549 253695,-53591 253941,-53039 313833))
31257;POLYGON((544934 327147,602450 331389,607147 271528,549030 267279,544934 327147))
31258;POLYGON((620971 316126,678511 318120,680875 258236,622739 256239,620971 316126))
31259;POLYGON((696960 313833,754506 313587,754549 253695,696408 253941,696960 313833))
31284;POLYGON((544934 5327147,602450 5331389,607147 5271528,549030 5267279,544934 5327147))
31285;POLYGON((620971 5316126,678511 5318120,680875 5258236,622739 5256239,620971 5316126))
31286;POLYGON((696960 5313833,754506 5313587,754549 5253695,696408 5253941,696960 5313833))
31287;POLYGON((570898 453791,628392 455768,630746 395942,572659 393945,570898 453791))
