4326;POLYGON((15.984477843645546 48.35954478594422,16.66969098632486 48.35954478594422,16.66969098632486 47.98751747331677,15.984477843645546 47.98751747331677,15.984477843645546 48.35954478594422))
31254;POLYGON((418731 373379,469477 377359,472896 336020,421778 332034,418731 373379))
31255;POLYGON((196516 361320,247286 363302,249082 321942,197942 319957,196516 361320))
31256;POLYGON((-25761 357978,25016 357972,25195 316604,-25951 316610,-25761 357978))
31257;POLYGON((568731 373379,619477 377359,622896 336020,571778 332034,568731 373379))
31258;POLYGON((646516 361320,697286 363302,699082 321942,647942 319957,646516 361320))
31259;POLYGON((724238 357978,775016 357972,775195 316604,724048 316610,724238 357978))
31284;POLYGON((568731 5373379,619477 5377359,622896 5336020,571778 5332034,568731 5373379))
31285;POLYGON((646516 5361320,697286 5363302,699082 5321942,647942 5319957,646516 5361320))
31286;POLYGON((724238 5357978,775016 5357972,775195 5316604,724048 5316610,724238 5357978))
31287;POLYGON((596441 498944,647170 500898,648943 459580,597850 457612,596441 498944))
25833;POLYGON((572925 5356731,623681 5357610,624579 5316261,573454 5315381,572925 5356731))
25832;POLYGON((1017228 5379878,1067936 5384751,1072081 5343443,1021000 5338562,1017228 5379878))
