4326;POLYGON((14.784601954228199 48.777806769064,15.540472079743878 48.777806769064,15.540472079743878 48.32915378762238,14.784601954228199 48.32915378762238,14.784601954228199 48.777806769064))
31254;POLYGON((327142 414005,382670 417532,386075 367666,330050 364132,327142 414005))
31255;POLYGON((106723 405453,162274 406785,163713 356899,107669 355564,106723 405453))
31256;POLYGON((-113733 405591,-58180 404735,-58700 354844,-114746 355702,-113733 405591))
31257;POLYGON((477142 414005,532670 417532,536075 367666,480050 364132,477142 414005))
31258;POLYGON((556723 405453,612274 406785,613713 356899,557669 355564,556723 405453))
31259;POLYGON((636266 405591,691819 404735,691299 354844,635253 355702,636266 405591))
31284;POLYGON((477142 5414005,532670 5417532,536075 5367666,480050 5364132,477142 5414005))
31285;POLYGON((556723 5405453,612274 5406785,613713 5356899,557669 5355564,556723 5405453))
31286;POLYGON((636266 5405591,691819 5404735,691299 5354844,635253 5355702,636266 5405591))
31287;POLYGON((506708 543097,562242 544403,563657 494540,507638 493223,506708 543097))
