4326;POLYGON((14.245719946434235 48.378692539280024,14.409216814473636 48.378692539280024,14.409216814473636 48.21137112792566,14.245719946434235 48.21137112792566,14.245719946434235 48.378692539280024))
31254;POLYGON((289823 367459,301931 368091,302920 349490,290772 348858,289823 367459))
31255;POLYGON((67646 360458,79757 360615,80018 342009,67867 341852,67646 360458))
31256;POLYGON((-154552 362159,-142441 361842,-142908 343237,-155059 343555,-154552 362159))
31257;POLYGON((439823 367459,451931 368091,452920 349490,440772 348858,439823 367459))
31258;POLYGON((517646 360458,529757 360615,530018 342009,517867 341852,517646 360458))
31259;POLYGON((595447 362159,607558 361842,607091 343237,594940 343555,595447 362159))
31284;POLYGON((439823 5367459,451931 5368091,452920 5349490,440772 5348858,439823 5367459))
31285;POLYGON((517646 5360458,529757 5360615,530018 5342009,517867 5341852,517646 5360458))
31286;POLYGON((595447 5362159,607558 5361842,607091 5343237,594940 5343555,595447 5362159))
31287;POLYGON((467630 498124,479737 498278,479994 479679,467847 479524,467630 498124))
25833;POLYGON((444147 5358666,456253 5358560,456110 5339962,443964 5340068,444147 5358666))
25832;POLYGON((888370 5371699,900471 5372543,901785 5353954,889645 5353110,888370 5371699))
