4326;POLYGON((14.376207207528054 48.08891230724685,14.469937751934275 48.08891230724685,14.469937751934275 48.023575303908764,14.376207207528054 48.023575303908764,14.376207207528054 48.08891230724685))
31254;POLYGON((301184 335748,308164 336119,308555 328856,301565 328485,301184 335748))
31255;POLYGON((77748 328359,84731 328458,84838 321193,77847 321094,77748 328359))
31256;POLYGON((-145709 329683,-138726 329510,-138902 322245,-145893 322419,-145709 329683))
31257;POLYGON((451184 335748,458164 336119,458555 328856,451565 328485,451184 335748))
31258;POLYGON((527748 328359,534731 328458,534838 321193,527847 321094,527748 328359))
31259;POLYGON((604290 329683,611273 329510,611097 322245,604106 322419,604290 329683))
31284;POLYGON((451184 5335748,458164 5336119,458555 5328856,451565 5328485,451184 5335748))
31285;POLYGON((527748 5328359,534731 5328458,534838 5321193,527847 5321094,527748 5328359))
31286;POLYGON((604290 5329683,611273 5329510,611097 5322245,604106 5322419,604290 5329683))
31287;POLYGON((477724 466034,484704 466132,484810 458870,477821 458772,477724 466034))
25833;POLYGON((453547 5326370,460527 5326318,460477 5319056,453489 5319108,453547 5326370))
25832;POLYGON((900288 5340177,907264 5340670,907781 5333412,900796 5332919,900288 5340177))
