4326;POLYGON((13.96352948408931 48.21131645994042,14.09076563283535 48.21131645994042,14.09076563283535 48.12581988552864,13.96352948408931 48.12581988552864,13.96352948408931 48.21131645994042))
31254;POLYGON((269805 347823,279259 348277,279724 338773,270254 338318,269805 347823))
31255;POLYGON((46894 341637,56350 341722,56444 332215,46972 332130,46894 341637))
31256;POLYGON((-176030 344158,-166574 343874,-166852 334368,-176323 334652,-176030 344158))
31257;POLYGON((419805 347823,429259 348277,429724 338773,420254 338318,419805 347823))
31258;POLYGON((496894 341637,506350 341722,506444 332215,496972 332130,496894 341637))
31259;POLYGON((573969 344158,583425 343874,583147 334368,573676 334652,573969 344158))
31284;POLYGON((419805 5347823,429259 5348277,429724 5338773,420254 5338318,419805 5347823))
31285;POLYGON((496894 5341637,506350 5341722,506444 5332215,496972 5332130,496894 5341637))
31286;POLYGON((573969 5344158,583425 5343874,583147 5334368,573676 5334652,573969 5344158))
31287;POLYGON((446881 479311,456335 479395,456427 469891,446958 469807,446881 479311))
25833;POLYGON((423000 5340306,432452 5340187,432340 5330684,422872 5330804,423000 5340306))
25832;POLYGON((868690 5351708,878139 5352328,878769 5342829,869305 5342210,868690 5351708))
