4326;POLYGON((12.749240618865686 48.29561593648507,13.35973508921242 48.29561593648507,13.35973508921242 47.96987064784498,12.749240618865686 47.96987064784498,12.749240618865686 48.29561593648507))
31254;POLYGON((179277 353645,224569 355251,225994 319036,180414 317428,179277 353645))
31255;POLYGON((-43280 350986,2017 350820,2028 314599,-43556 314766,-43280 350986))
31256;POLYGON((-265824 357032,-220535 355093,-221937 318878,-267515 320819,-265824 357032))
31257;POLYGON((329277 353645,374569 355251,375994 319036,330414 317428,329277 353645))
31258;POLYGON((406719 350986,452017 350820,452028 314599,406443 314766,406719 350986))
31259;POLYGON((484175 357032,529464 355093,528062 318878,482484 320819,484175 357032))
31284;POLYGON((329277 5353645,374569 5355251,375994 5319036,330414 5317428,329277 5353645))
31285;POLYGON((406719 5350986,452017 5350820,452028 5314599,406443 5314766,406719 5350986))
31286;POLYGON((484175 5357032,529464 5355093,528062 5318878,482484 5320819,484175 5357032))
31287;POLYGON((356730 488658,402016 488494,402027 452283,356457 452448,356730 488658))
