4326;POLYGON((13.851230249589063 48.454797865860584,14.164490481154381 48.454797865860584,14.164490481154381 48.23429643201357,13.851230249589063 48.23429643201357,13.851230249589063 48.454797865860584))
31254;POLYGON((260218 374503,283384 375616,284609 351103,261343 349989,260218 374503))
31255;POLYGON((38366 368649,61537 368852,61802 344333,38531 344130,38366 368649))
31256;POLYGON((-183497 371494,-160329 370789,-161023 346271,-184292 346977,-183497 371494))
31257;POLYGON((410218 374503,433384 375616,434609 351103,411343 349989,410218 374503))
31258;POLYGON((488366 368649,511537 368852,511802 344333,488531 344130,488366 368649))
31259;POLYGON((566502 371494,589670 370789,588976 346271,565707 346977,566502 371494))
31284;POLYGON((410218 5374503,433384 5375616,434609 5351103,411343 5349989,410218 5374503))
31285;POLYGON((488366 5368649,511537 5368852,511802 5344333,488531 5344130,488366 5368649))
31286;POLYGON((566502 5371494,589670 5370789,588976 5346271,565707 5346977,566502 5371494))
31287;POLYGON((438358 506317,461524 506517,461785 482005,438521 481804,438358 506317))
