4326;POLYGON((14.370280646839054 48.648493012056846,14.93504049777311 48.648493012056846,14.93504049777311 48.29741568820619,14.370280646839054 48.29741568820619,14.370280646839054 48.648493012056846))
31254;POLYGON((297463 397931,339063 400288,341413 361264,299524 358903,297463 397931))
31255;POLYGON((76467 390576,118081 391294,118897 352256,76995 351537,76467 390576))
31256;POLYGON((-144554 391915,-102941 390997,-103656 351958,-145557 352878,-144554 391915))
31257;POLYGON((447463 397931,489063 400288,491413 361264,449524 358903,447463 397931))
31258;POLYGON((526467 390576,568081 391294,568897 352256,526995 351537,526467 390576))
31259;POLYGON((605445 391915,647058 390997,646343 351958,604442 352878,605445 391915))
31284;POLYGON((447463 5397931,489063 5400288,491413 5361264,449524 5358903,447463 5397931))
31285;POLYGON((526467 5390576,568081 5391294,568897 5352256,526995 5351537,526467 5390576))
31286;POLYGON((605445 5391915,647058 5390997,646343 5351958,604442 5352878,605445 5391915))
31287;POLYGON((476455 528233,518058 528938,518861 489914,476974 489204,476455 528233))
