4326;POLYGON((13.43609122802477 48.055522366187,14.097794527008313 48.055522366187,14.097794527008313 47.46111212318683,13.43609122802477 47.46111212318683,13.43609122802477 48.055522366187))
31254;POLYGON((231311 328784,280629 330984,283846 264907,233961 262703,231311 328784))
31255;POLYGON((7717 324128,57044 324404,57695 258314,7803 258037,7717 324128))
31256;POLYGON((-215878 328183,-166556 326537,-168468 260451,-218356 262100,-215878 328183))
31257;POLYGON((381311 328784,430629 330984,433846 264907,383961 262703,381311 328784))
31258;POLYGON((457717 324128,507044 324404,507695 258314,457803 258037,457717 324128))
31259;POLYGON((534121 328183,583443 326537,581531 260451,531643 262100,534121 328183))
31284;POLYGON((381311 5328784,430629 5330984,433846 5264907,383961 5262703,381311 5328784))
31285;POLYGON((457717 5324128,507044 5324404,507695 5258314,457803 5258037,457717 5324128))
31286;POLYGON((534121 5328183,583443 5326537,581531 5260451,531643 5262100,534121 5328183))
31287;POLYGON((407715 461809,457027 462082,457674 396016,407800 395740,407715 461809))
