4326;POLYGON((13.567033150072115 48.44901244343353,13.999992017602256 48.44901244343353,13.999992017602256 48.110368028471406,13.567033150072115 48.110368028471406,13.567033150072115 48.44901244343353))
31254;POLYGON((239228 372933,271250 374376,273050 336729,240815 335283,239228 372933))
31255;POLYGON((17347 367903,49375 368090,49701 330435,17460 330247,17347 367903))
31256;POLYGON((-204540 371572,-172515 370504,-173661 332851,-205899 333921,-204540 371572))
31257;POLYGON((389228 372933,421250 374376,423050 336729,390815 335283,389228 372933))
31258;POLYGON((467347 367903,499375 368090,499701 330435,467460 330247,467347 367903))
31259;POLYGON((545459 371572,577484 370504,576338 332851,544100 333921,545459 371572))
31284;POLYGON((389228 5372933,421250 5374376,423050 5336729,390815 5335283,389228 5372933))
31285;POLYGON((467347 5367903,499375 5368090,499701 5330435,467460 5330247,467347 5367903))
31286;POLYGON((545459 5371572,577484 5370504,576338 5332851,544100 5333921,545459 5371572))
31287;POLYGON((417343 505573,449365 505757,449686 468112,417455 467926,417343 505573))
