4326;POLYGON((13.95130056912126 48.10117751006001,14.491630497324477 48.10117751006001,14.491630497324477 47.60636168380524,13.95130056912126 47.60636168380524,13.95130056912126 48.10117751006001))
31254;POLYGON((269473 335536,309706 337569,312669 282566,272049 280528,269473 335536))
31255;POLYGON((46083 329382,86327 329845,87149 274829,46521 274365,46083 329382))
31256;POLYGON((-177318 331941,-137078 330835,-138391 275820,-179017 276927,-177318 331941))
31257;POLYGON((419473 335536,459706 337569,462669 282566,422049 280528,419473 335536))
31258;POLYGON((496083 329382,536327 329845,537149 274829,496521 274365,496083 329382))
31259;POLYGON((572681 331941,612921 330835,611608 275820,570982 276927,572681 331941))
31284;POLYGON((419473 5335536,459706 5337569,462669 5282566,422049 5280528,419473 5335536))
31285;POLYGON((496083 5329382,536327 5329845,537149 5274829,496521 5274365,496083 5329382))
31286;POLYGON((572681 5331941,612921 5330835,611608 5275820,570982 5276927,572681 5331941))
31287;POLYGON((446070 467060,486299 467519,487117 412524,446505 412062,446070 467060))
