4326;POLYGON((14.091324287778113 48.33213898623257,14.521178662330902 48.33213898623257,14.521178662330902 48.069105760249016,14.091324287778113 48.069105760249016,14.091324287778113 48.33213898623257))
31254;POLYGON((278643 361711,310506 363363,312101 334124,280073 332470,278643 361711))
31255;POLYGON((56260 355157,88131 355560,88582 326313,56547 325909,56260 355157))
31256;POLYGON((-166140 357306,-134270 356463,-134961 327216,-166994 328061,-166140 357306))
31257;POLYGON((428643 361711,460506 363363,462101 334124,430073 332470,428643 361711))
31258;POLYGON((506260 355157,538131 355560,538582 326313,506547 325909,506260 355157))
31259;POLYGON((583859 357306,615729 356463,615038 327216,583005 328061,583859 357306))
31284;POLYGON((428643 5361711,460506 5363363,462101 5334124,430073 5332470,428643 5361711))
31285;POLYGON((506260 5355157,538131 5355560,538582 5326313,506547 5325909,506260 5355157))
31286;POLYGON((583859 5357306,615729 5356463,615038 5327216,583005 5328061,583859 5357306))
31287;POLYGON((456246 492826,488107 493224,488553 463987,456530 463587,456246 492826))
25833;POLYGON((432653 5353616,464511 5353327,464329 5324091,432307 5324380,432653 5353616))
25832;POLYGON((877288 5365754,909130 5367964,911236 5338743,879229 5336531,877288 5365754))
