4326;POLYGON((14.398487135199558 48.42401743986926,14.99216984163561 48.42401743986926,14.99216984163561 48.157082086871334,14.398487135199558 48.157082086871334,14.398487135199558 48.42401743986926))
31254;POLYGON((300869 373087,344794 375592,346598 345921,302442 343413,300869 373087))
31255;POLYGON((78893 365643,122831 366423,123472 336742,79304 335962,78893 365643))
31256;POLYGON((-143108 366901,-99171 365960,-99690 336278,-143858 337221,-143108 366901))
31257;POLYGON((450869 373087,494794 375592,496598 345921,452442 343413,450869 373087))
31258;POLYGON((528893 365643,572831 366423,573472 336742,529304 335962,528893 365643))
31259;POLYGON((606891 366901,650828 365960,650309 336278,606141 337221,606891 366901))
31284;POLYGON((450869 5373087,494794 5375592,496598 5345921,452442 5343413,450869 5373087))
31285;POLYGON((528893 5365643,572831 5366423,573472 5336742,529304 5335962,528893 5365643))
31286;POLYGON((606891 5366901,650828 5365960,650309 5336278,606141 5337221,606891 5366901))
31287;POLYGON((478874 503306,522798 504074,523430 474406,479280 473634,478874 503306))
