4326;POLYGON((13.195491078368763 48.372163091329746,13.628563340245634 48.372163091329746,13.628563340245634 48.05121847750443,13.195491078368763 48.05121847750443,13.195491078368763 48.372163091329746))
31254;POLYGON((212067 363294,244147 364583,245677 328902,213396 327612,212067 363294))
31255;POLYGON((-10153 359341,21931 359373,22067 323686,-10218 323654,-10153 359341))
31256;POLYGON((-232371 364090,-200291 362865,-201549 327182,-233831 328408,-232371 364090))
31257;POLYGON((362067 363294,394147 364583,395677 328902,363396 327612,362067 363294))
31258;POLYGON((439846 359341,471931 359373,472067 323686,439781 323654,439846 359341))
31259;POLYGON((517628 364090,549708 362865,548450 327182,516168 328408,517628 364090))
31284;POLYGON((362067 5363294,394147 5364583,395677 5328902,363396 5327612,362067 5363294))
31285;POLYGON((439846 5359341,471931 5359373,472067 5323686,439781 5323654,439846 5359341))
31286;POLYGON((517628 5364090,549708 5362865,548450 5327182,516168 5328408,517628 5364090))
31287;POLYGON((389848 497013,421926 497044,422060 461366,389784 461335,389848 497013))
