4326;POLYGON((13.727090357245284 48.77256651314779,14.221647466238295 48.77256651314779,14.221647466238295 48.37318206431205,13.727090357245284 48.37318206431205,13.727090357245284 48.77256651314779))
31254;POLYGON((249467 409418,285810 411156,288071 366756,251440 365015,249467 409418))
31255;POLYGON((29003 403931,65355 404236,65870 359824,29230 359519,29003 403931))
31256;POLYGON((-191471 407132,-155122 406004,-156352 361595,-192988 362725,-191471 407132))
31257;POLYGON((399467 409418,435810 411156,438071 366756,401440 365015,399467 409418))
31258;POLYGON((479003 403931,515355 404236,515870 359824,479230 359519,479003 403931))
31259;POLYGON((558528 407132,594877 406004,593647 361595,557011 362725,558528 407132))
31284;POLYGON((399467 5409418,435810 5411156,438071 5366756,401440 5365015,399467 5409418))
31285;POLYGON((479003 5403931,515355 5404236,515870 5359824,479230 5359519,479003 5403931))
31286;POLYGON((558528 5407132,594877 5406004,593647 5361595,557011 5362725,558528 5407132))
31287;POLYGON((429000 541594,465348 541893,465854 497491,429223 497190,429000 541594))
