4326;POLYGON((13.40693196067625 48.59113117582633,13.865375713374913 48.59113117582633,13.865375713374913 48.24532688369229,13.40693196067625 48.24532688369229,13.40693196067625 48.59113117582633))
31254;POLYGON((226752 388246,260564 389708,262338 351264,228295 349799,226752 388246))
31255;POLYGON((5488 383684,39308 383817,39573 345363,5524 345230,5488 383684))
31256;POLYGON((-215776 387814,-181961 386618,-183202 348169,-217247 349367,-215776 387814))
31257;POLYGON((376752 388246,410564 389708,412338 351264,378295 349799,376752 388246))
31258;POLYGON((455488 383684,489308 383817,489573 345363,455524 345230,455488 383684))
31259;POLYGON((534223 387814,568038 386618,566797 348169,532752 349367,534223 387814))
31284;POLYGON((376752 5388246,410564 5389708,412338 5351264,378295 5349799,376752 5388246))
31285;POLYGON((455488 5383684,489308 5383817,489573 5345363,455524 5345230,455488 5383684))
31286;POLYGON((534223 5387814,568038 5386618,566797 5348169,532752 5349367,534223 5387814))
31287;POLYGON((405488 521351,439301 521481,439563 483037,405523 482906,405488 521351))
25833;POLYGON((382530 5383230,416334 5382626,415764 5344190,381730 5344794,382530 5383230))
25832;POLYGON((824924 5391386,858715 5393441,861162 5355020,827139 5352962,824924 5391386))
