4326;POLYGON((14.149994824358219 48.13593072250222,14.77194737199185 48.13593072250222,14.77194737199185 47.67820190609263,14.149994824358219 47.67820190609263,14.149994824358219 48.13593072250222))
31254;POLYGON((284076 340114,330355 342600,333284 291720,286593 289231,284076 340114))
31255;POLYGON((60841 333384,107132 334061,108079 283168,61378 282490,60841 333384))
31256;POLYGON((-162411 335365,-116122 334236,-117153 283344,-163853 284474,-162411 335365))
31257;POLYGON((434076 340114,480355 342600,483284 291720,436593 289231,434076 340114))
31258;POLYGON((510841 333384,557132 334061,558079 283168,511378 282490,510841 333384))
31259;POLYGON((587588 335365,633877 334236,632846 283344,586146 284474,587588 335365))
31284;POLYGON((434076 5340114,480355 5342600,483284 5291720,436593 5289231,434076 5340114))
31285;POLYGON((510841 5333384,557132 5334061,558079 5283168,511378 5282490,510841 5333384))
31286;POLYGON((587588 5335365,633877 5334236,632846 5283344,586146 5284474,587588 5335365))
31287;POLYGON((460823 471059,507097 471729,508037 420859,461356 420183,460823 471059))
