4326;POLYGON((14.02140032814481 48.58692261042259,14.484458516016705 48.58692261042259,14.484458516016705 48.257067120239114,14.02140032814481 48.257067120239114,14.02140032814481 48.58692261042259))
31254;POLYGON((272094 389784,306246 391538,308236 354870,273861 353114,272094 389784))
31255;POLYGON((50822 383440,84983 383850,85533 347171,51150 346761,50822 383440))
31256;POLYGON((-170467 385790,-136307 384858,-137194 348181,-171576 349114,-170467 385790))
31257;POLYGON((422094 389784,456246 391538,458236 354870,423861 353114,422094 389784))
31258;POLYGON((500822 383440,534983 383850,535533 347171,501150 346761,500822 383440))
31259;POLYGON((579532 385790,613692 384858,612805 348181,578423 349114,579532 385790))
31284;POLYGON((422094 5389784,456246 5391538,458236 5354870,423861 5353114,422094 5389784))
31285;POLYGON((500822 5383440,534983 5383850,535533 5347171,501150 5346761,500822 5383440))
31286;POLYGON((579532 5385790,613692 5384858,612805 5348181,578423 5349114,579532 5385790))
31287;POLYGON((450813 521103,484967 521506,485509 484838,451136 484433,450813 521103))
