4326;POLYGON((13.270114085301257 48.133395875073944,13.835835412493516 48.133395875073944,13.835835412493516 47.761336649984834,13.270114085301257 47.761336649984834,13.270114085301257 48.133395875073944))
31254;POLYGON((218610 336957,260711 338719,262590 297358,220184 295593,218610 336957))
31255;POLYGON((-4647 332784,37460 332903,37728 291533,-4683 291415,-4647 332784))
31256;POLYGON((-227904 337320,-185801 335796,-187142 294430,-229549 295957,-227904 337320))
31257;POLYGON((368610 336957,410711 338719,412590 297358,370184 295593,368610 336957))
31258;POLYGON((445352 332784,487460 332903,487728 291533,445316 291415,445352 332784))
31259;POLYGON((522095 337320,564198 335796,562857 294430,520450 295957,522095 337320))
31284;POLYGON((368610 5336957,410711 5338719,412590 5297358,370184 5295593,368610 5336957))
31285;POLYGON((445352 5332784,487460 5332903,487728 5291533,445316 5291415,445352 5332784))
31286;POLYGON((522095 5337320,564198 5335796,562857 5294430,520450 5295957,522095 5337320))
31287;POLYGON((395353 470462,437449 470580,437715 429224,395318 429106,395353 470462))
