4326;POLYGON((13.753711448308026 48.25554421982158,14.171162067599031 48.25554421982158,14.171162067599031 48.00262272463671,13.753711448308026 48.00262272463671,13.753711448308026 48.25554421982158))
31254;POLYGON((253995 352024,284987 353489,286390 325373,255246 323906,253995 352024))
31255;POLYGON((31274 346448,62272 346701,62577 318578,31426 318325,31274 346448))
31256;POLYGON((-191457 349578,-160461 348620,-161253 320499,-192401 321458,-191457 349578))
31257;POLYGON((403995 352024,434987 353489,436390 325373,405246 323906,403995 352024))
31258;POLYGON((481274 346448,512272 346701,512577 318578,481426 318325,481274 346448))
31259;POLYGON((558542 349578,589538 348620,588746 320499,557598 321458,558542 349578))
31284;POLYGON((403995 5352024,434987 5353489,436390 5325373,405246 5323906,403995 5352024))
31285;POLYGON((481274 5346448,512272 5346701,512577 5318578,481426 5318325,481274 5346448))
31286;POLYGON((558542 5349578,589538 5348620,588746 5320499,557598 5321458,558542 5349578))
31287;POLYGON((431266 484122,462255 484372,462557 456258,431417 456007,431266 484122))
