4326;POLYGON((12.98562245978814 47.85439447338975,13.12727765147442 47.85439447338975,13.12727765147442 47.75121389448262,12.98562245978814 47.75121389448262,12.98562245978814 47.85439447338975))
31254;POLYGON((198504 305169,209103 305543,209518 294071,198897 293698,198504 305169))
31255;POLYGON((-25964 301819,-15363 301780,-15394 290308,-26016 290346,-25964 301819))
31256;POLYGON((-250426 307187,-239826 306736,-240303 295266,-250923 295716,-250426 307187))
31257;POLYGON((348504 305169,359103 305543,359518 294071,348897 293698,348504 305169))
31258;POLYGON((424035 301819,434636 301780,434605 290308,423983 290346,424035 301819))
31259;POLYGON((499573 307187,510173 306736,509696 295266,499076 295716,499573 307187))
31284;POLYGON((348504 5305169,359103 5305543,359518 5294071,348897 5293698,348504 5305169))
31285;POLYGON((424035 5301819,434636 5301780,434605 5290308,423983 5290346,424035 5301819))
31286;POLYGON((499573 5307187,510173 5306736,509696 5295266,499076 5295716,499573 5307187))
31287;POLYGON((374043 439506,384641 439468,384610 428000,373992 428038,374043 439506))
25833;POLYGON((349317 5302081,359913 5301814,359635 5290347,349018 5290614,349317 5302081))
25832;POLYGON((798121 5307810,808715 5308367,809328 5296903,798713 5296345,798121 5307810))
