4326;POLYGON((13.030937124180817 47.76759885430345,13.523297978466074 47.76759885430345,13.523297978466074 47.458397716284196,13.030937124180817 47.458397716284196,13.030937124180817 47.76759885430345))
31254;POLYGON((202231 295637,239134 297041,240548 262667,203426 261262,202231 295637))
31255;POLYGON((-22611 292154,14296 292126,14379 257747,-22746 257776,-22611 292154))
31256;POLYGON((-247448 297392,-210545 295931,-211793 261557,-248914 263019,-247448 297392))
31257;POLYGON((352231 295637,389134 297041,390548 262667,353426 261262,352231 295637))
31258;POLYGON((427388 292154,464296 292126,464379 257747,427253 257776,427388 292154))
31259;POLYGON((502551 297392,539454 295931,538206 261557,501085 263019,502551 297392))
31284;POLYGON((352231 5295637,389134 5297041,390548 5262667,353426 5261262,352231 5295637))
31285;POLYGON((427388 5292154,464296 5292126,464379 5257747,427253 5257776,427388 5292154))
31286;POLYGON((502551 5297392,539454 5295931,538206 5261557,501085 5263019,502551 5297392))
31287;POLYGON((377396 429845,414291 429817,414374 395450,377261 395478,377396 429845))
25833;POLYGON((352461 5292347,389352 5291526,388697 5257163,351588 5257985,352461 5292347))
25832;POLYGON((802013 5298342,838896 5300385,840903 5266030,803802 5263986,802013 5298342))
