4326;POLYGON((12.860181417862394 48.04146630123905,13.550868533782221 48.04146630123905,13.550868533782221 47.624890033771756,12.860181417862394 47.624890033771756,12.860181417862394 48.04146630123905))
31254;POLYGON((188436 325653,239931 327573,241859 281261,189949 279339,188436 325653))
31255;POLYGON((-35223 322669,16278 322582,16406 276264,-35508 276351,-35223 322669))
31256;POLYGON((-258873 328398,-207380 326304,-209050 279991,-260958 282089,-258873 328398))
31257;POLYGON((338436 325653,389931 327573,391859 281261,339949 279339,338436 325653))
31258;POLYGON((414776 322669,466278 322582,466406 276264,414491 276351,414776 322669))
31259;POLYGON((491126 328398,542619 326304,540949 279991,489041 282089,491126 328398))
31284;POLYGON((338436 5325653,389931 5327573,391859 5281261,339949 5279339,338436 5325653))
31285;POLYGON((414776 5322669,466278 5322582,466406 5276264,414491 5276351,414776 5322669))
31286;POLYGON((491126 5328398,542619 5326304,540949 5279991,489041 5282089,491126 5328398))
31287;POLYGON((364787 460350,416273 460264,416401 413960,364503 414048,364787 460350))
