4326;POLYGON((13.000505410035121 47.55575026426371,13.607906825285045 47.55575026426371,13.607906825285045 47.01341114464495,13.000505410035121 47.01341114464495,13.000505410035121 47.55575026426371))
31254;POLYGON((200760 272006,246471 273755,249003 213467,202822 211715,200760 272006))
31255;POLYGON((-24994 268609,20721 268590,20931 208294,-25254 208313,-24994 268609))
31256;POLYGON((-250743 273939,-205033 272152,-207144 211862,-253325 213651,-250743 273939))
31257;POLYGON((350760 272006,396471 273755,399003 213467,352822 211715,350760 272006))
31258;POLYGON((425005 268609,470721 268590,470931 208294,424745 208313,425005 268609))
31259;POLYGON((499256 273939,544966 272152,542855 211862,496674 213651,499256 273939))
31284;POLYGON((350760 5272006,396471 5273755,399003 5213467,352822 5211715,350760 5272006))
31285;POLYGON((425005 5268609,470721 5268590,470931 5208294,424745 5208313,425005 5268609))
31286;POLYGON((499256 5273939,544966 5272152,542855 5211862,496674 5213651,499256 5273939))
31287;POLYGON((375014 406308,420714 406289,420924 346014,374753 346033,375014 406308))
25833;POLYGON((349573 5268862,395268 5267864,394192 5207594,348027 5208594,349573 5268862))
25832;POLYGON((800951 5274684,846636 5277222,850204 5216966,804047 5214425,800951 5274684))
