4326;POLYGON((13.31779015880741 47.29619215589944,13.996124046500057 47.29619215589944,13.996124046500057 46.9438561360428,13.31779015880741 46.9438561360428,13.31779015880741 47.29619215589944))
31254;POLYGON((225745 244020,277044 246208,278880 207043,227240 204853,225745 244020))
31255;POLYGON((-1121 239697,50184 239908,50515 200737,-1130 200526,-1121 239697))
31256;POLYGON((-227987 244107,-176685 242342,-177858 203174,-229500 204940,-227987 244107))
31257;POLYGON((375745 244020,427044 246208,428880 207043,377240 204853,375745 244020))
31258;POLYGON((448878 239697,500184 239908,500515 200737,448869 200526,448878 239697))
31259;POLYGON((522012 244107,573314 242342,572141 203174,520499 204940,522012 244107))
31284;POLYGON((375745 5244020,427044 5246208,428880 5207043,377240 5204853,375745 5244020))
31285;POLYGON((448878 5239697,500184 5239908,500515 5200737,448869 5200526,448878 5239697))
31286;POLYGON((522012 5244107,573314 5242342,572141 5203174,520499 5204940,522012 5244107))
31287;POLYGON((398879 377406,450167 377617,450500 338461,398870 338247,398879 377406))
