4326;POLYGON((12.076097435384174 47.68268716313302,13.07622351551178 47.68268716313302,13.07622351551178 47.03560232118198,12.076097435384174 47.03560232118198,12.076097435384174 47.68268716313302))
31254;POLYGON((130873 284144,205960 286316,208492 214381,132480 212205,130873 284144))
31255;POLYGON((-94339 283437,-19248 282700,-19488 210758,-95503 211496,-94339 283437))
31256;POLYGON((-319528 291456,-244451 287808,-247465 215875,-323469 219530,-319528 291456))
31257;POLYGON((280873 284144,355960 286316,358492 214381,282480 212205,280873 284144))
31258;POLYGON((355660 283437,430751 282700,430511 210758,354496 211496,355660 283437))
31259;POLYGON((430471 291456,505548 287808,502534 215875,426530 219530,430471 291456))
31284;POLYGON((280873 5284144,355960 5286316,358492 5214381,282480 5212205,280873 5284144))
31285;POLYGON((355660 5283437,430751 5282700,430511 5210758,354496 5211496,355660 5283437))
31286;POLYGON((430471 5291456,505548 5287808,502534 5215875,426530 5219530,430471 5291456))
31287;POLYGON((305695 421129,380758 420395,380517 348477,304529 349220,305695 421129))
