4326;POLYGON((15.349713969241085 47.134501253480394,15.53419960040137 47.134501253480394,15.53419960040137 47.01188689825574,15.349713969241085 47.01188689825574,15.349713969241085 47.134501253480394))
31254;POLYGON((380557 233941,394549 234858,395457 221230,381432 220314,380557 233941))
31255;POLYGON((153025 223688,167021 224066,167404 210435,153376 210057,153025 223688))
31256;POLYGON((-74537 222182,-60541 222022,-60680 208390,-74708 208551,-74537 222182))
31257;POLYGON((530557 233941,544549 234858,545457 221230,531432 220314,530557 233941))
31258;POLYGON((603025 223688,617021 224066,617404 210435,603376 210057,603025 223688))
31259;POLYGON((675462 222182,689458 222022,689319 208390,675291 208551,675462 222182))
31284;POLYGON((530557 5233941,544549 5234858,545457 5221230,531432 5220314,530557 5233941))
31285;POLYGON((603025 5223688,617021 5224066,617404 5210435,603376 5210057,603025 5223688))
31286;POLYGON((675462 5222182,689458 5222022,689319 5208390,675291 5208551,675462 5222182))
31287;POLYGON((552961 361414,566948 361793,567333 348171,553314 347791,552961 361414))
25833;POLYGON((526520 5220170,540510 5220249,540603 5206623,526581 5206544,526520 5220170))
25832;POLYGON((981454 5239703,995437 5240860,996579 5227241,982563 5226083,981454 5239703))
