4326;POLYGON((14.976264610757795 46.972781578219674,15.43043721874964 46.972781578219674,15.43043721874964 46.63938556112988,14.976264610757795 46.63938556112988,14.976264610757795 46.972781578219674))
31254;POLYGON((353300 214214,387852 216365,390260 179311,355493 177158,353300 214214))
31255;POLYGON((125071 205048,159630 205871,160618 168810,125845 167986,125071 205048))
31256;POLYGON((-103181 204629,-68621 204129,-69048 167066,-103822 167566,-103181 204629))
31257;POLYGON((503300 214214,537852 216365,540260 179311,505493 177158,503300 214214))
31258;POLYGON((575071 205048,609630 205871,610618 168810,575845 167986,575071 205048))
31259;POLYGON((646818 204629,681378 204129,680951 167066,646177 167566,646818 204629))
31284;POLYGON((503300 5214214,537852 5216365,540260 5179311,505493 5177158,503300 5214214))
31285;POLYGON((575071 5205048,609630 5205871,610618 5168810,575845 5167986,575071 5205048))
31286;POLYGON((646818 5204629,681378 5204129,680951 5167066,646177 5167566,646818 5204629))
31287;POLYGON((525026 342779,559566 343609,560564 306569,525808 305734,525026 342779))
25833;POLYGON((498194 5202139,532740 5202229,532943 5165181,498183 5165091,498194 5202139))
25832;POLYGON((954522 5219498,989054 5222242,992097 5185209,957349 5182463,954522 5219498))
