4326;POLYGON((15.04841155672283 47.343612438672004,15.73073470906974 47.343612438672004,15.73073470906974 46.87595830035071,15.04841155672283 46.87595830035071,15.04841155672283 47.343612438672004))
31254;POLYGON((356298 255759,407843 259111,411439 207137,359437 203780,356298 255759))
31255;POLYGON((129657 246391,181216 247750,182809 195763,130796 194402,129657 246391))
31256;POLYGON((-97011 245762,-45450 245136,-45853 193145,-97867 193772,-97011 245762))
31257;POLYGON((506298 255759,557843 259111,561439 207137,509437 203780,506298 255759))
31258;POLYGON((579657 246391,631216 247750,632809 195763,580796 194402,579657 246391))
31259;POLYGON((652988 245762,704549 245136,704146 193145,652132 193772,652988 245762))
31284;POLYGON((506298 5255759,557843 5259111,561439 5207137,509437 5203780,506298 5255759))
31285;POLYGON((579657 5246391,631216 5247750,632809 5195763,580796 5194402,579657 5246391))
31286;POLYGON((652988 5245762,704549 5245136,704146 5193145,652132 5193772,652988 5245762))
31287;POLYGON((529605 384101,581131 385463,582732 333513,530750 332139,529605 384101))
