4326;POLYGON((15.306224015373692 47.02045398054394,15.750833842663818 47.02045398054394,15.750833842663818 46.6119846570784,15.306224015373692 46.6119846570784,15.306224015373692 47.02045398054394))
31254;POLYGON((378066 221055,411858 223301,414996 177905,380944 175657,378066 221055))
31255;POLYGON((150045 210926,183846 211872,185243 166466,151184 165518,150045 210926))
31256;POLYGON((-78003 209546,-44200 209197,-44539 163788,-78598 164137,-78003 209546))
31257;POLYGON((528066 221055,561858 223301,564996 177905,530944 175657,528066 221055))
31258;POLYGON((600045 210926,633846 211872,635243 166466,601184 165518,600045 210926))
31259;POLYGON((671996 209546,705799 209197,705460 163788,671401 164137,671996 209546))
31284;POLYGON((528066 5221055,561858 5223301,564996 5177905,530944 5175657,528066 5221055))
31285;POLYGON((600045 5210926,633846 5211872,635243 5166466,601184 5165518,600045 5210926))
31286;POLYGON((671996 5209546,705799 5209197,705460 5163788,671401 5164137,671996 5209546))
31287;POLYGON((549985 348658,583764 349612,585175 304237,551136 303276,549985 348658))
