4326;POLYGON((14.601194883271468 47.614500681200795,15.232300877166685 47.614500681200795,15.232300877166685 47.22702677588559,14.601194883271468 47.22702677588559,14.601194883271468 47.614500681200795))
31254;POLYGON((320856 283918,368289 286725,371005 243659,323221 240849,320856 283918))
31255;POLYGON((95373 275862,142818 276829,143868 233752,96073 232784,95373 275862))
31256;POLYGON((-130133 276534,-82688 275666,-83299 232587,-131094 233457,-130133 276534))
31257;POLYGON((470856 283918,518289 286725,521005 243659,473221 240849,470856 283918))
31258;POLYGON((545373 275862,592818 276829,593868 233752,546073 232784,545373 275862))
31259;POLYGON((619866 276534,667311 275666,666700 232587,618905 233457,619866 276534))
31284;POLYGON((470856 5283918,518289 5286725,521005 5243659,473221 5240849,470856 5283918))
31285;POLYGON((545373 5275862,592818 5276829,593868 5233752,546073 5232784,545373 5275862))
31286;POLYGON((619866 5276534,667311 5275666,666700 5232587,618905 5233457,619866 5276534))
31287;POLYGON((495337 413557,542758 414522,543808 371470,496038 370498,495337 413557))
25833;POLYGON((470030 5273532,517457 5273481,517585 5230419,469809 5230470,470030 5273532))
25832;POLYGON((920865 5288673,968269 5292301,971730 5249262,923974 5245628,920865 5288673))
