4326;POLYGON((13.563343744835448 47.765801652195414,15.139081497264767 47.765801652195414,15.139081497264767 47.24870141591394,13.563343744835448 47.24870141591394,13.563343744835448 47.765801652195414))
31254;POLYGON((242144 296965,360238 303103,363799 245629,244534 239481,242144 296965))
31255;POLYGON((17298 291934,135418 293484,136753 235994,17466 234442,17298 291934))
31256;POLYGON((-207551 295623,-89436 292592,-90322 235101,-209604 238137,-207551 295623))
31257;POLYGON((392144 296965,510238 303103,513799 245629,394534 239481,392144 296965))
31258;POLYGON((467298 291934,585418 293484,586753 235994,467466 234442,467298 291934))
31259;POLYGON((542448 295623,660563 292592,659677 235101,540395 238137,542448 295623))
31284;POLYGON((392144 5296965,510238 5303103,513799 5245629,394534 5239481,392144 5296965))
31285;POLYGON((467298 5291934,585418 5293484,586753 5235994,467466 5234442,467298 5291934))
31286;POLYGON((542448 5295623,660563 5292592,659677 5235101,540395 5238137,542448 5295623))
31287;POLYGON((417292 429625,535364 431168,536697 373710,417461 372153,417292 429625))
25833;POLYGON((392348 5291269,510421 5290279,510524 5232811,391286 5233802,392348 5291269))
25832;POLYGON((841908 5300361,959931 5308547,964487 5251108,845289 5242909,841908 5300361))
