4326;POLYGON((13.783462978878829 47.32948964228499,14.58995560151378 47.32948964228499,14.58995560151378 46.90927633594755,13.783462978878829 46.90927633594755,13.783462978878829 47.32948964228499))
31254;POLYGON((260798 249175,321748 252192,324294 205484,262860 202464,260798 249175))
31255;POLYGON((34078 243496,95039 244161,95788 197445,34346 196779,34078 243496))
31256;POLYGON((-192647 246549,-131690 244867,-132733 198151,-194173 199836,-192647 246549))
31257;POLYGON((410798 249175,471748 252192,474294 205484,412860 202464,410798 249175))
31258;POLYGON((484078 243496,545039 244161,545788 197445,484346 196779,484078 243496))
31259;POLYGON((557352 246549,618309 244867,617266 198151,555826 199836,557352 246549))
31284;POLYGON((410798 5249175,471748 5252192,474294 5205484,412860 5202464,410798 5249175))
31285;POLYGON((484078 5243496,545039 5244161,545788 5197445,484346 5196779,484078 5243496))
31286;POLYGON((557352 5246549,618309 5244867,617266 5198151,555826 5199836,557352 5246549))
31287;POLYGON((434067 381204,495003 381871,495757 335175,434336 334502,434067 381204))
