4326;POLYGON((14.840111513895017 47.21349477759493,15.313817854508544 47.21349477759493,15.313817854508544 46.909490204949606,14.840111513895017 46.909490204949606,14.840111513895017 47.21349477759493))
31254;POLYGON((341398 240363,377273 242547,379428 208759,343347 206573,341398 240363))
31255;POLYGON((114196 231600,150080 232401,150934 198605,114846 197804,114196 231600))
31256;POLYGON((-113029 231578,-77145 230999,-77586 197202,-113675 197781,-113029 231578))
31257;POLYGON((491398 240363,527273 242547,529428 208759,493347 206573,491398 240363))
31258;POLYGON((564196 231600,600080 232401,600934 198605,564846 197804,564196 231600))
31259;POLYGON((636970 231578,672854 230999,672413 197202,636324 197781,636970 231578))
31284;POLYGON((491398 5240363,527273 5242547,529428 5208759,493347 5206573,491398 5240363))
31285;POLYGON((564196 5231600,600080 5232401,600934 5198605,564846 5197804,564196 5231600))
31286;POLYGON((636970 5231578,672854 5230999,672413 5197202,636324 5197781,636970 5231578))
31287;POLYGON((514152 369317,550016 370120,550876 336345,514806 335536,514152 369317))
