4326;POLYGON((15.391549006630177 47.57637044521852,15.91386125992252 47.57637044521852,15.91386125992252 47.0139644913523,15.391549006630177 47.0139644913523,15.391549006630177 47.57637044521852))
31254;POLYGON((380534 283257,419815 285956,424301 223453,384598 220750,380534 283257))
31255;POLYGON((154902 272895,194195 274068,196264 211546,156551 210371,154902 272895))
31256;POLYGON((-70767 271269,-31471 270923,-31810 208396,-71525 208742,-70767 271269))
31257;POLYGON((530534 283257,569815 285956,574301 223453,534598 220750,530534 283257))
31258;POLYGON((604902 272895,644195 274068,646264 211546,606551 210371,604902 272895))
31259;POLYGON((679232 271269,718528 270923,718189 208396,678474 208742,679232 271269))
31284;POLYGON((530534 5283257,569815 5285956,574301 5223453,534598 5220750,530534 5283257))
31285;POLYGON((604902 5272895,644195 5274068,646264 5211546,606551 5210371,604902 5272895))
31286;POLYGON((679232 5271269,718528 5270923,718189 5208396,678474 5208742,679232 5271269))
31287;POLYGON((554834 410590,594099 411761,596173 349289,556487 348105,554834 410590))
25833;POLYGON((529446 5269291,568725 5269621,569458 5207121,529759 5206790,529446 5269291))
25832;POLYGON((980580 5289043,1019836 5292423,1025402 5229959,985723 5226574,980580 5289043))
