4326;POLYGON((14.223548434482291 47.46769951208402,15.05283175667882 47.46769951208402,15.05283175667882 46.997948685641326,14.223548434482291 46.997948685641326,14.223548434482291 47.46769951208402))
31254;POLYGON((293289 266106,355794 269571,358957 217359,295894 213890,293289 266106))
31255;POLYGON((67168 259147,129687 260194,130836 207970,67762 206922,67168 259147))
31256;POLYGON((-158967 260918,-96450 259552,-97308 207328,-160381 208696,-158967 260918))
31257;POLYGON((443289 266106,505794 269571,508957 217359,445894 213890,443289 266106))
31258;POLYGON((517168 259147,579687 260194,580836 207970,517762 206922,517168 259147))
31259;POLYGON((591032 260918,653549 259552,652691 207328,589618 208696,591032 260918))
31284;POLYGON((443289 5266106,505794 5269571,508957 5217359,445894 5213890,443289 5266106))
31285;POLYGON((517168 5259147,579687 5260194,580836 5207970,517762 5206922,517168 5259147))
31286;POLYGON((591032 5260918,653549 5259552,652691 5207328,589618 5208696,591032 5260918))
31287;POLYGON((467144 396849,529634 397896,530787 345701,467740 344644,467144 396849))
