4326;POLYGON((14.931485991537649 47.82789316993751,15.862343176637879 47.82789316993751,15.862343176637879 47.30776404695845,14.931485991537649 47.30776404695845,14.931485991537649 47.82789316993751))
31254;POLYGON((344270 309058,413940 313631,418068 255826,347700 251245,344270 309058))
31255;POLYGON((119715 300045,189407 301904,191290 244079,120903 242218,119715 300045))
31256;POLYGON((-104872 299757,-35176 298911,-35529 241081,-105919 241929,-104872 299757))
31257;POLYGON((494270 309058,563940 313631,568068 255826,497700 251245,494270 309058))
31258;POLYGON((569715 300045,639407 301904,641290 244079,570903 242218,569715 300045))
31259;POLYGON((645127 299757,714823 298911,714470 241081,644080 241929,645127 299757))
31284;POLYGON((494270 5309058,563940 5313631,568068 5255826,497700 5251245,494270 5309058))
31285;POLYGON((569715 5300045,639407 5301904,641290 5244079,570903 5242218,569715 5300045))
31286;POLYGON((645127 5299757,714823 5298911,714470 5241081,644080 5241929,645127 5299757))
31287;POLYGON((519669 437727,589318 439575,591197 381796,520856 379930,519669 437727))
