4326;POLYGON((15.710370719495197 47.530427108460515,16.171769193256733 47.530427108460515,16.171769193256733 46.96532710836328,15.710370719495197 46.96532710836328,15.710370719495197 47.530427108460515))
31254;POLYGON((404866 279767,439595 282281,444308 219480,409205 216962,404866 279767))
31255;POLYGON((179043 268472,213784 269638,216069 206818,180956 205650,179043 268472))
31256;POLYGON((-46822 265918,-12078 265741,-12211 202915,-47326 203092,-46822 265918))
31257;POLYGON((554866 279767,589595 282281,594308 219480,559205 216962,554866 279767))
31258;POLYGON((629043 268472,663784 269638,666069 206818,630956 205650,629043 268472))
31259;POLYGON((703177 265918,737921 265741,737788 202915,702673 203092,703177 265918))
31284;POLYGON((554866 5279767,589595 5282281,594308 5219480,559205 5216962,554866 5279767))
31285;POLYGON((629043 5268472,663784 5269638,666069 5206818,630956 5205650,629043 5268472))
31286;POLYGON((703177 5265918,737921 5265741,737788 5202915,702673 5203092,703177 5265918))
31287;POLYGON((578959 406169,613671 407333,615962 344570,580877 343393,578959 406169))
25833;POLYGON((553469 5264355,588198 5264776,589141 5201977,554041 5201555,553469 5264355))
25832;POLYGON((1004986 5285972,1039692 5289089,1045491 5226328,1010408 5223206,1004986 5285972))
