4326;POLYGON((15.587197000924846 47.06309647427622,16.107750087526338 47.06309647427622,16.107750087526338 46.6561371798734,15.587197000924846 46.6561371798734,15.587197000924846 47.06309647427622))
31254;POLYGON((399103 227191,438634 229984,441970 184758,402136 181962,399103 227191))
31255;POLYGON((171270 216242,210812 217512,212410 172274,172567 171003,171270 216242))
31256;POLYGON((-56596 214044,-17051 213797,-17183 168555,-57027 168803,-56596 214044))
31257;POLYGON((549103 227191,588634 229984,591970 184758,552136 181962,549103 227191))
31258;POLYGON((621270 216242,660812 217512,662410 172274,622567 171003,621270 216242))
31259;POLYGON((693403 214044,732948 213797,732816 168555,692972 168803,693403 214044))
31284;POLYGON((549103 5227191,588634 5229984,591970 5184758,552136 5181962,549103 5227191))
31285;POLYGON((621270 5216242,660812 5217512,662410 5172274,622567 5171003,621270 5216242))
31286;POLYGON((693403 5214044,732948 5213797,732816 5168555,692972 5168803,693403 5214044))
31287;POLYGON((571195 353976,610707 355253,612320 310053,572506 308766,571195 353976))
