4326;POLYGON((11.30164863262516 47.36012026007497,11.455960346937127 47.36012026007497,11.455960346937127 47.210775751543466,11.30164863262516 47.210775751543466,11.30164863262516 47.36012026007497))
31254;POLYGON((73173 247266,84830 247422,85068 230818,73378 230662,73173 247266))
31255;POLYGON((-153424 248812,-141767 248519,-142168 231916,-153857 232209,-153424 248812))
31256;POLYGON((-379987 259099,-368333 258355,-369375 241756,-381061 242500,-379987 259099))
31257;POLYGON((223173 247266,234830 247422,235068 230818,223378 230662,223173 247266))
31258;POLYGON((296575 248812,308232 248519,307831 231916,296142 232209,296575 248812))
31259;POLYGON((370012 259099,381666 258355,380624 241756,368938 242500,370012 259099))
31284;POLYGON((223173 5247266,234830 5247422,235068 5230818,223378 5230662,223173 5247266))
31285;POLYGON((296575 5248812,308232 5248519,307831 5231916,296142 5232209,296575 5248812))
31286;POLYGON((370012 5259099,381666 5258355,380624 5241756,368938 5242500,370012 5259099))
31287;POLYGON((246642 386522,258291 386228,257890 369635,246207 369929,246642 386522))
