4326;POLYGON((10.538368036613031 47.39644979901697,11.168116408661687 47.39644979901697,11.168116408661687 46.7628459225372,10.538368036613031 46.7628459225372,10.538368036613031 47.39644979901697))
31254;POLYGON((15501 250872,63042 251188,63791 180749,15683 180433,15501 250872))
31255;POLYGON((-210936 254640,-163399 253123,-165351 182686,-213457 184206,-210936 254640))
31256;POLYGON((-437325 267156,-389803 263799,-394467 193380,-442561 196743,-437325 267156))
31257;POLYGON((165501 250872,213042 251188,213791 180749,165683 180433,165501 250872))
31258;POLYGON((239063 254640,286600 253123,284648 182686,236542 184206,239063 254640))
31259;POLYGON((312674 267156,360196 263799,355532 193380,307438 196743,312674 267156))
31284;POLYGON((165501 5250872,213042 5251188,213791 5180749,165683 5180433,165501 5250872))
31285;POLYGON((239063 5254640,286600 5253123,284648 5182686,236542 5184206,239063 5254640))
31286;POLYGON((312674 5267156,360196 5263799,355532 5193380,307438 5196743,312674 5267156))
31287;POLYGON((189173 392349,236674 390830,234709 320440,186638 321976,189173 392349))
