4326;POLYGON((10.989688553818198 47.449916826839605,11.705169015677681 47.449916826839605,11.705169015677681 46.96248058301763,10.989688553818198 46.96248058301763,10.989688553818198 47.449916826839605))
31254;POLYGON((49522 257004,103480 257706,104430 203516,49976 202813,49522 257004))
31255;POLYGON((-176688 259458,-122732 258077,-123865 203888,-178318 205270,-176688 259458))
31256;POLYGON((-402858 270653,-348917 267184,-352138 213007,-406578 216480,-402858 270653))
31257;POLYGON((199522 257004,253480 257706,254430 203516,199976 202813,199522 257004))
31258;POLYGON((273311 259458,327267 258077,326134 203888,271681 205270,273311 259458))
31259;POLYGON((347141 270653,401082 267184,397861 213007,343421 216480,347141 270653))
31284;POLYGON((199522 5257004,253480 5257706,254430 5203516,199976 5202813,199522 5257004))
31285;POLYGON((273311 5259458,327267 5258077,326134 5203888,271681 5205270,273311 5259458))
31286;POLYGON((347141 5270653,401082 5267184,397861 5213007,343421 5216480,347141 5270653))
31287;POLYGON((223394 397161,277316 395781,276179 341619,221758 343012,223394 397161))
