4326;POLYGON((12.00408275383158 47.69636645421334,12.69959118675167 47.69636645421334,12.69959118675167 47.26884059831888,12.00408275383158 47.26884059831888,12.00408275383158 47.69636645421334))
31254;POLYGON((125433 285546,177637 286905,179083 239376,126453 238015,125433 285546))
31255;POLYGON((-99720 285048,-47514 284385,-47903 236852,-100535 237516,-99720 285048))
31256;POLYGON((-324849 293277,-272654 290588,-274880 243064,-327502 245756,-324849 293277))
31257;POLYGON((275433 285546,327637 286905,329083 239376,276453 238015,275433 285546))
31258;POLYGON((350279 285048,402485 284385,402096 236852,349464 237516,350279 285048))
31259;POLYGON((425150 293277,477345 290588,475119 243064,422497 245756,425150 293277))
31284;POLYGON((275433 5285546,327637 5286905,329083 5239376,276453 5238015,275433 5285546))
31285;POLYGON((350279 5285048,402485 5284385,402096 5236852,349464 5237516,350279 5285048))
31286;POLYGON((425150 5293277,477345 5290588,475119 5243064,422497 5245756,425150 5293277))
31287;POLYGON((300317 422739,352502 422078,352112 374563,299502 375229,300317 422739))
