4326;POLYGON((11.754218279222817 47.74303797110776,12.355255117758631 47.74303797110776,12.355255117758631 47.32140518942841,11.754218279222817 47.32140518942841,11.754218279222817 47.74303797110776))
31254;POLYGON((106583 290362,151657 291363,152876 244487,107439 243485,106583 290362))
31255;POLYGON((-118369 290590,-73295 289844,-73887 242966,-119324 243714,-118369 290590))
31256;POLYGON((-343291 299546,-298228 297049,-300634 250181,-346062 252681,-343291 299546))
31257;POLYGON((256583 290362,301657 291363,302876 244487,257439 243485,256583 290362))
31258;POLYGON((331630 290590,376704 289844,376112 242966,330675 243714,331630 290590))
31259;POLYGON((406708 299546,451771 297049,449365 250181,403937 252681,406708 299546))
31284;POLYGON((256583 5290362,301657 5291363,302876 5244487,257439 5243485,256583 5290362))
31285;POLYGON((331630 5290590,376704 5289844,376112 5242966,330675 5243714,331630 5290590))
31286;POLYGON((406708 5299546,451771 5297049,449365 5250181,403937 5252681,406708 5299546))
31287;POLYGON((281676 428277,326730 427534,326139 380676,280722 381425,281676 428277))
25833;POLYGON((256691 5292843,301742 5291128,300146 5244273,254731 5245991,256691 5292843))
25832;POLYGON((706462 5291414,751513 5293194,753539 5246342,708125 5244560,706462 5291414))
