4326;POLYGON((10.097827390041168 47.25091264620246,10.821606016045413 47.25091264620246,10.821606016045413 46.8225132136897,10.097827390041168 46.8225132136897,10.097827390041168 47.25091264620246))
31254;POLYGON((-17805 234700,36984 234786,37279 187160,-17950 187073,-17805 234700))
31255;POLYGON((-244863 239752,-190078 237731,-191608 190108,-246834 192131,-244863 239752))
31256;POLYGON((-471867 253563,-417100 249424,-420464 201814,-475675 205958,-471867 253563))
31257;POLYGON((132194 234700,186984 234786,187279 187160,132049 187073,132194 234700))
31258;POLYGON((205136 239752,259921 237731,258391 190108,203165 192131,205136 239752))
31259;POLYGON((278132 253563,332899 249424,329535 201814,274324 205958,278132 253563))
31284;POLYGON((132194 5234700,186984 5234786,187279 5187160,132049 5187073,132194 5234700))
31285;POLYGON((205136 5239752,259921 5237731,258391 5190108,203165 5192131,205136 5239752))
31286;POLYGON((278132 5253563,332899 5249424,329535 5201814,274324 5205958,278132 5253563))
31287;POLYGON((155278 377479,210012 375452,208472 327865,153295 329908,155278 377479))
