4326;POLYGON((12.121173848382105 47.15784532343837,12.965997516800737 47.15784532343837,12.965997516800737 46.65136602872729,12.121173848382105 46.65136602872729,12.121173848382105 47.15784532343837))
31254;POLYGON((135596 225872,199658 227682,201546 171381,136878 169568,135596 225872))
31255;POLYGON((-91866 225032,-27801 224382,-28067 168077,-92738 168727,-91866 225032))
31256;POLYGON((-319310 232932,-255256 229819,-257677 173520,-322340 176637,-319310 232932))
31257;POLYGON((285596 225872,349658 227682,351546 171381,286878 169568,285596 225872))
31258;POLYGON((358133 225032,422198 224382,421932 168077,357261 168727,358133 225032))
31259;POLYGON((430689 232932,494743 229819,492322 173520,427659 176637,430689 232932))
31284;POLYGON((285596 5225872,349658 5227682,351546 5171381,286878 5169568,285596 5225872))
31285;POLYGON((358133 5225032,422198 5224382,421932 5168077,357261 5168727,358133 5225032))
31286;POLYGON((430689 5232932,494743 5229819,492322 5173520,427659 5176637,430689 5232932))
31287;POLYGON((308166 362750,372207 362096,371938 305808,307286 306467,308166 362750))
25833;POLYGON((281787 5226726,345822 5224712,344362 5168432,279721 5170448,281787 5226726))
25832;POLYGON((736580 5227432,800610 5230339,803459 5174066,738821 5171155,736580 5227432))
