4326;POLYGON((10.174221148123394 47.58712928134163,10.991199367971971 47.58712928134163,10.991199367971971 47.152734349294974,10.174221148123394 47.152734349294974,10.174221148123394 47.58712928134163))
31254;POLYGON((-11944 272065,49507 272261,49914 223965,-12045 223770,-11944 272065))
31255;POLYGON((-237560 276890,-176114 274709,-177569 226416,-239523 228601,-237560 276890))
31256;POLYGON((-463116 290464,-401692 285895,-405015 237617,-466951 242192,-463116 290464))
31257;POLYGON((138055 272065,199507 272261,199914 223965,137954 223770,138055 272065))
31258;POLYGON((212439 276890,273885 274709,272430 226416,210476 228601,212439 276890))
31259;POLYGON((286883 290464,348307 285895,344984 237617,283048 242192,286883 290464))
31284;POLYGON((138055 5272065,199507 5272261,199914 5223965,137954 5223770,138055 5272065))
31285;POLYGON((212439 5276890,273885 5274709,272430 5226416,210476 5228601,212439 5276890))
31286;POLYGON((286883 5290464,348307 5285895,344984 5237617,283048 5242192,286883 5290464))
31287;POLYGON((162575 414578,223968 412401,222511 364144,160611 366338,162575 414578))
25833;POLYGON((137194 5281706,198605 5278203,196116 5229937,134196 5233444,137194 5281706))
25832;POLYGON((588287 5271080,649713 5272334,650947 5224060,589015 5222805,588287 5271080))
