4326;POLYGON((11.383810879211909 47.59456191634964,12.136014243240652 47.59456191634964,12.136014243240652 46.96887017971892,11.383810879211909 46.96887017971892,11.383810879211909 47.59456191634964))
31254;POLYGON((79028 273411,135599 274449,137205 204889,79963 203849,79028 273411))
31255;POLYGON((-146563 274717,-89992 273568,-91063 204006,-148305 205157,-146563 274717))
31256;POLYGON((-372118 284757,-315562 281414,-319315 211867,-376545 215215,-372118 284757))
31257;POLYGON((229028 273411,285599 274449,287205 204889,229963 203849,229028 273411))
31258;POLYGON((303436 274717,360007 273568,358936 204006,301694 205157,303436 274717))
31259;POLYGON((377881 284757,434437 281414,430684 211867,373454 215215,377881 284757))
31284;POLYGON((229028 5273411,285599 5274449,287205 5204889,229963 5203849,229028 5273411))
31285;POLYGON((303436 5274717,360007 5273568,358936 5204006,301694 5205157,303436 5274717))
31286;POLYGON((377881 5284757,434437 5281414,430684 5211867,373454 5215215,377881 5284757))
31287;POLYGON((253499 412411,310040 411264,308966 341732,251752 342893,253499 412411))
