4326;POLYGON((9.607078036735269 47.29470459478055,10.222037853555198 47.29470459478055,10.222037853555198 46.840861864674146,9.607078036735269 46.840861864674146,9.607078036735269 47.29470459478055))
31254;POLYGON((-54909 239798,-8395 239547,-8469 189092,-55379 189344,-54909 239798))
31255;POLYGON((-281774 246280,-235266 244237,-237276 193787,-284181 195833,-281774 246280))
31256;POLYGON((-508575 261528,-462085 257683,-466041 207249,-512932 211099,-508575 261528))
31257;POLYGON((95090 239798,141604 239547,141530 189092,94620 189344,95090 239798))
31258;POLYGON((168225 246280,214733 244237,212723 193787,165818 195833,168225 246280))
31259;POLYGON((241424 261528,287914 257683,283958 207249,237067 211099,241424 261528))
31284;POLYGON((95090 5239798,141604 5239547,141530 5189092,94620 5189344,95090 5239798))
31285;POLYGON((168225 5246280,214733 5244237,212723 5193787,165818 5195833,168225 5246280))
31286;POLYGON((241424 5261528,287914 5257683,283958 5207249,237067 5211099,241424 5261528))
31287;POLYGON((118412 384004,164865 381958,162844 331559,115992 333623,118412 384004))
