4326;POLYGON((9.55716849770587 47.596100963331324,10.237172626897522 47.596100963331324,10.237172626897522 47.22609582467768,9.55716849770587 47.22609582467768,9.55716849770587 47.596100963331324))
31254;POLYGON((-58349 273344,-7208 273055,-7260 231918,-58760 232207,-58349 273344))
31255;POLYGON((-283918 279966,-232786 277697,-234425 236564,-285918 238836,-283918 279966))
31256;POLYGON((-509416 295345,-458305 291086,-461540 249969,-513014 254233,-509416 295345))
31257;POLYGON((91650 273344,142791 273055,142739 231918,91239 232207,91650 273344))
31258;POLYGON((166081 279966,217213 277697,215574 236564,164081 238836,166081 279966))
31259;POLYGON((240583 295345,291694 291086,288459 249969,236985 254233,240583 295345))
31284;POLYGON((91650 5273344,142791 5273055,142739 5231918,91239 5232207,91650 5273344))
31285;POLYGON((166081 5279966,217213 5277697,215574 5236564,164081 5238836,166081 5279966))
31286;POLYGON((240583 5295345,291694 5291086,288459 5249969,236985 5254233,240583 5295345))
31287;POLYGON((116271 417645,167344 415383,165705 374293,114272 376571,116271 417645))
