4326;POLYGON((9.644314543413785 47.46289898229537,9.848613228278783 47.46289898229537,9.848613228278783 47.2843568808848,9.644314543413785 47.2843568808848,9.644314543413785 47.46289898229537))
31254;POLYGON((-51927 258472,-36523 258356,-36647 238506,-52103 238622,-51927 258472))
31255;POLYGON((-278070 264843,-262669 264131,-263559 244284,-279012 244996,-278070 264843))
31256;POLYGON((-504147 279974,-488752 278663,-490412 258824,-505860 260135,-504147 279974))
31257;POLYGON((98072 258472,113476 258356,113352 238506,97896 238622,98072 258472))
31258;POLYGON((171929 264843,187330 264131,186440 244284,170987 244996,171929 264843))
31259;POLYGON((245852 279974,261247 278663,259587 258824,244139 260135,245852 279974))
31284;POLYGON((98072 5258472,113476 5258356,113352 5238506,97896 5238622,98072 5258472))
31285;POLYGON((171929 5264843,187330 5264131,186440 5244284,170987 5244996,171929 5264843))
31286;POLYGON((245852 5279974,261247 5278663,259587 5258824,244139 5260135,245852 5279974))
31287;POLYGON((122112 402542,137494 401831,136604 382008,121169 382721,122112 402542))
