4326;POLYGON((9.530748902512558 47.36749780909124,9.849891716791687 47.36749780909124,9.849891716791687 47.14737806038214,9.530748902512558 47.14737806038214,9.530748902512558 47.36749780909124))
31254;POLYGON((-60599 247948,-36493 247748,-36645 223276,-60851 223476,-60599 247948))
31255;POLYGON((-287150 254651,-263048 253521,-264143 229053,-288346 230183,-287150 254651))
31256;POLYGON((-513636 270119,-489543 268054,-491586 243595,-515779 245661,-513636 270119))
31257;POLYGON((89400 247948,113506 247748,113354 223276,89148 223476,89400 247948))
31258;POLYGON((162849 254651,186951 253521,185856 229053,161653 230183,162849 254651))
31259;POLYGON((236363 270119,260456 268054,258413 243595,234220 245661,236363 270119))
31284;POLYGON((89400 5247948,113506 5247748,113354 5223276,89148 5223476,89400 5247948))
31285;POLYGON((162849 5254651,186951 5253521,185856 5229053,161653 5230183,162849 5254651))
31286;POLYGON((236363 5270119,260456 5268054,258413 5243595,234220 5245661,236363 5270119))
31287;POLYGON((113043 392365,137115 391235,136017 366795,111846 367930,113043 392365))
25833;POLYGON((87108 5260523,111195 5258876,109577 5234422,85388 5236070,87108 5260523))
25832;POLYGON((540072 5246140,564168 5246354,564435 5221892,540239 5221678,540072 5246140))
