4326;POLYGON((16.18183037228758 48.32266659044468,16.577514123253316 48.32266659044468,16.577514123253316 48.11790327996751,16.18183037228758 48.11790327996751,16.18183037228758 48.32266659044468))
31254;POLYGON((433661 370380,462986 372699,464841 349945,435398 347624,433661 370380))
31255;POLYGON((211291 357744,240630 358909,241592 336144,212135 334978,211291 357744))
31256;POLYGON((-11145 353829,18198 353845,18270 331077,-11190 331060,-11145 353829))
31257;POLYGON((583661 370380,612986 372699,614841 349945,585398 347624,583661 370380))
31258;POLYGON((661291 357744,690630 358909,691592 336144,662135 334978,661291 357744))
31259;POLYGON((738854 353829,768198 353845,768270 331077,738809 331060,738854 353829))
31284;POLYGON((583661 5370380,612986 5372699,614841 5349945,585398 5347624,583661 5370380))
31285;POLYGON((661291 5357744,690630 5358909,691592 5336144,662135 5334978,661291 5357744))
31286;POLYGON((738854 5353829,768198 5353845,768270 5331077,738809 5331060,738854 5353829))
31287;POLYGON((611203 495364,640518 496513,641467 473770,612037 472617,611203 495364))
