4326;POLYGON((9.25 48.5,10.0 48.5,10.0 47.75,9.25 47.75,9.25 48.5))
31254;POLYGON((-80032 374127,-24606 373611,-24971 290216,-81210 290733,-80032 374127))
31255;POLYGON((-301676 381617,-246264 378925,-249883 295545,-306111 298245,-301676 381617))
31256;POLYGON((-523217 397841,-467838 392960,-474728 309621,-530930 314517,-523217 397841))
31257;POLYGON((69967 374127,125393 373611,125028 290216,68789 290733,69967 374127))
31258;POLYGON((148323 381617,203735 378925,200116 295545,143888 298245,148323 381617))
31259;POLYGON((226782 397841,282161 392960,275271 309621,219069 314517,226782 397841))
31284;POLYGON((69967 5374127,125393 5373611,125028 5290216,68789 5290733,69967 5374127))
31285;POLYGON((148323 5381617,203735 5378925,200116 5295545,143888 5298245,148323 5381617))
31286;POLYGON((226782 5397841,282161 5392960,275271 5309621,219069 5314517,226782 5397841))
31287;POLYGON((98488 519152,153841 516507,150263 433211,94106 435895,98488 519152))
25833;POLYGON((75323 5387860,130697 5383958,125269 5300632,69077 5304545,75323 5387860))
25832;POLYGON((518467 5371905,573871 5372358,574954 5288998,518738 5288544,518467 5371905))
