4326;POLYGON((8.75 48.75,9.5 48.75,9.5 48.0,8.75 48.0,8.75 48.75))
31254;POLYGON((-116405 402572,-61253 401695,-62163 318297,-118131 319176,-116405 402572))
31255;POLYGON((-336941 411505,-281807 408452,-285986 325075,-341940 328137,-336941 411505))
31256;POLYGON((-557355 429169,-502260 423928,-509727 340600,-565649 345859,-557355 429169))
31257;POLYGON((33594 402572,88746 401695,87836 318297,31868 319176,33594 402572))
31258;POLYGON((113058 411505,168192 408452,164013 325075,108059 328137,113058 411505))
31259;POLYGON((192644 429169,247739 423928,240272 340600,184350 345859,192644 429169))
31284;POLYGON((33594 5402572,88746 5401695,87836 5318297,31868 5319176,33594 5402572))
31285;POLYGON((113058 5411505,168192 5408452,164013 5325075,108059 5328137,113058 5411505))
31286;POLYGON((192644 5429169,247739 5423928,240272 5340600,184350 5345859,192644 5429169))
31287;POLYGON((63242 548961,118308 545974,114193 462695,58323 465726,63242 548961))
25833;POLYGON((40695 5418534,95787 5414272,89790 5330953,33875 5335229,40695 5418534))
25832;POLYGON((481623 5399695,536753 5399785,537297 5316421,481351 5316330,481623 5399695))
