4326;POLYGON((9.75 50.0,10.0 50.0,10.0 49.75,9.75 49.75,9.75 50.0))
31254;POLYGON((-41789 540545,-23865 540434,-23990 512628,-42007 512738,-41789 540545))
31255;POLYGON((-256817 546537,-238899 545707,-240138 517908,-258149 518739,-256817 546537))
31256;POLYGON((-471722 561183,-453818 559630,-456176 531852,-474174 533408,-471722 561183))
31257;POLYGON((108210 540545,126134 540434,126009 512628,107992 512738,108210 540545))
31258;POLYGON((193182 546537,211100 545707,209861 517908,191850 518739,193182 546537))
31259;POLYGON((278277 561183,296181 559630,293823 531852,275825 533408,278277 561183))
31284;POLYGON((108210 5540545,126134 5540434,126009 5512628,107992 5512738,108210 5540545))
31285;POLYGON((193182 5546537,211100 5545707,209861 5517908,191850 5518739,193182 5546537))
31286;POLYGON((278277 5561183,296181 5559630,293823 5531852,275825 5533408,278277 5561183))
31287;POLYGON((143085 684001,161002 683202,159808 655406,141801 656209,143085 684001))
25833;POLYGON((123839 5551849,141743 5550619,139885 5522841,121887 5524073,123839 5551849))
25832;POLYGON((553750 5538900,571666 5539109,572037 5511314,554028 5511105,553750 5538900))
