4326;POLYGON((9.5 48.0,10.25 48.0,10.25 47.25,9.5 47.25,9.5 48.0))
31254;POLYGON((-62163 318297,-6193 317962,-6286 234574,-63061 234910,-62163 318297))
31255;POLYGON((-285986 325075,-230028 322560,-233348 239183,-290116 241704,-285986 325075))
31256;POLYGON((-509727 340600,-453796 335893,-460361 252549,-517107 257268,-509727 340600))
31257;POLYGON((87836 318297,143806 317962,143713 234574,86938 234910,87836 318297))
31258;POLYGON((164013 325075,219971 322560,216651 239183,159883 241704,164013 325075))
31259;POLYGON((240272 340600,296203 335893,289638 252549,232892 257268,240272 340600))
31284;POLYGON((87836 5318297,143806 5317962,143713 5234574,86938 5234910,87836 5318297))
31285;POLYGON((164013 5325075,219971 5322560,216651 5239183,159883 5241704,164013 5325075))
31286;POLYGON((240272 5340600,296203 5335893,289638 5252549,232892 5257268,240272 5340600))
31287;POLYGON((114193 462695,170090 460203,166780 376909,110080 379436,114193 462695))
25833;POLYGON((89790 5330953,145713 5327225,140598 5243898,83863 5247634,89790 5330953))
25832;POLYGON((537297 5316421,593243 5317056,594587 5233704,537835 5233067,537297 5316421))
