4326;POLYGON((8.75 46.75,9.5 46.75,9.5 46.0,8.75 46.0,8.75 46.75))
31254;POLYGON((-120962 180207,-63655 179324,-64535 95955,-122633 96838,-120962 180207))
31255;POLYGON((-350140 189200,-292842 186127,-296888 102766,-354980 105843,-350140 189200))
31256;POLYGON((-579257 206990,-521978 201711,-529211 118371,-587291 123658,-579257 206990))
31257;POLYGON((29037 180207,86344 179324,85464 95955,27366 96838,29037 180207))
31258;POLYGON((99859 189200,157157 186127,153111 102766,95019 105843,99859 189200))
31259;POLYGON((170742 206990,228021 201711,220788 118371,162708 123658,170742 206990))
31284;POLYGON((29037 5180207,86344 5179324,85464 5095955,27366 5096838,29037 5180207))
31285;POLYGON((99859 5189200,157157 5186127,153111 5102766,95019 5105843,99859 5189200))
31286;POLYGON((170742 5206990,228021 5201711,220788 5118371,162708 5123658,170742 5206990))
31287;POLYGON((50128 327038,107338 323934,103224 240678,45211 243825,50128 327038))
25833;POLYGON((22686 5196381,79952 5192089,74145 5108772,16081 5113070,22686 5196381))
25832;POLYGON((480905 5177413,538189 5177504,538716 5094169,480641 5094077,480905 5177413))
