4326;POLYGON((9.5 46.5,9.75 46.5,9.75 46.25,9.5 46.25,9.5 46.5))
31254;POLYGON((-63950 151533,-44759 151360,-44965 123570,-64243 123743,-63950 151533))
31255;POLYGON((-294196 158340,-275007 157437,-276268 129650,-295545 130553,-294196 158340))
31256;POLYGON((-524399 173932,-505216 172294,-507537 144513,-526810 146152,-524399 173932))
31257;POLYGON((86049 151533,105240 151360,105034 123570,85756 123743,86049 151533))
31258;POLYGON((155803 158340,174992 157437,173731 129650,154454 130553,155803 158340))
31259;POLYGON((225600 173932,244783 172294,242462 144513,223189 146152,225600 173932))
31284;POLYGON((86049 5151533,105240 5151360,105034 5123570,85756 5123743,86049 5151533))
31285;POLYGON((155803 5158340,174992 5157437,173731 5129650,154454 5130553,155803 5158340))
31286;POLYGON((225600 5173932,244783 5172294,242462 5144513,223189 5146152,225600 5173932))
31287;POLYGON((105966 296183,125132 295267,123850 267511,104595 268431,105966 296183))
25833;POLYGON((78008 5164317,97186 5163008,95339 5135235,76072 5136545,78008 5164317))
25832;POLYGON((538365 5149724,557548 5149876,557812 5122098,538541 5121946,538365 5149724))
