4326;POLYGON((9.5 46.75,10.25 46.75,10.25 46.0,9.5 46.0,9.5 46.75))
31254;POLYGON((-63655 179324,-6347 178988,-6438 95618,-64535 95955,-63655 179324))
31255;POLYGON((-292842 186127,-235540 183603,-238794 100239,-296888 102766,-292842 186127))
31256;POLYGON((-521978 201711,-464693 196986,-471126 113639,-529211 118371,-521978 201711))
31257;POLYGON((86344 179324,143652 178988,143561 95618,85464 95955,86344 179324))
31258;POLYGON((157157 186127,214459 183603,211205 100239,153111 102766,157157 186127))
31259;POLYGON((228021 201711,285306 196986,278873 113639,220788 118371,228021 201711))
31284;POLYGON((86344 5179324,143652 5178988,143561 5095618,85464 5095955,86344 5179324))
31285;POLYGON((157157 5186127,214459 5183603,211205 5100239,153111 5102766,157157 5186127))
31286;POLYGON((228021 5201711,285306 5196986,278873 5113639,220788 5118371,228021 5201711))
31287;POLYGON((107338 323934,164574 321383,161264 238091,103224 240678,107338 323934))
25833;POLYGON((79952 5192089,137222 5188348,132211 5105026,74145 5108772,79952 5192089))
25832;POLYGON((538189 5177504,595473 5178141,596790 5094807,538716 5094169,538189 5177504))
