4326;POLYGON((9.25 50.0,9.5 50.0,9.5 49.75,9.25 49.75,9.25 50.0))
31254;POLYGON((-77637 540946,-59713 540715,-60023 512909,-78040 513139,-77637 540946))
31255;POLYGON((-292652 548378,-274735 547427,-276160 519631,-294170 520583,-292652 548378))
31256;POLYGON((-507525 564471,-489624 562797,-492170 535024,-510165 536701,-507525 564471))
31257;POLYGON((72362 540946,90286 540715,89976 512909,71959 513139,72362 540946))
31258;POLYGON((157347 548378,175264 547427,173839 519631,155829 520583,157347 548378))
31259;POLYGON((242474 564471,260375 562797,257829 535024,239834 536701,242474 564471))
31284;POLYGON((72362 5540946,90286 5540715,89976 5512909,71959 5513139,72362 5540946))
31285;POLYGON((157347 5548378,175264 5547427,173839 5519631,155829 5520583,157347 5548378))
31286;POLYGON((242474 5564471,260375 5562797,257829 5535024,239834 5536701,242474 5564471))
31287;POLYGON((107258 685771,125170 684857,123797 657070,105796 657988,107258 685771))
25833;POLYGON((88034 5554490,105936 5553139,103891 5525366,85896 5526718,88034 5554490))
25832;POLYGON((517916 5538660,535833 5538750,536018 5510955,518009 5510865,517916 5538660))
