4326;POLYGON((9.5 50.0,10.25 50.0,10.25 49.25,9.5 49.25,9.5 50.0))
31254;POLYGON((-59713 540715,-5941 540384,-6037 456967,-60640 457300,-59713 540715))
31255;POLYGON((-274735 547427,-220980 544937,-224405 461539,-278994 464040,-274735 547427))
31256;POLYGON((-489624 562797,-435912 558137,-442682 474797,-497234 479477,-489624 562797))
31257;POLYGON((90286 540715,144058 540384,143962 456967,89359 457300,90286 540715))
31258;POLYGON((175264 547427,229019 544937,225594 461539,171005 464040,175264 547427))
31259;POLYGON((260375 562797,314087 558137,307317 474797,252765 479477,260375 562797))
31284;POLYGON((90286 5540715,144058 5540384,143962 5456967,89359 5457300,90286 5540715))
31285;POLYGON((175264 5547427,229019 5544937,225594 5461539,171005 5464040,175264 5547427))
31286;POLYGON((260375 5562797,314087 5558137,307317 5474797,252765 5479477,260375 5562797))
31287;POLYGON((125170 684857,178922 682461,175609 599080,121052 601512,125170 684857))
25833;POLYGON((105936 5553139,159649 5549449,154373 5466112,99824 5469819,105936 5553139))
25832;POLYGON((535833 5538750,589582 5539379,590968 5455999,536387 5455367,535833 5538750))
