4326;POLYGON((9.25 49.5,9.5 49.5,9.5 49.25,9.25 49.25,9.25 49.5))
31254;POLYGON((-78441 485335,-60332 485104,-60640 457300,-78841 457531,-78441 485335))
31255;POLYGON((-295682 492789,-277580 491835,-278994 464040,-297189 464995,-295682 492789))
31256;POLYGON((-512795 508930,-494707 507251,-497234 479477,-515415 481159,-512795 508930))
31257;POLYGON((71558 485335,89667 485104,89359 457300,71158 457531,71558 485335))
31258;POLYGON((154317 492789,172419 491835,171005 464040,152810 464995,154317 492789))
31259;POLYGON((237204 508930,255292 507251,252765 479477,234584 481159,237204 508930))
31284;POLYGON((71558 5485335,89667 5485104,89359 5457300,71158 5457531,71558 5485335))
31285;POLYGON((154317 5492789,172419 5491835,171005 5464040,152810 5464995,154317 5492789))
31286;POLYGON((237204 5508930,255292 5507251,252765 5479477,234584 5481159,237204 5508930))
31287;POLYGON((104334 630211,122425 629288,121052 601512,102872 602439,104334 630211))
25833;POLYGON((83766 5498947,101854 5497592,99824 5469819,81643 5471175,83766 5498947))
25832;POLYGON((518101 5483070,536203 5483160,536387 5455367,518193 5455277,518101 5483070))
