4326;POLYGON((9.0 46.25,9.75 46.25,9.75 45.5,9.0 45.5,9.0 46.25))
31254;POLYGON((-102800 124271,-44965 123570,-45577 40208,-104196 40910,-102800 124271))
31255;POLYGON((-334098 132542,-276268 129650,-280018 46292,-338635 49187,-334098 132542))
31256;POLYGON((-565353 149613,-507537 144513,-514445 61169,-573056 66273,-565353 149613))
31257;POLYGON((47199 124271,105034 123570,104422 40208,45803 40910,47199 124271))
31258;POLYGON((115901 132542,173731 129650,169981 46292,111364 49187,115901 132542))
31259;POLYGON((184646 149613,242462 144513,235554 61169,176943 66273,184646 149613))
31284;POLYGON((47199 5124271,105034 5123570,104422 5040208,45803 5040910,47199 5124271))
31285;POLYGON((115901 5132542,173731 5129650,169981 5046292,111364 5049187,115901 5132542))
31286;POLYGON((184646 5149613,242462 5144513,235554 5061169,176943 5066273,184646 5149613))
31287;POLYGON((66095 270458,123850 267511,120004 184232,61446 187219,66095 270458))
25833;POLYGON((37539 5139347,95339 5135235,89844 5051918,31254 5056034,37539 5139347))
25832;POLYGON((500000 5121824,557812 5122098,558595 5038770,500000 5038496,500000 5121824))
