4326;POLYGON((8.75 49.75,9.5 49.75,9.5 49.0,8.75 49.0,8.75 49.75))
31254;POLYGON((-114072 513781,-60023 512909,-60947 429497,-115825 430372,-114072 513781))
31255;POLYGON((-330186 522667,-276160 519631,-280404 436246,-335262 439295,-330186 522667))
31256;POLYGON((-546149 540237,-492170 535024,-499752 451703,-554569 456938,-546149 540237))
31257;POLYGON((35927 513781,89976 512909,89052 429497,34174 430372,35927 513781))
31258;POLYGON((119813 522667,173839 519631,169595 436246,114737 439295,119813 522667))
31259;POLYGON((203850 540237,257829 535024,250247 451703,195430 456938,203850 540237))
31284;POLYGON((35927 5513781,89976 5512909,89052 5429497,34174 5430372,35927 5513781))
31285;POLYGON((119813 5522667,173839 5519631,169595 5436246,114737 5439295,119813 5522667))
31286;POLYGON((203850 5540237,257829 5535024,250247 5451703,195430 5456938,203850 5540237))
31287;POLYGON((69803 659999,123797 657070,119680 573741,64881 576713,69803 659999))
25833;POLYGON((49910 5529605,103891 5525366,97802 5442045,42985 5446302,49910 5529605))
25832;POLYGON((481990 5510865,536018 5510955,536571 5427576,481714 5427485,481990 5510865))
