4326;POLYGON((8.75 47.25,9.5 47.25,9.5 46.5,8.75 46.5,8.75 47.25))
31254;POLYGON((-119836 235791,-63061 234910,-63950 151533,-121521 152416,-119836 235791))
31255;POLYGON((-346880 244774,-290116 241704,-294196 158340,-351760 161414,-346880 244774))
31256;POLYGON((-573846 262540,-517107 257268,-524399 173932,-581946 179213,-573846 262540))
31257;POLYGON((30163 235791,86938 234910,86049 151533,28478 152416,30163 235791))
31258;POLYGON((103119 244774,159883 241704,155803 158340,98239 161414,103119 244774))
31259;POLYGON((176153 262540,232892 257268,225600 173932,168053 179213,176153 262540))
31284;POLYGON((30163 5235791,86938 5234910,86049 5151533,28478 5152416,30163 5235791))
31285;POLYGON((103119 5244774,159883 5241704,155803 5158340,98239 5161414,103119 5244774))
31286;POLYGON((176153 5262540,232892 5257268,225600 5173932,168053 5179213,176153 5262540))
31287;POLYGON((53406 382510,110080 379436,105966 296183,48489 299301,53406 382510))
25833;POLYGON((27135 5251921,83863 5247634,78008 5164317,20475 5168611,27135 5251921))
25832;POLYGON((481082 5232976,537835 5233067,538365 5149724,480817 5149633,481082 5232976))
