4326;POLYGON((8.75 48.0,9.5 48.0,9.5 47.25,8.75 47.25,8.75 48.0))
31254;POLYGON((-118131 319176,-62163 318297,-63061 234910,-119836 235791,-118131 319176))
31255;POLYGON((-341940 328137,-285986 325075,-290116 241704,-346880 244774,-341940 328137))
31256;POLYGON((-565649 345859,-509727 340600,-517107 257268,-573846 262540,-565649 345859))
31257;POLYGON((31868 319176,87836 318297,86938 234910,30163 235791,31868 319176))
31258;POLYGON((108059 328137,164013 325075,159883 241704,103119 244774,108059 328137))
31259;POLYGON((184350 345859,240272 340600,232892 257268,176153 262540,184350 345859))
31284;POLYGON((31868 5319176,87836 5318297,86938 5234910,30163 5235791,31868 5319176))
31285;POLYGON((108059 5328137,164013 5325075,159883 5241704,103119 5244774,108059 5328137))
31286;POLYGON((184350 5345859,240272 5340600,232892 5257268,176153 5262540,184350 5345859))
31287;POLYGON((58323 465726,114193 462695,110080 379436,53406 382510,58323 465726))
25833;POLYGON((33875 5335229,89790 5330953,83863 5247634,27135 5251921,33875 5335229))
25832;POLYGON((481351 5316330,537297 5316421,537835 5233067,481082 5232976,481351 5316330))
