4326;POLYGON((9.5 47.5,10.25 47.5,10.25 46.75,9.5 46.75,9.5 47.5))
31254;POLYGON((-62763 262704,-6255 262369,-6347 178988,-63655 179324,-62763 262704))
31255;POLYGON((-288745 269494,-232246 266975,-235540 183603,-292842 186127,-288745 269494))
31256;POLYGON((-514657 285046,-458181 280331,-464693 196986,-521978 201711,-514657 285046))
31257;POLYGON((87236 262704,143744 262369,143652 178988,86344 179324,87236 262704))
31258;POLYGON((161254 269494,217753 266975,214459 183603,157157 186127,161254 269494))
31259;POLYGON((235342 285046,291818 280331,285306 196986,228021 201711,235342 285046))
31284;POLYGON((87236 5262704,143744 5262369,143652 5178988,86344 5179324,87236 5262704))
31285;POLYGON((161254 5269494,217753 5266975,214459 5183603,157157 5186127,161254 5269494))
31286;POLYGON((235342 5285046,291818 5280331,285306 5196986,228021 5201711,235342 5285046))
31287;POLYGON((111451 407188,167884 404672,164574 321383,107338 323934,111451 407188))
25833;POLYGON((85831 5275407,142296 5271673,137222 5188348,79952 5192089,85831 5275407))
25832;POLYGON((537656 5260850,594141 5261486,595473 5178141,538189 5177504,537656 5260850))
