4326;POLYGON((9.25 47.75,10.0 47.75,10.0 47.0,9.25 47.0,9.25 47.75))
31254;POLYGON((-81210 290733,-24971 290216,-25330 206832,-82373 207350,-81210 290733))
31255;POLYGON((-306111 298245,-249883 295545,-253459 212173,-310493 214878,-306111 298245))
31256;POLYGON((-530930 314517,-474728 309621,-481538 226280,-538552 231187,-530930 314517))
31257;POLYGON((68789 290733,125028 290216,124669 206832,67626 207350,68789 290733))
31258;POLYGON((143888 298245,200116 295545,196540 212173,139506 214878,143888 298245))
31259;POLYGON((219069 314517,275271 309621,268461 226280,211447 231187,219069 314517))
31284;POLYGON((68789 5290733,125028 5290216,124669 5206832,67626 5207350,68789 5290733))
31285;POLYGON((143888 5298245,200116 5295545,196540 5212173,139506 5214878,143888 5298245))
31286;POLYGON((219069 5314517,275271 5309621,268461 5226280,211447 5231187,219069 5314517))
31287;POLYGON((94106 435895,150263 433211,146685 349931,89725 352654,94106 435895))
25833;POLYGON((69077 5304545,125269 5300632,119905 5217308,62904 5221230,69077 5304545))
25832;POLYGON((518738 5288544,574954 5288998,576025 5205649,519006 5205194,518738 5288544))
