4326;POLYGON((8.75 47.5,9.5 47.5,9.5 46.75,8.75 46.75,8.75 47.5))
31254;POLYGON((-119270 263585,-62763 262704,-63655 179324,-120962 180207,-119270 263585))
31255;POLYGON((-345240 272561,-288745 269494,-292842 186127,-350140 189200,-345240 272561))
31256;POLYGON((-571125 290314,-514657 285046,-521978 201711,-579257 206990,-571125 290314))
31257;POLYGON((30729 263585,87236 262704,86344 179324,29037 180207,30729 263585))
31258;POLYGON((104759 272561,161254 269494,157157 186127,99859 189200,104759 272561))
31259;POLYGON((178874 290314,235342 285046,228021 201711,170742 206990,178874 290314))
31284;POLYGON((30729 5263585,87236 5262704,86344 5179324,29037 5180207,30729 5263585))
31285;POLYGON((104759 5272561,161254 5269494,157157 5186127,99859 5189200,104759 5272561))
31286;POLYGON((178874 5290314,235342 5285046,228021 5201711,170742 5206990,178874 5290314))
31287;POLYGON((55045 410247,111451 407188,107338 323934,50128 327038,55045 410247))
25833;POLYGON((29372 5279690,85831 5275407,79952 5192089,22686 5196381,29372 5279690))
25832;POLYGON((481171 5260760,537656 5260850,538189 5177504,480905 5177413,481171 5260760))
