4326;POLYGON((9.5 47.0,9.75 47.0,9.75 46.75,9.5 46.75,9.5 47.0))
31254;POLYGON((-63359 207116,-44345 206944,-44552 179151,-63655 179324,-63359 207116))
31255;POLYGON((-291482 213916,-272470 213014,-273741 185225,-292842 186127,-291482 213916))
31256;POLYGON((-519548 229490,-500543 227854,-502884 200074,-521978 201711,-519548 229490))
31257;POLYGON((86640 207116,105654 206944,105447 179151,86344 179324,86640 207116))
31258;POLYGON((158517 213916,177529 213014,176258 185225,157157 186127,158517 213916))
31259;POLYGON((230451 229490,249456 227854,247115 200074,228021 201711,230451 229490))
31284;POLYGON((86640 5207116,105654 5206944,105447 5179151,86344 5179324,86640 5207116))
31285;POLYGON((158517 5213916,177529 5213014,176258 5185225,157157 5186127,158517 5213916))
31286;POLYGON((230451 5229490,249456 5227854,247115 5200074,228021 5201711,230451 5229490))
31287;POLYGON((108709 351685,127695 350778,126414 323023,107338 323934,108709 351685))
25833;POLYGON((81904 5219862,100904 5218554,99041 5190781,79952 5192089,81904 5219862))
25832;POLYGON((538012 5205285,557019 5205437,557284 5177656,538189 5177504,538012 5205285))
