4326;POLYGON((9.0 49.5,9.75 49.5,9.75 48.75,9.0 48.75,9.0 49.5))
31254;POLYGON((-96550 485626,-42223 484933,-42868 401523,-98021 402219,-96550 485626))
31255;POLYGON((-313784 493802,-259477 490942,-263428 407556,-318564 410427,-313784 493802))
31256;POLYGON((-530881 510670,-476617 505632,-483892 422303,-538991 427361,-530881 510670))
31257;POLYGON((53449 485626,107776 484933,107131 401523,51978 402219,53449 485626))
31258;POLYGON((136215 493802,190522 490942,186571 407556,131435 410427,136215 493802))
31259;POLYGON((219118 510670,273382 505632,266107 422303,211008 427361,219118 510670))
31284;POLYGON((53449 5485626,107776 5484933,107131 5401523,51978 5402219,53449 5485626))
31285;POLYGON((136215 5493802,190522 5490942,186571 5407556,131435 5410427,136215 5493802))
31286;POLYGON((219118 5510670,273382 5505632,266107 5422303,211008 5427361,219118 5510670))
31287;POLYGON((86246 631192,140518 628423,136670 545096,81594 547906,86246 631192))
25833;POLYGON((65679 5500362,119943 5496298,114154 5412973,59058 5417053,65679 5500362))
25832;POLYGON((500000 5483040,554305 5483311,555130 5399936,500000 5399665,500000 5483040))
