4326;POLYGON((8.75 46.5,9.5 46.5,9.5 45.75,8.75 45.75,8.75 46.5))
31254;POLYGON((-121521 152416,-63950 151533,-64827 68167,-123185 69051,-121521 152416))
31255;POLYGON((-351760 161414,-294196 158340,-298225 74981,-356580 78059,-351760 161414))
31256;POLYGON((-581946 179213,-524399 173932,-531601 90590,-589947 95878,-581946 179213))
31257;POLYGON((28478 152416,86049 151533,85172 68167,26814 69051,28478 152416))
31258;POLYGON((98239 161414,155803 158340,151774 74981,93419 78059,98239 161414))
31259;POLYGON((168053 179213,225600 173932,218398 90590,160052 95878,168053 179213))
31284;POLYGON((28478 5152416,86049 5151533,85172 5068167,26814 5069051,28478 5152416))
31285;POLYGON((98239 5161414,155803 5158340,151774 5074981,93419 5078059,98239 5161414))
31286;POLYGON((168053 5179213,225600 5173932,218398 5090590,160052 5095878,168053 5179213))
31287;POLYGON((48489 299301,105966 296183,101853 212923,43572 216084,48489 299301))
25833;POLYGON((20475 5168611,78008 5164317,72225 5081000,13898 5085299,20475 5168611))
25832;POLYGON((480817 5149633,538365 5149724,538890 5066392,480554 5066301,480817 5149633))
