4326;POLYGON((9.75 47.0,10.0 47.0,10.0 46.75,9.75 46.75,9.75 47.0))
31254;POLYGON((-44345 206944,-25330 206832,-25449 179039,-44552 179151,-44345 206944))
31255;POLYGON((-272470 213014,-253459 212173,-254641 184383,-273741 185225,-272470 213014))
31256;POLYGON((-500543 227854,-481538 226280,-483789 198499,-502884 200074,-500543 227854))
31257;POLYGON((105654 206944,124669 206832,124550 179039,105447 179151,105654 206944))
31258;POLYGON((177529 213014,196540 212173,195358 184383,176258 185225,177529 213014))
31259;POLYGON((249456 227854,268461 226280,266210 198499,247115 200074,249456 227854))
31284;POLYGON((105654 5206944,124669 5206832,124550 5179039,105447 5179151,105654 5206944))
31285;POLYGON((177529 5213014,196540 5212173,195358 5184383,176258 5185225,177529 5213014))
31286;POLYGON((249456 5227854,268461 5226280,266210 5198499,247115 5200074,249456 5227854))
31287;POLYGON((127695 350778,146685 349931,145492 322172,126414 323023,127695 350778))
25833;POLYGON((100904 5218554,119905 5217308,118132 5189534,99041 5190781,100904 5218554))
25832;POLYGON((557019 5205437,576025 5205649,576379 5177868,557284 5177656,557019 5205437))
