4326;POLYGON((9.75 49.0,10.0 49.0,10.0 48.75,9.75 48.75,9.75 49.0))
31254;POLYGON((-42654 429325,-24361 429214,-24484 401412,-42868 401523,-42654 429325))
31255;POLYGON((-262116 435351,-243827 434516,-245048 406720,-263428 407556,-262116 435351))
31256;POLYGON((-481476 450080,-463200 448518,-465523 420739,-483892 422303,-481476 450080))
31257;POLYGON((107345 429325,125638 429214,125515 401412,107131 401523,107345 429325))
31258;POLYGON((187883 435351,206172 434516,204951 406720,186571 407556,187883 435351))
31259;POLYGON((268523 450080,286799 448518,284476 420739,266107 422303,268523 450080))
31284;POLYGON((107345 5429325,125638 5429214,125515 5401412,107131 5401523,107345 5429325))
31285;POLYGON((187883 5435351,206172 5434516,204951 5406720,186571 5407556,187883 5435351))
31286;POLYGON((268523 5450080,286799 5448518,284476 5420739,266107 5422303,268523 5450080))
31287;POLYGON((137952 572867,156227 572053,155034 544278,136670 545096,137952 572867))
25833;POLYGON((116076 5440748,134351 5439511,132521 5411734,114154 5412973,116076 5440748))
25832;POLYGON((554856 5427726,573142 5427937,573507 5400147,555130 5399936,554856 5427726))
