4326;POLYGON((9.5 46.5,10.25 46.5,10.25 45.75,9.5 45.75,9.5 46.5))
31254;POLYGON((-63950 151533,-6377 151197,-6468 67831,-64827 68167,-63950 151533))
31255;POLYGON((-294196 158340,-236629 155814,-239869 72453,-298225 74981,-294196 158340))
31256;POLYGON((-524399 173932,-466847 169204,-473253 85857,-531601 90590,-524399 173932))
31257;POLYGON((86049 151533,143622 151197,143531 67831,85172 68167,86049 151533))
31258;POLYGON((155803 158340,213370 155814,210130 72453,151774 74981,155803 158340))
31259;POLYGON((225600 173932,283152 169204,276746 85857,218398 90590,225600 173932))
31284;POLYGON((86049 5151533,143622 5151197,143531 5067831,85172 5068167,86049 5151533))
31285;POLYGON((155803 5158340,213370 5155814,210130 5072453,151774 5074981,155803 5158340))
31286;POLYGON((225600 5173932,283152 5169204,276746 5085857,218398 5090590,225600 5173932))
31287;POLYGON((105966 296183,163471 293620,160161 210324,101853 212923,105966 296183))
25833;POLYGON((78008 5164317,135545 5160574,130554 5077253,72225 5081000,78008 5164317))
25832;POLYGON((538365 5149724,595914 5150362,597225 5067031,538890 5066392,538365 5149724))
