4326;POLYGON((9.0 50.0,9.25 50.0,9.25 49.75,9.0 49.75,9.0 50.0))
31254;POLYGON((-95560 541236,-77637 540946,-78040 513139,-96056 513430,-95560 541236))
31255;POLYGON((-310567 549388,-292652 548378,-294170 520583,-312179 521595,-310567 549388))
31256;POLYGON((-525424 566206,-507525 564471,-510165 536701,-528158 538439,-525424 566206))
31257;POLYGON((54439 541236,72362 540946,71959 513139,53943 513430,54439 541236))
31258;POLYGON((139432 549388,157347 548378,155829 520583,137820 521595,139432 549388))
31259;POLYGON((224575 566206,242474 564471,239834 536701,221841 538439,224575 566206))
31284;POLYGON((54439 5541236,72362 5540946,71959 5513139,53943 5513430,54439 5541236))
31285;POLYGON((139432 5549388,157347 5548378,155829 5520583,137820 5521595,139432 5549388))
31286;POLYGON((224575 5566206,242474 5564471,239834 5536701,221841 5538439,224575 5566206))
31287;POLYGON((89349 686743,107258 685771,105796 657988,87798 658964,89349 686743))
25833;POLYGON((70134 5555901,88034 5554490,85896 5526718,67902 5528132,70134 5555901))
25832;POLYGON((500000 5538630,517916 5538660,518009 5510865,500000 5510835,500000 5538630))
