4326;POLYGON((9.0 46.5,9.75 46.5,9.75 45.75,9.0 45.75,9.0 46.5))
31254;POLYGON((-102331 152061,-44759 151360,-45374 67994,-103733 68696,-102331 152061))
31255;POLYGON((-332573 160328,-275007 157437,-278773 74077,-337129 76972,-332573 160328))
31256;POLYGON((-562765 177391,-505216 172294,-512152 88951,-570499 94054,-562765 177391))
31257;POLYGON((47668 152061,105240 151360,104625 67994,46266 68696,47668 152061))
31258;POLYGON((117426 160328,174992 157437,171226 74077,112870 76972,117426 160328))
31259;POLYGON((187234 177391,244783 172294,237847 88951,179500 94054,187234 177391))
31284;POLYGON((47668 5152061,105240 5151360,104625 5067994,46266 5068696,47668 5152061))
31285;POLYGON((117426 5160328,174992 5157437,171226 5074077,112870 5076972,117426 5160328))
31286;POLYGON((187234 5177391,244783 5172294,237847 5088951,179500 5094054,187234 5177391))
31287;POLYGON((67645 298200,125132 295267,121286 211994,62996 214968,67645 298200))
25833;POLYGON((39652 5167118,97186 5163008,91668 5079690,33340 5083805,39652 5167118))
25832;POLYGON((500000 5149603,557548 5149876,558335 5066544,500000 5066271,500000 5149603))
