4326;POLYGON((8.75 49.0,9.5 49.0,9.5 48.25,8.75 48.25,8.75 49.0))
31254;POLYGON((-115825 430372,-60947 429497,-61860 346095,-117558 346974,-115825 430372))
31255;POLYGON((-335262 439295,-280404 436246,-284599 352867,-340280 355926,-335262 439295))
31256;POLYGON((-554569 456938,-499752 451703,-507248 368377,-562895 373630,-554569 456938))
31257;POLYGON((34174 430372,89052 429497,88139 346095,32441 346974,34174 430372))
31258;POLYGON((114737 439295,169595 436246,165400 352867,109719 355926,114737 439295))
31259;POLYGON((195430 456938,250247 451703,242751 368377,187104 373630,195430 456938))
31284;POLYGON((34174 5430372,89052 5429497,88139 5346095,32441 5346974,34174 5430372))
31285;POLYGON((114737 5439295,169595 5436246,165400 5352867,109719 5355926,114737 5439295))
31286;POLYGON((195430 5456938,250247 5451703,242751 5368377,187104 5373630,195430 5456938))
31287;POLYGON((64881 576713,119680 573741,115565 490452,59963 493468,64881 576713))
25833;POLYGON((42985 5446302,97802 5442045,91781 5358726,36139 5362997,42985 5446302))
25832;POLYGON((481714 5427485,536571 5427576,537117 5344208,481441 5344117,481714 5427485))
