4326;POLYGON((9.5 48.0,9.75 48.0,9.75 47.75,9.5 47.75,9.5 48.0))
31254;POLYGON((-62163 318297,-43506 318125,-43717 290328,-62463 290500,-62163 318297))
31255;POLYGON((-285986 325075,-267334 324176,-268626 296385,-287369 297284,-285986 325075))
31256;POLYGON((-509727 340600,-491084 338970,-493463 311192,-512197 312824,-509727 340600))
31257;POLYGON((87836 318297,106493 318125,106282 290328,87536 290500,87836 318297))
31258;POLYGON((164013 325075,182665 324176,181373 296385,162630 297284,164013 325075))
31259;POLYGON((240272 340600,258915 338970,256536 311192,237802 312824,240272 340600))
31284;POLYGON((87836 5318297,106493 5318125,106282 5290328,87536 5290500,87836 5318297))
31285;POLYGON((164013 5325075,182665 5324176,181373 5296385,162630 5297284,164013 5325075))
31286;POLYGON((240272 5340600,258915 5338970,256536 5311192,237802 5312824,240272 5340600))
31287;POLYGON((114193 462695,132823 461804,131541 434046,112822 434940,114193 462695))
25833;POLYGON((89790 5330953,108430 5329649,106538 5301875,87807 5303180,89790 5330953))
25832;POLYGON((537297 5316421,555946 5316572,556216 5288786,537477 5288635,537297 5316421))
