4326;POLYGON((9.5 49.0,10.25 49.0,10.25 48.25,9.5 48.25,9.5 49.0))
31254;POLYGON((-60947 429497,-6068 429163,-6162 345761,-61860 346095,-60947 429497))
31255;POLYGON((-280404 436246,-225538 433742,-228912 350354,-284599 352867,-280404 436246))
31256;POLYGON((-499752 451703,-444922 447016,-451590 363674,-507248 368377,-499752 451703))
31257;POLYGON((89052 429497,143931 429163,143837 345761,88139 346095,89052 429497))
31258;POLYGON((169595 436246,224461 433742,221087 350354,165400 352867,169595 436246))
31259;POLYGON((250247 451703,305077 447016,298409 363674,242751 368377,250247 451703))
31284;POLYGON((89052 5429497,143931 5429163,143837 5345761,88139 5346095,89052 5429497))
31285;POLYGON((169595 5436246,224461 5433742,221087 5350354,165400 5352867,169595 5436246))
31286;POLYGON((250247 5451703,305077 5447016,298409 5363674,242751 5368377,250247 5451703))
31287;POLYGON((119680 573741,174505 571297,171194 487972,115565 490452,119680 573741))
25833;POLYGON((97802 5442045,152628 5438334,147432 5355002,91781 5358726,97802 5442045))
25832;POLYGON((536571 5427576,591427 5428208,592792 5344842,537117 5344208,536571 5427576))
