4326;POLYGON((9.25 46.5,10.0 46.5,10.0 45.75,9.25 45.75,9.25 46.5))
31254;POLYGON((-83140 151767,-25568 151248,-25921 67882,-84280 68401,-83140 151767))
31255;POLYGON((-313385 159303,-255818 156595,-259321 73234,-317677 75946,-313385 159303))
31256;POLYGON((-543582 175631,-486031 170718,-492703 87373,-551050 92291,-543582 175631))
31257;POLYGON((66859 151767,124431 151248,124078 67882,65719 68401,66859 151767))
31258;POLYGON((136614 159303,194181 156595,190678 73234,132322 75946,136614 159303))
31259;POLYGON((206417 175631,263968 170718,257296 87373,198949 92291,206417 175631))
31284;POLYGON((66859 5151767,124431 5151248,124078 5067882,65719 5068401,66859 5151767))
31285;POLYGON((136614 5159303,194181 5156595,190678 5073234,132322 5075946,136614 5159303))
31286;POLYGON((206417 5175631,263968 5170718,257296 5087373,198949 5092291,206417 5175631))
31287;POLYGON((86804 297161,144300 294413,140722 211128,82423 213914,86804 297161))
25833;POLYGON((58830 5165687,116365 5161760,111111 5078441,52782 5082372,58830 5165687))
25832;POLYGON((519182 5149633,576731 5150089,577780 5066757,519445 5066301,519182 5149633))
