4326;POLYGON((9.75 48.0,10.0 48.0,10.0 47.75,9.75 47.75,9.75 48.0))
31254;POLYGON((-43506 318125,-24850 318013,-24971 290216,-43717 290328,-43506 318125))
31255;POLYGON((-267334 324176,-248681 323338,-249883 295545,-268626 296385,-267334 324176))
31256;POLYGON((-491084 338970,-472440 337401,-474728 309621,-493463 311192,-491084 338970))
31257;POLYGON((106493 318125,125149 318013,125028 290216,106282 290328,106493 318125))
31258;POLYGON((182665 324176,201318 323338,200116 295545,181373 296385,182665 324176))
31259;POLYGON((258915 338970,277559 337401,275271 309621,256536 311192,258915 338970))
31284;POLYGON((106493 5318125,125149 5318013,125028 5290216,106282 5290328,106493 5318125))
31285;POLYGON((182665 5324176,201318 5323338,200116 5295545,181373 5296385,182665 5324176))
31286;POLYGON((258915 5338970,277559 5337401,275271 5309621,256536 5311192,258915 5338970))
31287;POLYGON((132823 461804,151455 460974,150263 433211,131541 434046,132823 461804))
25833;POLYGON((108430 5329649,127071 5328407,125269 5300632,106538 5301875,108430 5329649))
25832;POLYGON((555946 5316572,574595 5316784,574954 5288998,556216 5288786,555946 5316572))
