4326;POLYGON((9.75 49.25,10.0 49.25,10.0 49.0,9.75 49.0,9.75 49.25))
31254;POLYGON((-42439 457128,-24238 457017,-24361 429214,-42654 429325,-42439 457128))
31255;POLYGON((-260799 463146,-242602 462313,-243827 434516,-262116 435351,-260799 463146))
31256;POLYGON((-479051 477856,-460867 476296,-463200 448518,-481476 450080,-479051 477856))
31257;POLYGON((107560 457128,125761 457017,125638 429214,107345 429325,107560 457128))
31258;POLYGON((189200 463146,207397 462313,206172 434516,187883 435351,189200 463146))
31259;POLYGON((270948 477856,289132 476296,286799 448518,268523 450080,270948 477856))
31284;POLYGON((107560 5457128,125761 5457017,125638 5429214,107345 5429325,107560 5457128))
31285;POLYGON((189200 5463146,207397 5462313,206172 5434516,187883 5435351,189200 5463146))
31286;POLYGON((270948 5477856,289132 5476296,286799 5448518,268523 5450080,270948 5477856))
31287;POLYGON((139235 600643,157421 599832,156227 572053,137952 572867,139235 600643))
25833;POLYGON((118006 5468523,136189 5467287,134351 5439511,116076 5440748,118006 5468523))
25832;POLYGON((554581 5455518,572775 5455728,573142 5427937,554856 5427726,554581 5455518))
