4326;POLYGON((9.25 49.25,10.0 49.25,10.0 48.5,9.25 48.5,9.25 49.25))
31254;POLYGON((-78841 457531,-24238 457017,-24606 373611,-80032 374127,-78841 457531))
31255;POLYGON((-297189 464995,-242602 462313,-246264 378925,-301676 381617,-297189 464995))
31256;POLYGON((-515415 481159,-460867 476296,-467838 392960,-523217 397841,-515415 481159))
31257;POLYGON((71158 457531,125761 457017,125393 373611,69967 374127,71158 457531))
31258;POLYGON((152810 464995,207397 462313,203735 378925,148323 381617,152810 464995))
31259;POLYGON((234584 481159,289132 476296,282161 392960,226782 397841,234584 481159))
31284;POLYGON((71158 5457531,125761 5457017,125393 5373611,69967 5374127,71158 5457531))
31285;POLYGON((152810 5464995,207397 5462313,203735 5378925,148323 5381617,152810 5464995))
31286;POLYGON((234584 5481159,289132 5476296,282161 5392960,226782 5397841,234584 5481159))
31287;POLYGON((102872 602439,157421 599832,153841 516507,98488 519152,102872 602439))
25833;POLYGON((81643 5471175,136189 5467287,130697 5383958,75323 5387860,81643 5471175))
25832;POLYGON((518193 5455277,572775 5455728,573871 5372358,518467 5371905,518193 5455277))
