4326;POLYGON((9.25 47.5,9.5 47.5,9.5 47.25,9.25 47.25,9.25 47.5))
31254;POLYGON((-81599 262937,-62763 262704,-63061 234910,-81987 235143,-81599 262937))
31255;POLYGON((-307577 270456,-288745 269494,-290116 241704,-309038 242667,-307577 270456))
31256;POLYGON((-533480 286741,-514657 285046,-517107 257268,-536021 258964,-533480 286741))
31257;POLYGON((68400 262937,87236 262704,86938 234910,68012 235143,68400 262937))
31258;POLYGON((142422 270456,161254 269494,159883 241704,140961 242667,142422 270456))
31259;POLYGON((216519 286741,235342 285046,232892 257268,213978 258964,216519 286741))
31284;POLYGON((68400 5262937,87236 5262704,86938 5234910,68012 5235143,68400 5262937))
31285;POLYGON((142422 5270456,161254 5269494,159883 5241704,140961 5242667,142422 5270456))
31286;POLYGON((216519 5286741,235342 5285046,232892 5257268,213978 5258964,216519 5286741))
31287;POLYGON((92646 408147,111451 407188,110080 379436,91185 380400,92646 408147))
25833;POLYGON((67011 5276774,85831 5275407,83863 5247634,64953 5249002,67011 5276774))
25832;POLYGON((518828 5260760,537656 5260850,537835 5233067,518917 5232976,518828 5260760))
