4326;POLYGON((9.5 49.75,9.75 49.75,9.75 49.5,9.5 49.5,9.5 49.75))
31254;POLYGON((-60023 512909,-42007 512738,-42223 484933,-60332 485104,-60023 512909))
31255;POLYGON((-276160 519631,-258149 518739,-259477 490942,-277580 491835,-276160 519631))
31256;POLYGON((-492170 535024,-474174 533408,-476617 505632,-494707 507251,-492170 535024))
31257;POLYGON((89976 512909,107992 512738,107776 484933,89667 485104,89976 512909))
31258;POLYGON((173839 519631,191850 518739,190522 490942,172419 491835,173839 519631))
31259;POLYGON((257829 535024,275825 533408,273382 505632,255292 507251,257829 535024))
31284;POLYGON((89976 5512909,107992 5512738,107776 5484933,89667 5485104,89976 5512909))
31285;POLYGON((173839 5519631,191850 5518739,190522 5490942,172419 5491835,173839 5519631))
31286;POLYGON((257829 5535024,275825 5533408,273382 5505632,255292 5507251,257829 5535024))
31287;POLYGON((123797 657070,141801 656209,140518 628423,122425 629288,123797 657070))
25833;POLYGON((103891 5525366,121887 5524073,119943 5496298,101854 5497592,103891 5525366))
25832;POLYGON((536018 5510955,554028 5511105,554305 5483311,536203 5483160,536018 5510955))
