4326;POLYGON((9.5 47.75,9.75 47.75,9.75 47.5,9.5 47.5,9.5 47.75))
31254;POLYGON((-62463 290500,-43717 290328,-43927 262532,-62763 262704,-62463 290500))
31255;POLYGON((-287369 297284,-268626 296385,-269913 268594,-288745 269494,-287369 297284))
31256;POLYGON((-512197 312824,-493463 311192,-495832 283413,-514657 285046,-512197 312824))
31257;POLYGON((87536 290500,106282 290328,106072 262532,87236 262704,87536 290500))
31258;POLYGON((162630 297284,181373 296385,180086 268594,161254 269494,162630 297284))
31259;POLYGON((237802 312824,256536 311192,254167 283413,235342 285046,237802 312824))
31284;POLYGON((87536 5290500,106282 5290328,106072 5262532,87236 5262704,87536 5290500))
31285;POLYGON((162630 5297284,181373 5296385,180086 5268594,161254 5269494,162630 5297284))
31286;POLYGON((237802 5312824,256536 5311192,254167 5283413,235342 5285046,237802 5312824))
31287;POLYGON((112822 434940,131541 434046,130259 406289,111451 407188,112822 434940))
25833;POLYGON((87807 5303180,106538 5301875,104652 5274101,85831 5275407,87807 5303180))
25832;POLYGON((537477 5288635,556216 5288786,556484 5261002,537656 5260850,537477 5288635))
