4326;POLYGON((9.25 49.75,9.5 49.75,9.5 49.5,9.25 49.5,9.25 49.75))
31254;POLYGON((-78040 513139,-60023 512909,-60332 485104,-78441 485335,-78040 513139))
31255;POLYGON((-294170 520583,-276160 519631,-277580 491835,-295682 492789,-294170 520583))
31256;POLYGON((-510165 536701,-492170 535024,-494707 507251,-512795 508930,-510165 536701))
31257;POLYGON((71959 513139,89976 512909,89667 485104,71558 485335,71959 513139))
31258;POLYGON((155829 520583,173839 519631,172419 491835,154317 492789,155829 520583))
31259;POLYGON((239834 536701,257829 535024,255292 507251,237204 508930,239834 536701))
31284;POLYGON((71959 5513139,89976 5512909,89667 5485104,71558 5485335,71959 5513139))
31285;POLYGON((155829 5520583,173839 5519631,172419 5491835,154317 5492789,155829 5520583))
31286;POLYGON((239834 5536701,257829 5535024,255292 5507251,237204 5508930,239834 5536701))
31287;POLYGON((105796 657988,123797 657070,122425 629288,104334 630211,105796 657988))
25833;POLYGON((85896 5526718,103891 5525366,101854 5497592,83766 5498947,85896 5526718))
25832;POLYGON((518009 5510865,536018 5510955,536203 5483160,518101 5483070,518009 5510865))
