4326;POLYGON((9.25 48.75,9.5 48.75,9.5 48.5,9.25 48.5,9.25 48.75))
31254;POLYGON((-79637 401927,-61253 401695,-61557 373894,-80032 374127,-79637 401927))
31255;POLYGON((-300186 409409,-281807 408452,-283206 380659,-301676 381617,-300186 409409))
31256;POLYGON((-520626 425614,-502260 423928,-504758 396153,-523217 397841,-520626 425614))
31257;POLYGON((70362 401927,88746 401695,88442 373894,69967 374127,70362 401927))
31258;POLYGON((149813 409409,168192 408452,166793 380659,148323 381617,149813 409409))
31259;POLYGON((229373 425614,247739 423928,245241 396153,226782 397841,229373 425614))
31284;POLYGON((70362 5401927,88746 5401695,88442 5373894,69967 5374127,70362 5401927))
31285;POLYGON((149813 5409409,168192 5408452,166793 5380659,148323 5381617,149813 5409409))
31286;POLYGON((229373 5425614,247739 5423928,245241 5396153,226782 5397841,229373 5425614))
31287;POLYGON((99949 546911,118308 545974,116936 518211,98488 519152,99949 546911))
25833;POLYGON((77422 5415632,95787 5414272,93780 5386499,75323 5387860,77422 5415632))
25832;POLYGON((518376 5399695,536753 5399785,536935 5371996,518467 5371905,518376 5399695))
