4326;POLYGON((8.75 49.5,9.5 49.5,9.5 48.75,8.75 48.75,8.75 49.5))
31254;POLYGON((-114658 485977,-60332 485104,-61253 401695,-116405 402572,-114658 485977))
31255;POLYGON((-331885 494876,-277580 491835,-281807 408452,-336941 411505,-331885 494876))
31256;POLYGON((-548966 512471,-494707 507251,-502260 423928,-557355 429169,-548966 512471))
31257;POLYGON((35341 485977,89667 485104,88746 401695,33594 402572,35341 485977))
31258;POLYGON((118114 494876,172419 491835,168192 408452,113058 411505,118114 494876))
31259;POLYGON((201033 512471,255292 507251,247739 423928,192644 429169,201033 512471))
31284;POLYGON((35341 5485977,89667 5485104,88746 5401695,33594 5402572,35341 5485977))
31285;POLYGON((118114 5494876,172419 5491835,168192 5408452,113058 5411505,118114 5494876))
31286;POLYGON((201033 5512471,255292 5507251,247739 5423928,192644 5429169,201033 5512471))
31287;POLYGON((68162 632232,122425 629288,118308 545974,63242 548961,68162 632232))
25833;POLYGON((47593 5501838,101854 5497592,95787 5414272,40695 5418534,47593 5501838))
25832;POLYGON((481898 5483070,536203 5483160,536753 5399785,481623 5399695,481898 5483070))
