4326;POLYGON((9.75 47.5,10.0 47.5,10.0 47.25,9.75 47.25,9.75 47.5))
31254;POLYGON((-43927 262532,-25091 262420,-25211 234625,-44136 234737,-43927 262532))
31255;POLYGON((-269913 268594,-251079 267754,-252271 239963,-271194 240803,-269913 268594))
31256;POLYGON((-495832 283413,-477007 281841,-479277 254061,-498192 255634,-495832 283413))
31257;POLYGON((106072 262532,124908 262420,124788 234625,105863 234737,106072 262532))
31258;POLYGON((180086 268594,198920 267754,197728 239963,178805 240803,180086 268594))
31259;POLYGON((254167 283413,272992 281841,270722 254061,251807 255634,254167 283413))
31284;POLYGON((106072 5262532,124908 5262420,124788 5234625,105863 5234737,106072 5262532))
31285;POLYGON((180086 5268594,198920 5267754,197728 5239963,178805 5240803,180086 5268594))
31286;POLYGON((254167 5283413,272992 5281841,270722 5254061,251807 5255634,254167 5283413))
31287;POLYGON((130259 406289,149070 405450,147878 377690,128977 378533,130259 406289))
25833;POLYGON((104652 5274101,123474 5272857,121686 5245082,102774 5246328,104652 5274101))
25832;POLYGON((556484 5261002,575313 5261214,575669 5233431,556752 5233219,556484 5261002))
