4326;POLYGON((9.0 47.25,9.75 47.25,9.75 46.5,9.0 46.5,9.0 47.25))
31254;POLYGON((-100912 235437,-44136 234737,-44759 151360,-102331 152061,-100912 235437))
31255;POLYGON((-327959 243690,-271194 240803,-275007 157437,-332573 160328,-327959 243690))
31256;POLYGON((-554934 260721,-498192 255634,-505216 172294,-562765 177391,-554934 260721))
31257;POLYGON((49087 235437,105863 234737,105240 151360,47668 152061,49087 235437))
31258;POLYGON((122040 243690,178805 240803,174992 157437,117426 160328,122040 243690))
31259;POLYGON((195065 260721,251807 255634,244783 172294,187234 177391,195065 260721))
31284;POLYGON((49087 5235437,105863 5234737,105240 5151360,47668 5152061,49087 5235437))
31285;POLYGON((122040 5243690,178805 5240803,174992 5157437,117426 5160328,122040 5243690))
31286;POLYGON((195065 5260721,251807 5255634,244783 5172294,187234 5177391,195065 5260721))
31287;POLYGON((72294 381425,128977 378533,125132 295267,67645 298200,72294 381425))
25833;POLYGON((46043 5250431,102774 5246328,97186 5163008,39652 5167118,46043 5250431))
25832;POLYGON((500000 5232946,556752 5233219,557548 5149876,500000 5149603,500000 5232946))
