4326;POLYGON((9.25 47.75,9.5 47.75,9.5 47.5,9.25 47.5,9.25 47.75))
31254;POLYGON((-81210 290733,-62463 290500,-62763 262704,-81599 262937,-81210 290733))
31255;POLYGON((-306111 298245,-287369 297284,-288745 269494,-307577 270456,-306111 298245))
31256;POLYGON((-530930 314517,-512197 312824,-514657 285046,-533480 286741,-530930 314517))
31257;POLYGON((68789 290733,87536 290500,87236 262704,68400 262937,68789 290733))
31258;POLYGON((143888 298245,162630 297284,161254 269494,142422 270456,143888 298245))
31259;POLYGON((219069 314517,237802 312824,235342 285046,216519 286741,219069 314517))
31284;POLYGON((68789 5290733,87536 5290500,87236 5262704,68400 5262937,68789 5290733))
31285;POLYGON((143888 5298245,162630 5297284,161254 5269494,142422 5270456,143888 5298245))
31286;POLYGON((219069 5314517,237802 5312824,235342 5285046,216519 5286741,219069 5314517))
31287;POLYGON((94106 435895,112822 434940,111451 407188,92646 408147,94106 435895))
25833;POLYGON((69077 5304545,87807 5303180,85831 5275407,67011 5276774,69077 5304545))
25832;POLYGON((518738 5288544,537477 5288635,537656 5260850,518828 5260760,518738 5288544))
