4326;POLYGON((9.5 48.5,10.25 48.5,10.25 47.75,9.5 47.75,9.5 48.5))
31254;POLYGON((-61557 373894,-6131 373560,-6224 290165,-62463 290500,-61557 373894))
31255;POLYGON((-283206 380659,-227792 378149,-231139 294767,-287369 297284,-283206 380659))
31256;POLYGON((-504758 396153,-449376 391455,-455993 308112,-512197 312824,-504758 396153))
31257;POLYGON((88442 373894,143868 373560,143775 290165,87536 290500,88442 373894))
31258;POLYGON((166793 380659,222207 378149,218860 294767,162630 297284,166793 380659))
31259;POLYGON((245241 396153,300623 391455,294006 308112,237802 312824,245241 396153))
31284;POLYGON((88442 5373894,143868 5373560,143775 5290165,87536 5290500,88442 5373894))
31285;POLYGON((166793 5380659,222207 5378149,218860 5294767,162630 5297284,166793 5380659))
31286;POLYGON((245241 5396153,300623 5391455,294006 5308112,237802 5312824,245241 5396153))
31287;POLYGON((116936 518211,172297 515744,168987 432437,112822 434940,116936 518211))
25833;POLYGON((93780 5386499,149157 5382779,144001 5299449,87807 5303180,93780 5386499))
25832;POLYGON((536935 5371996,592338 5372630,593693 5289270,537477 5288635,536935 5371996))
