4326;POLYGON((9.0 48.25,9.75 48.25,9.75 47.5,9.0 47.5,9.0 48.25))
31254;POLYGON((-98992 346620,-43294 345923,-43927 262532,-100435 263231,-98992 346620))
31255;POLYGON((-321721 354846,-266037 351969,-269913 268594,-326409 271478,-321721 354846))
31256;POLYGON((-544347 371818,-488696 366748,-495832 283413,-552303 288497,-544347 371818))
31257;POLYGON((51007 346620,106705 345923,106072 262532,49564 263231,51007 346620))
31258;POLYGON((128278 354846,183962 351969,180086 268594,123590 271478,128278 354846))
31259;POLYGON((205652 371818,261303 366748,254167 283413,197696 288497,205652 371818))
31284;POLYGON((51007 5346620,106705 5345923,106072 5262532,49564 5263231,51007 5346620))
31285;POLYGON((128278 5354846,183962 5351969,180086 5268594,123590 5271478,128278 5354846))
31286;POLYGON((205652 5371818,261303 5366748,254167 5283413,197696 5288497,205652 5371818))
31287;POLYGON((78493 492403,134105 489565,130259 406289,73844 409167,78493 492403))
25833;POLYGON((54686 5361512,110331 5357424,104652 5274101,48191 5278201,54686 5361512))
25832;POLYGON((500000 5344087,555675 5344359,556484 5261002,500000 5260729,500000 5344087))
