4326;POLYGON((9.25 46.75,9.5 46.75,9.5 46.5,9.25 46.5,9.25 46.75))
31254;POLYGON((-82757 179558,-63655 179324,-63950 151533,-83140 151767,-82757 179558))
31255;POLYGON((-311942 187091,-292842 186127,-294196 158340,-313385 159303,-311942 187091))
31256;POLYGON((-541072 203409,-521978 201711,-524399 173932,-543582 175631,-541072 203409))
31257;POLYGON((67242 179558,86344 179324,86049 151533,66859 151767,67242 179558))
31258;POLYGON((138057 187091,157157 186127,155803 158340,136614 159303,138057 187091))
31259;POLYGON((208927 203409,228021 201711,225600 173932,206417 175631,208927 203409))
31284;POLYGON((67242 5179558,86344 5179324,86049 5151533,66859 5151767,67242 5179558))
31285;POLYGON((138057 5187091,157157 5186127,155803 5158340,136614 5159303,138057 5187091))
31286;POLYGON((208927 5203409,228021 5201711,225600 5173932,206417 5175631,208927 5203409))
31287;POLYGON((88265 324908,107338 323934,105966 296183,86804 297161,88265 324908))
25833;POLYGON((60863 5193459,79952 5192089,78008 5164317,58830 5165687,60863 5193459))
25832;POLYGON((519094 5177413,538189 5177504,538365 5149724,519182 5149633,519094 5177413))
