4326;POLYGON((9.25 48.75,10.0 48.75,10.0 48.0,9.25 48.0,9.25 48.75))
31254;POLYGON((-79637 401927,-24484 401412,-24850 318013,-80819 318530,-79637 401927))
31255;POLYGON((-300186 409409,-245048 406720,-248681 323338,-304638 326035,-300186 409409))
31256;POLYGON((-520626 425614,-465523 420739,-472440 337401,-528369 342292,-520626 425614))
31257;POLYGON((70362 401927,125515 401412,125149 318013,69180 318530,70362 401927))
31258;POLYGON((149813 409409,204951 406720,201318 323338,145361 326035,149813 409409))
31259;POLYGON((229373 425614,284476 420739,277559 337401,221630 342292,229373 425614))
31284;POLYGON((70362 5401927,125515 5401412,125149 5318013,69180 5318530,70362 5401927))
31285;POLYGON((149813 5409409,204951 5406720,201318 5323338,145361 5326035,149813 5409409))
31286;POLYGON((229373 5425614,284476 5420739,277559 5337401,221630 5342292,229373 5425614))
31287;POLYGON((99949 546911,155034 544278,151455 460974,95567 463645,99949 546911))
25833;POLYGON((77422 5415632,132521 5411734,127071 5328407,71151 5332317,77422 5415632))
25832;POLYGON((518376 5399695,573507 5400147,574595 5316784,518648 5316330,518376 5399695))
