4326;POLYGON((9.5 46.75,9.75 46.75,9.75 46.5,9.5 46.5,9.5 46.75))
31254;POLYGON((-63655 179324,-44552 179151,-44759 151360,-63950 151533,-63655 179324))
31255;POLYGON((-292842 186127,-273741 185225,-275007 157437,-294196 158340,-292842 186127))
31256;POLYGON((-521978 201711,-502884 200074,-505216 172294,-524399 173932,-521978 201711))
31257;POLYGON((86344 179324,105447 179151,105240 151360,86049 151533,86344 179324))
31258;POLYGON((157157 186127,176258 185225,174992 157437,155803 158340,157157 186127))
31259;POLYGON((228021 201711,247115 200074,244783 172294,225600 173932,228021 201711))
31284;POLYGON((86344 5179324,105447 5179151,105240 5151360,86049 5151533,86344 5179324))
31285;POLYGON((157157 5186127,176258 5185225,174992 5157437,155803 5158340,157157 5186127))
31286;POLYGON((228021 5201711,247115 5200074,244783 5172294,225600 5173932,228021 5201711))
31287;POLYGON((107338 323934,126414 323023,125132 295267,105966 296183,107338 323934))
25833;POLYGON((79952 5192089,99041 5190781,97186 5163008,78008 5164317,79952 5192089))
25832;POLYGON((538189 5177504,557284 5177656,557548 5149876,538365 5149724,538189 5177504))
