4326;POLYGON((9.25 46.25,10.0 46.25,10.0 45.5,9.25 45.5,9.25 46.25))
31254;POLYGON((-83522 123977,-25686 123458,-26037 40096,-84656 40615,-83522 123977))
31255;POLYGON((-314821 131517,-256991 128807,-260479 45449,-319096 48161,-314821 131517))
31256;POLYGON((-546082 147851,-488264 142937,-494908 59591,-553519 64510,-546082 147851))
31257;POLYGON((66477 123977,124313 123458,123962 40096,65343 40615,66477 123977))
31258;POLYGON((135178 131517,193008 128807,189520 45449,130903 48161,135178 131517))
31259;POLYGON((203917 147851,261735 142937,255091 59591,196480 64510,203917 147851))
31284;POLYGON((66477 5123977,124313 5123458,123962 5040096,65343 5040615,66477 5123977))
31285;POLYGON((135178 5131517,193008 5128807,189520 5045449,130903 5048161,135178 5131517))
31286;POLYGON((203917 5147851,261735 5142937,255091 5059591,196480 5064510,203917 5147851))
31287;POLYGON((85344 269414,143107 266653,139529 183362,80962 186161,85344 269414))
25833;POLYGON((56806 5137915,114606 5133987,109374 5050668,50783 5054600,56806 5137915))
25832;POLYGON((519270 5121855,577082 5122310,578126 5038982,519531 5038526,519270 5121855))
