4326;POLYGON((9.25 47.5,10.0 47.5,10.0 46.75,9.25 46.75,9.25 47.5))
31254;POLYGON((-81599 262937,-25091 262420,-25449 179039,-82757 179558,-81599 262937))
31255;POLYGON((-307577 270456,-251079 267754,-254641 184383,-311942 187091,-307577 270456))
31256;POLYGON((-533480 286741,-477007 281841,-483789 198499,-541072 203409,-533480 286741))
31257;POLYGON((68400 262937,124908 262420,124550 179039,67242 179558,68400 262937))
31258;POLYGON((142422 270456,198920 267754,195358 184383,138057 187091,142422 270456))
31259;POLYGON((216519 286741,272992 281841,266210 198499,208927 203409,216519 286741))
31284;POLYGON((68400 5262937,124908 5262420,124550 5179039,67242 5179558,68400 5262937))
31285;POLYGON((142422 5270456,198920 5267754,195358 5184383,138057 5187091,142422 5270456))
31286;POLYGON((216519 5286741,272992 5281841,266210 5198499,208927 5203409,216519 5286741))
31287;POLYGON((92646 408147,149070 405450,145492 322172,88265 324908,92646 408147))
25833;POLYGON((67011 5276774,123474 5272857,118132 5189534,60863 5193459,67011 5276774))
25832;POLYGON((518828 5260760,575313 5261214,576379 5177868,519094 5177413,518828 5260760))
