4326;POLYGON((8.75 48.25,9.5 48.25,9.5 47.5,8.75 47.5,8.75 48.25))
31254;POLYGON((-117558 346974,-61860 346095,-62763 262704,-119270 263585,-117558 346974))
31255;POLYGON((-340280 355926,-284599 352867,-288745 269494,-345240 272561,-340280 355926))
31256;POLYGON((-562895 373630,-507248 368377,-514657 285046,-571125 290314,-562895 373630))
31257;POLYGON((32441 346974,88139 346095,87236 262704,30729 263585,32441 346974))
31258;POLYGON((109719 355926,165400 352867,161254 269494,104759 272561,109719 355926))
31259;POLYGON((187104 373630,242751 368377,235342 285046,178874 290314,187104 373630))
31284;POLYGON((32441 5346974,88139 5346095,87236 5262704,30729 5263585,32441 5346974))
31285;POLYGON((109719 5355926,165400 5352867,161254 5269494,104759 5272561,109719 5355926))
31286;POLYGON((187104 5373630,242751 5368377,235342 5285046,178874 5290314,187104 5373630))
31287;POLYGON((59963 493468,115565 490452,111451 407188,55045 410247,59963 493468))
25833;POLYGON((36139 5362997,91781 5358726,85831 5275407,29372 5279690,36139 5362997))
25832;POLYGON((481441 5344117,537117 5344208,537656 5260850,481171 5260760,481441 5344117))
