4326;POLYGON((9.25 49.75,10.0 49.75,10.0 49.0,9.25 49.0,9.25 49.75))
31254;POLYGON((-78040 513139,-23990 512628,-24361 429214,-79240 429728,-78040 513139))
31255;POLYGON((-294170 520583,-240138 517908,-243827 434516,-298691 437202,-294170 520583))
31256;POLYGON((-510165 536701,-456176 531852,-463200 448518,-518025 453387,-510165 536701))
31257;POLYGON((71959 513139,126009 512628,125638 429214,70759 429728,71959 513139))
31258;POLYGON((155829 520583,209861 517908,206172 434516,151308 437202,155829 520583))
31259;POLYGON((239834 536701,293823 531852,286799 448518,231974 453387,239834 536701))
31284;POLYGON((71959 5513139,126009 5512628,125638 5429214,70759 5429728,71959 5513139))
31285;POLYGON((155829 5520583,209861 5517908,206172 5434516,151308 5437202,155829 5520583))
31286;POLYGON((239834 5536701,293823 5531852,286799 5448518,231974 5453387,239834 5536701))
31287;POLYGON((105796 657988,159808 655406,156227 572053,101411 574673,105796 657988))
25833;POLYGON((85896 5526718,139885 5522841,134351 5439511,79528 5443404,85896 5526718))
25832;POLYGON((518009 5510865,572037 5511314,573142 5427937,518285 5427485,518009 5510865))
