4326;POLYGON((9.25 47.25,9.5 47.25,9.5 47.0,9.25 47.0,9.25 47.25))
31254;POLYGON((-81987 235143,-63061 234910,-63359 207116,-82373 207350,-81987 235143))
31255;POLYGON((-309038 242667,-290116 241704,-291482 213916,-310493 214878,-309038 242667))
31256;POLYGON((-536021 258964,-517107 257268,-519548 229490,-538552 231187,-536021 258964))
31257;POLYGON((68012 235143,86938 234910,86640 207116,67626 207350,68012 235143))
31258;POLYGON((140961 242667,159883 241704,158517 213916,139506 214878,140961 242667))
31259;POLYGON((213978 258964,232892 257268,230451 229490,211447 231187,213978 258964))
31284;POLYGON((68012 5235143,86938 5234910,86640 5207116,67626 5207350,68012 5235143))
31285;POLYGON((140961 5242667,159883 5241704,158517 5213916,139506 5214878,140961 5242667))
31286;POLYGON((213978 5258964,232892 5257268,230451 5229490,211447 5231187,213978 5258964))
31287;POLYGON((91185 380400,110080 379436,108709 351685,89725 352654,91185 380400))
25833;POLYGON((64953 5249002,83863 5247634,81904 5219862,62904 5221230,64953 5249002))
25832;POLYGON((518917 5232976,537835 5233067,538012 5205285,519006 5205194,518917 5232976))
