4326;POLYGON((9.0 48.25,9.25 48.25,9.25 48.0,9.0 48.0,9.0 48.25))
31254;POLYGON((-98992 346620,-80426 346327,-80819 318530,-99475 318823,-98992 346620))
31255;POLYGON((-321721 354846,-303160 353826,-304638 326035,-323289 327056,-321721 354846))
31256;POLYGON((-544347 371818,-525798 370067,-528369 342292,-547009 344045,-544347 371818))
31257;POLYGON((51007 346620,69573 346327,69180 318530,50524 318823,51007 346620))
31258;POLYGON((128278 354846,146839 353826,145361 326035,126710 327056,128278 354846))
31259;POLYGON((205652 371818,224201 370067,221630 342292,202990 344045,205652 371818))
31284;POLYGON((51007 5346620,69573 5346327,69180 5318530,50524 5318823,51007 5346620))
31285;POLYGON((128278 5354846,146839 5353826,145361 5326035,126710 5327056,128278 5354846))
31286;POLYGON((205652 5371818,224201 5370067,221630 5342292,202990 5344045,205652 5371818))
31287;POLYGON((78493 492403,97028 491397,95567 463645,76943 464655,78493 492403))
25833;POLYGON((54686 5361512,73233 5360089,71151 5332317,52512 5333742,54686 5361512))
25832;POLYGON((500000 5344087,518558 5344117,518648 5316330,500000 5316300,500000 5344087))
