4326;POLYGON((9.25 49.0,9.5 49.0,9.5 48.75,9.25 48.75,9.25 49.0))
31254;POLYGON((-79240 429728,-60947 429497,-61253 401695,-79637 401927,-79240 429728))
31255;POLYGON((-298691 437202,-280404 436246,-281807 408452,-300186 409409,-298691 437202))
31256;POLYGON((-518025 453387,-499752 451703,-502260 423928,-520626 425614,-518025 453387))
31257;POLYGON((70759 429728,89052 429497,88746 401695,70362 401927,70759 429728))
31258;POLYGON((151308 437202,169595 436246,168192 408452,149813 409409,151308 437202))
31259;POLYGON((231974 453387,250247 451703,247739 423928,229373 425614,231974 453387))
31284;POLYGON((70759 5429728,89052 5429497,88746 5401695,70362 5401927,70759 5429728))
31285;POLYGON((151308 5437202,169595 5436246,168192 5408452,149813 5409409,151308 5437202))
31286;POLYGON((231974 5453387,250247 5451703,247739 5423928,229373 5425614,231974 5453387))
31287;POLYGON((101411 574673,119680 573741,118308 545974,99949 546911,101411 574673))
25833;POLYGON((79528 5443404,97802 5442045,95787 5414272,77422 5415632,79528 5443404))
25832;POLYGON((518285 5427485,536571 5427576,536753 5399785,518376 5399695,518285 5427485))
