4326;POLYGON((8.75 47.0,9.5 47.0,9.5 46.25,8.75 46.25,8.75 47.0))
31254;POLYGON((-120400 207998,-63359 207116,-64243 123743,-122078 124627,-120400 207998))
31255;POLYGON((-348513 216987,-291482 213916,-295545 130553,-353374 133629,-348513 216987))
31256;POLYGON((-576557 234766,-519548 229490,-526810 146152,-584624 151436,-576557 234766))
31257;POLYGON((29599 207998,86640 207116,85756 123743,27921 124627,29599 207998))
31258;POLYGON((101486 216987,158517 213916,154454 130553,96625 133629,101486 216987))
31259;POLYGON((173442 234766,230451 229490,223189 146152,165375 151436,173442 234766))
31284;POLYGON((29599 5207998,86640 5207116,85756 5123743,27921 5124627,29599 5207998))
31285;POLYGON((101486 5216987,158517 5213916,154454 5130553,96625 5133629,101486 5216987))
31286;POLYGON((173442 5234766,230451 5229490,223189 5146152,165375 5151436,173442 5234766))
31287;POLYGON((51767 354774,108709 351685,104595 268431,46851 271564,51767 354774))
25833;POLYGON((24906 5224151,81904 5219862,76072 5136545,18274 5140841,24906 5224151))
25832;POLYGON((480993 5205194,538012 5205285,538541 5121946,480729 5121855,480993 5205194))
