4326;POLYGON((9.25 46.5,9.5 46.5,9.5 46.25,9.25 46.25,9.25 46.5))
31254;POLYGON((-83140 151767,-63950 151533,-64243 123743,-83522 123977,-83140 151767))
31255;POLYGON((-313385 159303,-294196 158340,-295545 130553,-314821 131517,-313385 159303))
31256;POLYGON((-543582 175631,-524399 173932,-526810 146152,-546082 147851,-543582 175631))
31257;POLYGON((66859 151767,86049 151533,85756 123743,66477 123977,66859 151767))
31258;POLYGON((136614 159303,155803 158340,154454 130553,135178 131517,136614 159303))
31259;POLYGON((206417 175631,225600 173932,223189 146152,203917 147851,206417 175631))
31284;POLYGON((66859 5151767,86049 5151533,85756 5123743,66477 5123977,66859 5151767))
31285;POLYGON((136614 5159303,155803 5158340,154454 5130553,135178 5131517,136614 5159303))
31286;POLYGON((206417 5175631,225600 5173932,223189 5146152,203917 5147851,206417 5175631))
31287;POLYGON((86804 297161,105966 296183,104595 268431,85344 269414,86804 297161))
25833;POLYGON((58830 5165687,78008 5164317,76072 5136545,56806 5137915,58830 5165687))
25832;POLYGON((519182 5149633,538365 5149724,538541 5121946,519270 5121855,519182 5149633))
