4326;POLYGON((9.0 49.75,9.25 49.75,9.25 49.5,9.0 49.5,9.0 49.75))
31254;POLYGON((-96056 513430,-78040 513139,-78441 485335,-96550 485626,-96056 513430))
31255;POLYGON((-312179 521595,-294170 520583,-295682 492789,-313784 493802,-312179 521595))
31256;POLYGON((-528158 538439,-510165 536701,-512795 508930,-530881 510670,-528158 538439))
31257;POLYGON((53943 513430,71959 513139,71558 485335,53449 485626,53943 513430))
31258;POLYGON((137820 521595,155829 520583,154317 492789,136215 493802,137820 521595))
31259;POLYGON((221841 538439,239834 536701,237204 508930,219118 510670,221841 538439))
31284;POLYGON((53943 5513430,71959 5513139,71558 5485335,53449 5485626,53943 5513430))
31285;POLYGON((137820 5521595,155829 5520583,154317 5492789,136215 5493802,137820 5521595))
31286;POLYGON((221841 5538439,239834 5536701,237204 5508930,219118 5510670,221841 5538439))
31287;POLYGON((87798 658964,105796 657988,104334 630211,86246 631192,87798 658964))
25833;POLYGON((67902 5528132,85896 5526718,83766 5498947,65679 5500362,67902 5528132))
25832;POLYGON((500000 5510835,518009 5510865,518101 5483070,500000 5483040,500000 5510835))
