4326;POLYGON((9.0 46.0,9.25 46.0,9.25 45.75,9.0 45.75,9.0 46.0))
31254;POLYGON((-103267 96483,-83901 96188,-84280 68401,-103733 68696,-103267 96483))
31255;POLYGON((-335616 104757,-316252 103731,-317677 75946,-337129 76972,-335616 104757))
31256;POLYGON((-567932 121834,-548571 120072,-551050 92291,-570499 94054,-567932 121834))
31257;POLYGON((46732 96483,66098 96188,65719 68401,46266 68696,46732 96483))
31258;POLYGON((114383 104757,133747 103731,132322 75946,112870 76972,114383 104757))
31259;POLYGON((182067 121834,201428 120072,198949 92291,179500 94054,182067 121834))
31284;POLYGON((46732 5096483,66098 5096188,65719 5068401,46266 5068696,46732 5096483))
31285;POLYGON((114383 5104757,133747 5103731,132322 5075946,112870 5076972,114383 5104757))
31286;POLYGON((182067 5121834,201428 5120072,198949 5092291,179500 5094054,182067 5121834))
31287;POLYGON((64546 242714,83883 241665,82423 213914,62996 214968,64546 242714))
25833;POLYGON((35435 5111576,54790 5110144,52782 5082372,33340 5083805,35435 5111576))
25832;POLYGON((500000 5094047,519358 5094077,519445 5066301,500000 5066271,500000 5094047))
