4326;POLYGON((9.0 48.75,9.75 48.75,9.75 48.0,9.0 48.0,9.0 48.75))
31254;POLYGON((-98021 402219,-42868 401523,-43506 318125,-99475 318823,-98021 402219))
31255;POLYGON((-318564 410427,-263428 407556,-267334 324176,-323289 327056,-318564 410427))
31256;POLYGON((-538991 427361,-483892 422303,-491084 338970,-547009 344045,-538991 427361))
31257;POLYGON((51978 402219,107131 401523,106493 318125,50524 318823,51978 402219))
31258;POLYGON((131435 410427,186571 407556,182665 324176,126710 327056,131435 410427))
31259;POLYGON((211008 427361,266107 422303,258915 338970,202990 344045,211008 427361))
31284;POLYGON((51978 5402219,107131 5401523,106493 5318125,50524 5318823,51978 5402219))
31285;POLYGON((131435 5410427,186571 5407556,182665 5324176,126710 5327056,131435 5410427))
31286;POLYGON((211008 5427361,266107 5422303,258915 5338970,202990 5344045,211008 5427361))
31287;POLYGON((81594 547906,136670 545096,132823 461804,76943 464655,81594 547906))
25833;POLYGON((59058 5417053,114154 5412973,108430 5329649,52512 5333742,59058 5417053))
25832;POLYGON((500000 5399665,555130 5399936,555946 5316572,500000 5316300,500000 5399665))
