4326;POLYGON((9.25 48.25,9.5 48.25,9.5 48.0,9.25 48.0,9.25 48.25))
31254;POLYGON((-80426 346327,-61860 346095,-62163 318297,-80819 318530,-80426 346327))
31255;POLYGON((-303160 353826,-284599 352867,-285986 325075,-304638 326035,-303160 353826))
31256;POLYGON((-525798 370067,-507248 368377,-509727 340600,-528369 342292,-525798 370067))
31257;POLYGON((69573 346327,88139 346095,87836 318297,69180 318530,69573 346327))
31258;POLYGON((146839 353826,165400 352867,164013 325075,145361 326035,146839 353826))
31259;POLYGON((224201 370067,242751 368377,240272 340600,221630 342292,224201 370067))
31284;POLYGON((69573 5346327,88139 5346095,87836 5318297,69180 5318530,69573 5346327))
31285;POLYGON((146839 5353826,165400 5352867,164013 5325075,145361 5326035,146839 5353826))
31286;POLYGON((224201 5370067,242751 5368377,240272 5340600,221630 5342292,224201 5370067))
31287;POLYGON((97028 491397,115565 490452,114193 462695,95567 463645,97028 491397))
25833;POLYGON((73233 5360089,91781 5358726,89790 5330953,71151 5332317,73233 5360089))
25832;POLYGON((518558 5344117,537117 5344208,537297 5316421,518648 5316330,518558 5344117))
