4326;POLYGON((9.5 48.75,10.25 48.75,10.25 48.0,9.5 48.0,9.5 48.75))
31254;POLYGON((-61253 401695,-6100 401361,-6193 317962,-62163 318297,-61253 401695))
31255;POLYGON((-281807 408452,-226667 405945,-230028 322560,-285986 325075,-281807 408452))
31256;POLYGON((-502260 423928,-447153 419236,-453796 335893,-509727 340600,-502260 423928))
31257;POLYGON((88746 401695,143899 401361,143806 317962,87836 318297,88746 401695))
31258;POLYGON((168192 408452,223332 405945,219971 322560,164013 325075,168192 408452))
31259;POLYGON((247739 423928,302846 419236,296203 335893,240272 340600,247739 423928))
31284;POLYGON((88746 5401695,143899 5401361,143806 5317962,87836 5318297,88746 5401695))
31285;POLYGON((168192 5408452,223332 5405945,219971 5322560,164013 5325075,168192 5408452))
31286;POLYGON((247739 5423928,302846 5419236,296203 5335893,240272 5340600,247739 5423928))
31287;POLYGON((118308 545974,173401 543518,170090 460203,114193 462695,118308 545974))
25833;POLYGON((95787 5414272,150889 5410556,145713 5327225,89790 5330953,95787 5414272))
25832;POLYGON((536753 5399785,591883 5400418,593243 5317056,537297 5316421,536753 5399785))
