4326;POLYGON((9.75 46.0,10.0 46.0,10.0 45.75,9.75 45.75,9.75 46.0))
31254;POLYGON((-45170 95782,-25804 95670,-25921 67882,-45374 67994,-45170 95782))
31255;POLYGON((-277523 101863,-258159 101020,-259321 73234,-278773 74077,-277523 101863))
31256;POLYGON((-509850 116732,-490488 115155,-492703 87373,-512152 88951,-509850 116732))
31257;POLYGON((104829 95782,124195 95670,124078 67882,104625 67994,104829 95782))
31258;POLYGON((172476 101863,191840 101020,190678 73234,171226 74077,172476 101863))
31259;POLYGON((240149 116732,259511 115155,257296 87373,237847 88951,240149 116732))
31284;POLYGON((104829 5095782,124195 5095670,124078 5067882,104625 5067994,104829 5095782))
31285;POLYGON((172476 5101863,191840 5101020,190678 5073234,171226 5074077,172476 5101863))
31286;POLYGON((240149 5116732,259511 5115155,257296 5087373,237847 5088951,240149 5116732))
31287;POLYGON((122568 239753,141915 238891,140722 211128,121286 211994,122568 239753))
25833;POLYGON((93500 5107462,112855 5106214,111111 5078441,91668 5079690,93500 5107462))
25832;POLYGON((558074 5094320,577432 5094533,577780 5066757,558335 5066544,558074 5094320))
