4326;POLYGON((9.75 49.5,10.0 49.5,10.0 49.25,9.75 49.25,9.75 49.5))
31254;POLYGON((-42223 484933,-24114 484822,-24238 457017,-42439 457128,-42223 484933))
31255;POLYGON((-259477 490942,-241372 490110,-242602 462313,-260799 463146,-259477 490942))
31256;POLYGON((-476617 505632,-458526 504074,-460867 476296,-479051 477856,-476617 505632))
31257;POLYGON((107776 484933,125885 484822,125761 457017,107560 457128,107776 484933))
31258;POLYGON((190522 490942,208627 490110,207397 462313,189200 463146,190522 490942))
31259;POLYGON((273382 505632,291473 504074,289132 476296,270948 477856,273382 505632))
31284;POLYGON((107776 5484933,125885 5484822,125761 5457017,107560 5457128,107776 5484933))
31285;POLYGON((190522 5490942,208627 5490110,207397 5462313,189200 5463146,190522 5490942))
31286;POLYGON((273382 5505632,291473 5504074,289132 5476296,270948 5477856,273382 5505632))
31287;POLYGON((140518 628423,158614 627617,157421 599832,139235 600643,140518 628423))
25833;POLYGON((119943 5496298,138033 5495064,136189 5467287,118006 5468523,119943 5496298))
25832;POLYGON((554305 5483311,572407 5483521,572775 5455728,554581 5455518,554305 5483311))
