4326;POLYGON((9.25 50.25,10.0 50.25,10.0 49.5,9.25 49.5,9.25 50.25))
31254;POLYGON((-77232 568753,-23740 568242,-24114 484822,-78441 485335,-77232 568753))
31255;POLYGON((-291128 576173,-237655 573507,-241372 490110,-295682 492789,-291128 576173))
31256;POLYGON((-504876 592241,-451451 587408,-458526 504074,-512795 508930,-504876 592241))
31257;POLYGON((72767 568753,126259 568242,125885 484822,71558 485335,72767 568753))
31258;POLYGON((158871 576173,212344 573507,208627 490110,154317 492789,158871 576173))
31259;POLYGON((245123 592241,298548 587408,291473 504074,237204 508930,245123 592241))
31284;POLYGON((72767 5568753,126259 5568242,125885 5484822,71558 5485335,72767 5568753))
31285;POLYGON((158871 5576173,212344 5573507,208627 5490110,154317 5492789,158871 5576173))
31286;POLYGON((245123 5592241,298548 5587408,291473 5504074,237204 5508930,245123 5592241))
31287;POLYGON((108721 713561,162197 711005,158614 627617,104334 630211,108721 713561))
25833;POLYGON((90180 5582262,143608 5578397,138033 5495064,83766 5498947,90180 5582262))
25832;POLYGON((517823 5566457,571294 5566905,572407 5483521,518101 5483070,517823 5566457))
