4326;POLYGON((9.5 48.75,9.75 48.75,9.75 48.5,9.5 48.5,9.5 48.75))
31254;POLYGON((-61253 401695,-42868 401523,-43082 373723,-61557 373894,-61253 401695))
31255;POLYGON((-281807 408452,-263428 407556,-264735 379762,-283206 380659,-281807 408452))
31256;POLYGON((-502260 423928,-483892 422303,-486299 394526,-504758 396153,-502260 423928))
31257;POLYGON((88746 401695,107131 401523,106917 373723,88442 373894,88746 401695))
31258;POLYGON((168192 408452,186571 407556,185264 379762,166793 380659,168192 408452))
31259;POLYGON((247739 423928,266107 422303,263700 394526,245241 396153,247739 423928))
31284;POLYGON((88746 5401695,107131 5401523,106917 5373723,88442 5373894,88746 5401695))
31285;POLYGON((168192 5408452,186571 5407556,185264 5379762,166793 5380659,168192 5408452))
31286;POLYGON((247739 5423928,266107 5422303,263700 5394526,245241 5396153,247739 5423928))
31287;POLYGON((118308 545974,136670 545096,135387 517329,116936 518211,118308 545974))
25833;POLYGON((95787 5414272,114154 5412973,112238 5385198,93780 5386499,95787 5414272))
25832;POLYGON((536753 5399785,555130 5399936,555403 5372147,536935 5371996,536753 5399785))
