4326;POLYGON((8.75 49.25,9.5 49.25,9.5 48.5,8.75 48.5,8.75 49.25))
31254;POLYGON((-115243 458174,-60640 457300,-61557 373894,-116982 374772,-115243 458174))
31255;POLYGON((-333577 467085,-278994 464040,-283206 380659,-338614 383715,-333577 467085))
31256;POLYGON((-551773 484705,-497234 479477,-504758 396153,-560130 401400,-551773 484705))
31257;POLYGON((34756 458174,89359 457300,88442 373894,33017 374772,34756 458174))
31258;POLYGON((116422 467085,171005 464040,166793 380659,111385 383715,116422 467085))
31259;POLYGON((198226 484705,252765 479477,245241 396153,189869 401400,198226 484705))
31284;POLYGON((34756 5458174,89359 5457300,88442 5373894,33017 5374772,34756 5458174))
31285;POLYGON((116422 5467085,171005 5464040,166793 5380659,111385 5383715,116422 5467085))
31286;POLYGON((198226 5484705,252765 5479477,245241 5396153,189869 5401400,198226 5484705))
31287;POLYGON((66522 604470,121052 601512,116936 518211,61602 521213,66522 604470))
25833;POLYGON((45285 5474070,99824 5469819,93780 5386499,38413 5390766,45285 5474070))
25832;POLYGON((481806 5455277,536387 5455367,536935 5371996,481532 5371905,481806 5455277))
