4326;POLYGON((9.25 49.5,10.0 49.5,10.0 48.75,9.25 48.75,9.25 49.5))
31254;POLYGON((-78441 485335,-24114 484822,-24484 401412,-79637 401927,-78441 485335))
31255;POLYGON((-295682 492789,-241372 490110,-245048 406720,-300186 409409,-295682 492789))
31256;POLYGON((-512795 508930,-458526 504074,-465523 420739,-520626 425614,-512795 508930))
31257;POLYGON((71558 485335,125885 484822,125515 401412,70362 401927,71558 485335))
31258;POLYGON((154317 492789,208627 490110,204951 406720,149813 409409,154317 492789))
31259;POLYGON((237204 508930,291473 504074,284476 420739,229373 425614,237204 508930))
31284;POLYGON((71558 5485335,125885 5484822,125515 5401412,70362 5401927,71558 5485335))
31285;POLYGON((154317 5492789,208627 5490110,204951 5406720,149813 5409409,154317 5492789))
31286;POLYGON((237204 5508930,291473 5504074,284476 5420739,229373 5425614,237204 5508930))
31287;POLYGON((104334 630211,158614 627617,155034 544278,99949 546911,104334 630211))
25833;POLYGON((83766 5498947,138033 5495064,132521 5411734,77422 5415632,83766 5498947))
25832;POLYGON((518101 5483070,572407 5483521,573507 5400147,518376 5399695,518101 5483070))
