4326;POLYGON((9.0 47.5,9.25 47.5,9.25 47.25,9.0 47.25,9.0 47.5))
31254;POLYGON((-100435 263231,-81599 262937,-81987 235143,-100912 235437,-100435 263231))
31255;POLYGON((-326409 271478,-307577 270456,-309038 242667,-327959 243690,-326409 271478))
31256;POLYGON((-552303 288497,-533480 286741,-536021 258964,-554934 260721,-552303 288497))
31257;POLYGON((49564 263231,68400 262937,68012 235143,49087 235437,49564 263231))
31258;POLYGON((123590 271478,142422 270456,140961 242667,122040 243690,123590 271478))
31259;POLYGON((197696 288497,216519 286741,213978 258964,195065 260721,197696 288497))
31284;POLYGON((49564 5263231,68400 5262937,68012 5235143,49087 5235437,49564 5263231))
31285;POLYGON((123590 5271478,142422 5270456,140961 5242667,122040 5243690,123590 5271478))
31286;POLYGON((197696 5288497,216519 5286741,213978 5258964,195065 5260721,197696 5288497))
31287;POLYGON((73844 409167,92646 408147,91185 380400,72294 381425,73844 409167))
25833;POLYGON((48191 5278201,67011 5276774,64953 5249002,46043 5250431,48191 5278201))
25832;POLYGON((500000 5260729,518828 5260760,518917 5232976,500000 5232946,500000 5260729))
