4326;POLYGON((9.75 46.75,10.0 46.75,10.0 46.5,9.75 46.5,9.75 46.75))
31254;POLYGON((-44552 179151,-25449 179039,-25568 151248,-44759 151360,-44552 179151))
31255;POLYGON((-273741 185225,-254641 184383,-255818 156595,-275007 157437,-273741 185225))
31256;POLYGON((-502884 200074,-483789 198499,-486031 170718,-505216 172294,-502884 200074))
31257;POLYGON((105447 179151,124550 179039,124431 151248,105240 151360,105447 179151))
31258;POLYGON((176258 185225,195358 184383,194181 156595,174992 157437,176258 185225))
31259;POLYGON((247115 200074,266210 198499,263968 170718,244783 172294,247115 200074))
31284;POLYGON((105447 5179151,124550 5179039,124431 5151248,105240 5151360,105447 5179151))
31285;POLYGON((176258 5185225,195358 5184383,194181 5156595,174992 5157437,176258 5185225))
31286;POLYGON((247115 5200074,266210 5198499,263968 5170718,244783 5172294,247115 5200074))
31287;POLYGON((126414 323023,145492 322172,144300 294413,125132 295267,126414 323023))
25833;POLYGON((99041 5190781,118132 5189534,116365 5161760,97186 5163008,99041 5190781))
25832;POLYGON((557284 5177656,576379 5177868,576731 5150089,557548 5149876,557284 5177656))
