1035;14.95833719;49.02499433
1036;15.0416617;49.02500395
1037;15.12499991;49.0249985
1038;15.20833768;49.02499578
1039;15.29166139;49.02499569
1040;15.3749984;49.02499848
1041;15.4583351;49.02500402
1142;14.95725784;48.97436436
1143;15.04058366;48.97436046
1144;15.12390913;48.97437698
1145;15.20722145;48.97437663
1146;15.29054739;48.97438055
1147;15.3738727;48.97437793
1148;15.4571987;48.97438593
1149;15.54051044;48.97438787
1249;14.95725697;48.92436665
1250;15.04058135;48.92437149
1251;15.12390567;48.92437812
1252;15.20723109;48.92437893
1253;15.29055474;48.92438247
1254;15.37387932;48.92437973
1255;15.45720377;48.92438844
1256;15.54051398;48.92439078
1257;15.62385131;48.92439522
1258;15.70717413;48.92439257
1356;14.95726826;48.87437749
1357;15.04059152;48.87438198
1358;15.12390164;48.87438894
1359;15.20722548;48.87438976
1360;15.29054811;48.87439366
1361;15.3738842;48.87439065
1362;15.45720755;48.87439978
1363;15.54053082;48.87439281
1364;15.6238533;48.87439727
1365;15.70718835;48.87440435
1366;15.79049513;48.87440473
1367;15.8738145;48.87439975
1368;15.95714755;48.87440682
1462;14.87394286;48.82437663
1463;14.95726497;48.82438746
1464;15.04058805;48.82438281
1465;15.12392388;48.82439035
1466;15.20724574;48.82439153
1467;15.29056703;48.82439512
1468;15.37387546;48.82439231
1469;15.45721126;48.82439197
1470;15.54053291;48.82440358
1471;15.62385365;48.82439917
1472;15.70717339;48.82440702
1473;15.7904922;48.82440766
1474;15.87382473;48.82441182
1475;15.95714291;48.82440963
1476;16.04046152;48.82441016
1481;16.4570819;48.82442688
1482;16.54038691;48.82442631
1483;16.62371959;48.82442785
1484;16.70833264;48.82499694
1569;14.87395361;48.77438585
1570;14.95727524;48.77438791
1571;15.04060994;48.77439251
1572;15.12391741;48.77439105
1573;15.20725148;48.77440164
1574;15.29057245;48.77440503
1575;15.3738789;48.7744021
1576;15.45721334;48.77440171
1577;15.54053278;48.774404
1578;15.62385335;48.77440935
1579;15.70717122;48.77440896
1580;15.79050275;48.77441922
1581;15.87383403;48.77442373
1582;15.95715171;48.77441233
1583;16.04046939;48.77442162
1584;16.1237862;48.77442547
1585;16.2071177;48.77442248
1586;16.29043553;48.77443118
1587;16.37375335;48.77442487
1588;16.45707036;48.77442989
1589;16.54040167;48.77443787
1590;16.62371978;48.77443931
1591;16.70703774;48.77443474
1592;16.79036921;48.77444144
1676;14.87394991;48.72438549
1677;14.95726989;48.72439704
1678;15.04060368;48.72439287
1679;15.12392364;48.72439147
1680;15.20724299;48.72440201
1681;15.29057689;48.72439653
1682;15.37388151;48.72440274
1683;15.45721437;48.72440314
1684;15.54053233;48.72440575
1685;15.62386416;48.72442196
1686;15.70718132;48.72441945
1687;15.79051298;48.72441273
1688;15.87383002;48.72442588
1689;15.95716013;48.72442387
1690;16.04047721;48.72443302
1691;16.12379222;48.72443653
1692;16.20710923;48.72443384
1693;16.29043996;48.72443356
1694;16.37377002;48.72443652
1695;16.45708624;48.72444134
1696;16.54040274;48.72443967
1697;16.62373318;48.72444159
1698;16.70705031;48.7244454
1699;16.79038117;48.72444313
1700;16.87369682;48.72445314
1701;16.95789475;48.72482071
1783;14.87395844;48.67439442
1784;14.95729099;48.67439708
1785;15.04060981;48.67440212
1786;15.12392845;48.67440073
1787;15.2072475;48.67441145
1788;15.2905798;48.67440604
1789;15.37389652;48.67441234
1790;15.45722846;48.67442186
1791;15.5405445;48.67442496
1792;15.6238618;48.67442145
1793;15.70717913;48.6744209
1794;15.79050864;48.67442308
1795;15.87382485;48.67442759
1796;15.95715395;48.67443437
1797;16.04048375;48.67443509
1798;16.12379842;48.67442918
1799;16.20711391;48.67443587
1800;16.2904438;48.67443579
1801;16.37375953;48.6744382
1802;16.45708859;48.67444346
1803;16.54041793;48.67444175
1804;16.62373381;48.67445219
1805;16.70704969;48.67444723
1806;16.79037904;48.67445417
1807;16.87369377;48.67445512
1808;16.95700951;48.67445856
1890;14.87396557;48.62440294
1891;14.95728384;48.62440546
1892;15.04060167;48.62441016
1893;15.12393289;48.62440957
1894;15.20725053;48.62441092
1895;15.29058146;48.62441577
1896;15.37389877;48.62441323
1897;15.45722834;48.62442262
1898;15.54054415;48.62442603
1899;15.62385946;48.62442245
1900;15.70718968;48.62442152
1901;15.79051839;48.62442398
1902;15.87383255;48.62443765
1903;15.95714794;48.62443544
1904;16.0404764;48.62443595
1905;16.12380411;48.62443965
1906;16.20713269;48.62444564
1907;16.29044742;48.62443703
1908;16.37376267;48.62443944
1909;16.45709094;48.62444469
1910;16.54040561;48.62445252
1911;16.62374763;48.62445332
1912;16.70706289;48.62445739
1913;16.79037773;48.62446478
1914;16.87370508;48.62446587
1915;16.95703361;48.62445951
1997;14.87397157;48.57440232
1998;14.9572889;48.57440477
1999;15.04060608;48.57440995
2000;15.12393587;48.57441798
2001;15.20725305;48.57441959
2002;15.29058307;48.57441498
2003;15.3738983;48.57443112
2004;15.45722738;48.57442295
2005;15.54054256;48.57442621
2006;15.62387031;48.57443183
2007;15.70719824;48.57443108
2008;15.79051315;48.57444227
2009;15.87384053;48.57443828
2010;15.95715524;48.5744454
2011;16.0404829;48.57444604
2012;16.12380991;48.57444997
2013;16.20712371;48.57444651
2014;16.29045109;48.57445508
2015;16.3737794;48.57444923
2016;16.45709333;48.57445447
2017;16.54042067;48.57446226
2018;16.62373488;48.57446391
2019;16.70706321;48.57445909
2020;16.79039089;48.57446591
2021;16.87370287;48.5744667
2022;16.95703126;48.57447917
2104;14.87397622;48.52441842
2105;14.95729258;48.52441256
2106;15.04062254;48.52441808
2107;15.12395201;48.52442639
2108;15.20725399;48.52442803
2109;15.29058307;48.52443257
2110;15.37391154;48.52443072
2111;15.45722626;48.52443138
2112;15.54055396;48.52443504
2113;15.62388143;48.52444077
2114;15.70719584;48.52443124
2115;15.79050789;48.52444233
2116;15.87384751;48.52444691
2117;15.95716315;48.52444538
2118;16.04048997;48.52444634
2119;16.12380205;48.52445
2120;16.20712845;48.52445632
2121;16.29045539;48.52445573
2122;16.37376905;48.52445804
2123;16.45709581;48.52446392
2124;16.54042248;48.52446343
2125;16.62373531;48.52446505
2126;16.70706371;48.52446926
2127;16.79039057;48.52446693
2128;16.87370172;48.52447665
2129;16.95702918;48.52448032
2211;14.87396678;48.47442606
2212;14.95730939;48.47442018
2213;15.04062502;48.47442555
2214;15.12395364;48.47442496
2215;15.20725484;48.47442668
2216;15.29058246;48.47443147
2217;15.37392414;48.47443888
2218;15.457238;48.47443994
2219;15.5405515;48.47444335
2220;15.62387777;48.47443992
2221;15.70720416;48.47444827
2222;15.79051604;48.47444174
2223;15.87384153;48.47444633
2224;15.95716847;48.47445391
2225;16.04048194;48.47445479
2226;16.12380758;48.4744499
2227;16.2071334;48.47445653
2228;16.29045994;48.47445668
2229;16.37378582;48.47446808
2230;16.45709846;48.4744644
2231;16.54042477;48.47447232
2232;16.62375065;48.47447387
2233;16.70707801;48.47447775
2234;16.79039012;48.47448496
2235;16.87370201;48.47447718
2236;16.95702786;48.47448039
2318;14.87398355;48.42443306
2319;14.9572982;48.42442706
2320;15.04062676;48.42442379
2321;15.12395414;48.42443209
2322;15.20728147;48.42443407
2323;15.29059505;48.42443888
2324;15.37392321;48.42443722
2325;15.45723556;48.42444742
2326;15.54056132;48.42445142
2327;15.62388753;48.42444827
2328;15.70719889;48.42444774
2329;15.79052478;48.42444962
2330;15.87384921;48.42445465
2331;15.95716164;48.42445297
2332;16.04048731;48.42446359
2333;16.12381288;48.42446735
2334;16.20713841;48.42446482
2335;16.29045047;48.42446498
2336;16.37377584;48.42446786
2337;16.45711501;48.42447314
2338;16.54042712;48.42448106
2339;16.62375296;48.42448201
2340;16.70707855;48.42447705
2341;16.79038996;48.42448484
2342;16.87371532;48.42449463
2343;16.95704018;48.42448858
2425;14.8739854;48.3744302
2426;14.95729959;48.37443348
2427;15.04062734;48.37443959
2428;15.12395484;48.37443936
2429;15.20728067;48.37444123
2430;15.29059389;48.37443711
2431;15.37392001;48.37444497
2432;15.4572454;48.37445503
2433;15.54057085;48.37444996
2434;15.62388281;48.3744474
2435;15.70720767;48.37445631
2436;15.79053245;48.37445827
2437;15.87385652;48.37446254
2438;15.95716862;48.3744611
2439;16.04049298;48.37446258
2440;16.12381808;48.37446666
2441;16.20714334;48.3744636
2442;16.29046836;48.37447304
2443;16.37379292;48.37447619
2444;16.45710427;48.37448138
2445;16.5404297;48.37448009
2446;16.62375495;48.37449028
2447;16.70707944;48.3744861
2448;16.79040356;48.37448395
2449;16.87371505;48.37449346
2450;16.95790137;48.37483182
2532;14.87398617;48.32443563
2533;14.95731324;48.32443956
2534;15.04062694;48.32443661
2535;15.12395352;48.32444564
2536;15.20727894;48.32444796
2537;15.29059102;48.32444428
2538;15.37392958;48.32445239
2539;15.45724106;48.32445348
2540;15.54056614;48.32445661
2541;15.62389164;48.3244636
2542;15.70720212;48.32445455
2543;15.79053943;48.32445712
2544;15.87386385;48.32446183
2545;15.95717512;48.32446925
2546;16.04049845;48.32447069
2547;16.12382281;48.32447536
2548;16.20713393;48.32447193
2549;16.29045904;48.32448149
2550;16.37378276;48.32448437
2551;16.45712053;48.32448926
2552;16.54043219;48.32448795
2553;16.62375632;48.32449866
2554;16.70707944;48.32448517
2555;16.79040436;48.32449159
2556;16.8737285;48.32450077
2557;16.95705216;48.32450373
2639;14.87398557;48.27444064
2640;14.95732592;48.27444521
2641;15.04062521;48.27445128
2642;15.12395129;48.2744515
2643;15.20728975;48.2744543
2644;15.29060122;48.27445086
2645;15.37392594;48.27444945
2646;15.45724966;48.27446023
2647;15.54057478;48.27446468
2648;15.62388491;48.2744703
2649;15.70720825;48.27447041
2650;15.7905327;48.27446364
2651;15.87387074;48.27446884
2652;15.95718097;48.27447688
2653;16.0405038;48.27447836
2654;16.12382794;48.27448223
2655;16.20715279;48.27447977
2656;16.29047638;48.27447969
2657;16.37379932;48.27449155
2658;16.45711064;48.2744881
2659;16.54043401;48.27449566
2660;16.62375759;48.27449707
2661;16.70708125;48.27450105
2662;16.79040504;48.2745076
2663;16.87371512;48.27450806
2664;16.95705192;48.27450216
2665;17.04080985;48.27467043
2746;14.87399871;48.22444623
2747;14.95732396;48.22444156
2748;15.04064979;48.22444812
2749;15.12396134;48.22445763
2750;15.20728558;48.22445972
2751;15.29059688;48.22445661
2752;15.37393442;48.22446445
2753;15.45725848;48.22445719
2754;15.54058151;48.22447046
2755;15.62389235;48.22446793
2756;15.70721605;48.22447685
2757;15.79053858;48.22447961
2758;15.87386235;48.22448464
2759;15.9571865;48.22447471
2760;16.04051022;48.22448505
2761;16.12381944;48.22448865
2762;16.2071433;48.22448649
2763;16.29046618;48.22449562
2764;16.37378953;48.22449886
2765;16.45712688;48.22449529
2766;16.54044996;48.22449391
2767;16.62377342;48.224504
2768;16.70708313;48.22449897
2769;16.79041927;48.2245055
2770;16.87372957;48.22450608
2771;16.95705386;48.22451768
2772;17.04037765;48.22451385
2853;14.87399561;48.17445068
2854;14.95732123;48.17445519
2855;15.04064656;48.17446232
2856;15.12397178;48.17445379
2857;15.20729513;48.17446585
2858;15.29060493;48.17446234
2859;15.37394235;48.17447115
2860;15.4572525;48.17447206
2861;15.54059023;48.17447618
2862;15.62389913;48.17447412
2863;15.70722191;48.1744746
2864;15.79054524;48.17448615
2865;15.87386779;48.1744818
2866;15.95719041;48.17448972
2867;16.04051465;48.17449148
2868;16.12383771;48.17449551
2869;16.20716062;48.17450199
2870;16.29048353;48.17449378
2871;16.3738064;48.17449673
2872;16.45711649;48.17450189
2873;16.54043948;48.1745005
2874;16.62376252;48.17450156
2875;16.70709853;48.17450532
2876;16.79040804;48.17451115
2877;16.87373216;48.1745116
2878;16.95705598;48.17452359
2879;17.04037948;48.17451949
2880;17.12370318;48.17452726
2960;14.87400458;48.12445515
2961;14.95733039;48.12445985
2962;15.04065408;48.12446706
2963;15.12397886;48.12445907
2964;15.20728992;48.12447115
2965;15.29061339;48.12447635
2966;15.37393655;48.12446664
2967;15.45725965;48.12447678
2968;15.54057042;48.12447266
2969;15.62390647;48.12447933
2970;15.70722865;48.12447943
2971;15.79055066;48.1244829
2972;15.87387308;48.12448807
2973;15.95719539;48.12449605
2974;16.04050548;48.12448836
2975;16.12384235;48.12450219
2976;16.2071647;48.12449998
2977;16.29047394;48.12450892
2978;16.37379642;48.12450234
2979;16.45711956;48.12450748
2980;16.54045552;48.12451476
2981;16.62376512;48.12451609
2982;16.70710156;48.12452017
2983;16.79041173;48.12451723
2984;16.87373388;48.12452569
2985;16.95707063;48.12452854
2986;17.04038029;48.12452442
2987;17.12370356;48.12452294
3067;14.87400041;48.07445875
3068;14.9573242;48.07447264
3069;15.04064876;48.07447141
3070;15.12397278;48.07447221
3071;15.2072973;48.07447551
3072;15.29062077;48.07447232
3073;15.37394396;48.07448063
3074;15.45726586;48.07448227
3075;15.54057549;48.0744867
3076;15.6239116;48.07448465
3077;15.70722039;48.07448468
3078;15.79055529;48.07448784
3079;15.87387774;48.0744939
3080;15.95718691;48.07449262
3081;16.04052392;48.07449396
3082;16.12383286;48.07450702
3083;16.20715571;48.07450512
3084;16.2904775;48.07450519
3085;16.37381307;48.07451649
3086;16.45713577;48.07451243
3087;16.54045853;48.07452026
3088;16.62378131;48.07452199
3089;16.70709131;48.07452527
3090;16.790414;48.07453132
3091;16.87373582;48.07452219
3092;16.95707238;48.0745245
3093;17.04038192;48.07452928
3094;17.12370429;48.07452789
3174;14.87402086;48.02447126
3175;14.95734514;48.02447624
3176;15.04065599;48.02447502
3177;15.12397914;48.02447525
3178;15.20728976;48.02447922
3179;15.29062689;48.02448566
3180;15.37394941;48.02448492
3181;15.45727195;48.02448659
3182;15.54058112;48.02449113
3183;15.62391647;48.02448927
3184;15.70722498;48.02449847
3185;15.79054656;48.02450164
3186;15.87386885;48.02450769
3187;15.95719161;48.02449771
3188;16.04051382;48.02449896
3189;16.12384981;48.02450302
3190;16.20717152;48.02451013
3191;16.29049405;48.02451938
3192;16.37380317;48.02452151
3193;16.45712542;48.02451744
3194;16.54044806;48.02451599
3195;16.62377089;48.02452585
3196;16.70709375;48.02452989
3197;16.79043032;48.02453667
3198;16.87373864;48.02453596
3199;16.95706106;48.02453826
3200;17.04038381;48.02453418
3201;17.12370575;48.02454168
3281;14.8740142;47.97447402
3282;14.95733777;47.97447892
3283;15.04064865;47.97447797
3284;15.12398568;47.97447925
3285;15.20729579;47.9744918
3286;15.29063314;47.97448856
3287;15.3739558;47.97448795
3288;15.45727765;47.97449066
3289;15.5405855;47.97449549
3290;15.6239208;47.97449373
3291;15.7072292;47.97450302
3292;15.79055094;47.97449727
3293;15.8738731;47.9745121
3294;15.9572087;47.97451121
3295;16.04051723;47.97451264
3296;16.12384027;47.97451681
3297;16.20716246;47.97451551
3298;16.29048348;47.97452478
3299;16.3738193;47.97452718
3300;16.45714219;47.97453098
3301;16.54046501;47.9745294
3302;16.6237741;47.97453008
3303;16.70711006;47.97453478
3304;16.79043266;47.97453227
3305;16.87375489;47.9745408
3306;16.9570638;47.97454254
3307;17.04038614;47.97453827
3308;17.12370879;47.97454605
3388;14.8740182;47.92448552
3389;14.95734302;47.92448216
3390;15.04066748;47.92448116
3391;15.12399158;47.92448199
3392;15.20730144;47.92448598
3393;15.29063805;47.92449214
3394;15.3739598;47.92449194
3395;15.45726795;47.92450357
3396;15.54058965;47.92449952
3397;15.62392447;47.92450676
3398;15.70724604;47.92450739
3399;15.79055518;47.92451036
3400;15.87389018;47.92450713
3401;15.95719906;47.92451519
3402;16.04053468;47.92451703
3403;16.12384374;47.92452147
3404;16.20717935;47.92451974
3405;16.29050143;47.92452873
3406;16.37380977;47.92453049
3407;16.45713234;47.92453475
3408;16.5404551;47.92453353
3409;16.62378981;47.92453468
3410;16.70709848;47.92453829
3411;16.79042232;47.92453593
3412;16.87375816;47.92454443
3413;16.95706729;47.92454628
3414;17.04039013;47.92454202
3415;17.12371341;47.92455786
3495;14.87402245;47.87448704
3496;14.95734663;47.87449286
3497;15.0406718;47.87449203
3498;15.12398299;47.87449287
3499;15.20731903;47.87449775
3500;15.29064143;47.87450438
3501;15.37396429;47.87450421
3502;15.45727196;47.87450668
3503;15.54059342;47.87451192
3504;15.62391435;47.87450999
3505;15.70724985;47.87451089
3506;15.79057209;47.8745139
3507;15.87389317;47.8745104
3508;15.95720226;47.87451879
3509;16.04052524;47.874521
3510;16.12386069;47.87452572
3511;16.20716917;47.87453213
3512;16.29049157;47.87453178
3513;16.37381312;47.87453391
3514;16.45714942;47.87452999
3515;16.54045709;47.87453673
3516;16.62377954;47.87453835
3517;16.70710261;47.8745417
3518;16.79042533;47.87454791
3519;16.87374763;47.87454742
3520;16.95707117;47.87454894
3521;17.04040842;47.87455249
3522;17.12371724;47.87455098
3602;14.87402421;47.82448843
3603;14.95734878;47.82449442
3604;15.04067426;47.82449376
3605;15.12398486;47.82449531
3606;15.20732156;47.82450914
3607;15.29064437;47.82449784
3608;15.37396711;47.82450734
3609;15.45727605;47.82450946
3610;15.540596;47.82451416
3611;15.62391724;47.82452215
3612;15.70725308;47.82452304
3613;15.79056177;47.82452615
3614;15.87388377;47.82452244
3615;15.9572192;47.8245308
3616;16.04052883;47.82453328
3617;16.12385103;47.82452865
3618;16.20717295;47.82453501
3619;16.29050823;47.82453477
3620;16.37383014;47.82454533
3621;16.45713934;47.82454114
3622;16.54047406;47.82453985
3623;16.62378347;47.82455026
3624;16.70711937;47.82454482
3625;16.79044207;47.82455087
3626;16.87375117;47.82455074
3627;16.9570875;47.82456083
3628;17.04041153;47.82455399
3629;17.12372111;47.82456166
3709;14.87402597;47.77449022
3710;14.95736299;47.77450452
3711;15.04067584;47.77449507
3712;15.12399976;47.77450618
3713;15.20732363;47.77450175
3714;15.29064673;47.77450848
3715;15.37396876;47.7745182
3716;15.45727753;47.77451246
3717;15.54061279;47.77451782
3718;15.62391999;47.7745246
3719;15.70724204;47.77452587
3720;15.79056459;47.7745295
3721;15.87388663;47.77452623
3722;15.95720875;47.77453422
3723;16.04054465;47.77453627
3724;16.12386705;47.77454046
3725;16.20718968;47.77454665
3726;16.29049813;47.77454677
3727;16.37382047;47.77454816
3728;16.45714282;47.77455332
3729;16.54046499;47.77455176
3730;16.62380119;47.77455299
3731;16.70712403;47.77455653
3732;16.79044615;47.77455354
3733;16.87375549;47.77456206
3734;16.95709129;47.77456309
3735;17.04041474;47.77456636
3736;17.12372503;47.77457301
3816;14.87402557;47.72450902
3817;14.95736416;47.72450635
3818;15.04067704;47.72450457
3819;15.12401429;47.72451635
3820;15.20732445;47.72451239
3821;15.29064783;47.72451006
3822;15.37396902;47.72451991
3823;15.4572782;47.724523
3824;15.54061411;47.72452837
3825;15.62393442;47.72452671
3826;15.70724491;47.72452871
3827;15.79058015;47.7245411
3828;15.87390267;47.72453834
3829;15.95721165;47.72453688
3830;16.04053389;47.72454783
3831;16.12385682;47.72454252
3832;16.2071791;47.72454902
3833;16.2905147;47.72454842
3834;16.37383724;47.72455083
3835;16.45715949;47.72454697
3836;16.54048133;47.72455372
3837;16.62379189;47.72455508
3838;16.70711512;47.72455887
3839;16.79043696;47.72456519
3840;16.87377346;47.72456445
3841;16.9570825;47.72456582
3842;17.04040512;47.72456874
3843;17.1237301;47.72456622
3923;14.87403844;47.67450987
3924;14.95736531;47.67450766
3925;15.04067682;47.67451605
3926;15.12401443;47.67450852
3927;15.20732462;47.6745224
3928;15.29064778;47.67452105
3929;15.37396938;47.67452147
3930;15.45729205;47.6745245
3931;15.54061534;47.67453042
3932;15.62393803;47.67452913
3933;15.70725986;47.67453917
3934;15.79058158;47.67454294
3935;15.87389123;47.67454009
3936;15.95722742;47.67454832
3937;16.04055069;47.67454049
3938;16.1238725;47.67455374
3939;16.20719517;47.67455125
3940;16.29050412;47.67455093
3941;16.37382683;47.67455279
3942;16.45714946;47.67455838
3943;16.54047222;47.67456531
3944;16.62379588;47.67455725
3945;16.70711934;47.67456999
3946;16.79044192;47.67457599
3947;16.87376518;47.67456653
3948;16.95708791;47.67457704
3949;17.04041108;47.67458016
3950;17.12372189;47.67457736
4030;14.87405047;47.62451084
4031;14.95736241;47.62451717
4032;15.04068785;47.62451678
4033;15.12401269;47.62451908
4034;15.20733678;47.62452425
4035;15.29065959;47.62452273
4036;15.37398289;47.62452382
4037;15.4572926;47.62453538
4038;15.54062961;47.6245414
4039;15.6239382;47.62454011
4040;15.70726048;47.6245405
4041;15.79058344;47.62454424
4042;15.87390656;47.62455023
4043;15.95722909;47.62454974
4044;16.04055264;47.62455141
4045;16.12387473;47.6245555
4046;16.2071845;47.62456174
4047;16.29052105;47.62456172
4048;16.3738442;47.62456413
4049;16.45716708;47.62456924
4050;16.54047693;47.62456754
4051;16.62381344;47.62456822
4052;16.70712369;47.62457168
4137;14.87404729;47.57451994
4138;14.95735867;47.57452634
4139;15.04069747;47.57452646
4140;15.12400976;47.57452894
4141;15.20733506;47.57453406
4142;15.29065816;47.57454139
4143;15.3739812;47.57454278
4144;15.45729221;47.57454536
4145;15.5406164;47.57455075
4146;15.62395253;47.5745499
4147;15.70727418;47.57455092
4148;15.7905848;47.57455401
4149;15.87390823;47.57456015
4150;15.95723116;47.57455999
4151;16.04054191;47.5745612
4152;16.12387816;47.57456527
4153;16.20720147;47.57456301
4154;16.29051108;47.57456308
4155;16.37383387;47.57456549
4156;16.45715723;47.57457033
4157;16.54048097;47.57456887
4158;16.62380433;47.57457855
4159;16.70712819;47.57458184
4244;14.87404298;47.52451962
4245;14.95738105;47.52452623
4246;15.04069403;47.52453573
4247;15.12402031;47.52453823
4248;15.2073324;47.52453454
4249;15.29065584;47.52454256
4250;15.37399295;47.52454344
4251;15.45730348;47.52454677
4252;15.54061436;47.52455187
4253;15.62393903;47.52455094
4254;15.70726187;47.52455122
4255;15.79058604;47.52455445
4256;15.87392263;47.5245607
4257;15.95723329;47.52456026
4258;16.0405575;47.52456238
4259;16.12388091;47.52456644
4260;16.20719112;47.52456372
4261;16.29052728;47.52457272
4262;16.37385156;47.52457568
4263;16.45717446;47.52458022
4264;16.54048474;47.52457857
4265;16.62380903;47.52458813
4266;16.70713316;47.52459138
4351;14.87404979;47.47453732
4352;14.9573755;47.47453521
4353;15.04070242;47.47454493
4354;15.12401632;47.47453879
4355;15.20734179;47.47454409
4356;15.29066573;47.47455195
4357;15.37399053;47.47455282
4358;15.45730213;47.47455599
4359;15.54062657;47.47455238
4360;15.62395033;47.47455987
4361;15.70726152;47.47456088
4362;15.7905992;47.47455507
4363;15.87391069;47.47456098
4364;15.95724806;47.47456941
4365;16.04055889;47.47457143
4366;16.12388347;47.47457561
4367;16.20720728;47.47458211
4368;16.2905169;47.47457302
4369;16.3738416;47.47458516
4370;16.45716557;47.47458099
4371;16.54048918;47.47457949
4372;16.62381417;47.47458855
4373;16.70713875;47.4745825
4458;14.87405657;47.42454504
4459;14.95738273;47.42454318
4460;15.04069698;47.4245439
4461;15.12402448;47.42454751
4462;15.20733716;47.42455317
4463;15.29066183;47.42455207
4464;15.37400026;47.42455345
4465;15.45731243;47.42455671
4466;15.54062413;47.42456181
4467;15.62394837;47.42456884
4468;15.70727352;47.42456055
4469;15.79059851;47.4245729
4470;15.87392375;47.42457049
4471;15.95723583;47.42457886
4472;16.04056075;47.42457095
4473;16.12388563;47.42457535
4474;16.20719676;47.42458223
4475;16.29053366;47.42458207
4476;16.37385738;47.42458493
4477;16.45716998;47.4245902
4478;16.540494;47.4245885
4479;16.62381902;47.42459726
4480;16.70714475;47.42459144
4565;14.87406249;47.3745439
4566;14.95737526;47.37454176
4567;15.04070415;47.37455233
4568;15.12401903;47.37455566
4569;15.2073442;47.3745525
4570;15.29067032;47.37456097
4571;15.37398244;47.37457114
4572;15.45730847;47.37456479
4573;15.54063397;47.37457063
4574;15.62395996;47.37457746
4575;15.70728518;47.37457878
4576;15.7905974;47.37457324
4577;15.87392264;47.37457895
4578;15.95725027;47.37457944
4579;16.04056151;47.37458126
4580;16.12388705;47.37458532
4581;16.20721164;47.37458268
4582;16.29052222;47.37458241
4583;16.3738489;47.37459382
4584;16.4571743;47.37459908
4585;16.54050008;47.37459708
4586;16.62381191;47.37459741
4672;14.87406622;47.32455105
4673;14.95738132;47.32454907
4674;15.04071056;47.32455107
4675;15.12402451;47.3245638
4676;15.20735128;47.32456985
4677;15.29067717;47.32456879
4678;15.37399127;47.32456979
4679;15.45731718;47.32457281
4680;15.54064361;47.32456956
4681;15.62395706;47.3245774
4682;15.70728344;47.32457852
4683;15.79059553;47.32458195
4684;15.87392211;47.32457937
4685;15.95724858;47.32457889
4686;16.04056119;47.32458019
4687;16.12388835;47.32458447
4688;16.20720021;47.32459082
4689;16.29053908;47.32459105
4690;16.37385148;47.32459327
4691;16.45717869;47.32459824
4692;16.54049213;47.32459634
4779;14.87405645;47.27455762
4780;14.957399;47.27455629
4781;15.04071372;47.27455707
4782;15.12404082;47.27456155
4783;15.20734236;47.27456791
4784;15.29067111;47.27456726
4785;15.37398543;47.27457718
4786;15.45732541;47.27458086
4787;15.54063929;47.27457733
4788;15.62396645;47.27458516
4789;15.70728121;47.27458645
4790;15.7906072;47.2745901
4791;15.8739208;47.27459624
4792;15.95724748;47.27458625
4793;16.04057427;47.27458883
4794;16.12390267;47.27459136
4795;16.20721541;47.27459782
4796;16.29054229;47.27460741
4797;16.37385632;47.27460212
4798;16.45718375;47.27460578
4799;16.54089835;47.27474339
4886;14.87407201;47.22456354
4887;14.95738838;47.22456241
4888;15.04071683;47.22456441
4889;15.12403125;47.22456841
4890;15.20734654;47.22457458
4891;15.29067621;47.22458303
4892;15.3739918;47.22458452
4893;15.45731981;47.2245793
4894;15.54064758;47.22458467
4895;15.62397473;47.22459303
4896;15.70727668;47.2245856
4897;15.79061771;47.2245891
4898;15.87393279;47.224595
4899;15.95724656;47.22459345
4900;16.04057386;47.22460414
4901;16.12388898;47.22460704
4902;16.2072292;47.22460494
4903;16.29054464;47.22460515
4904;16.37385924;47.2246083
4905;16.45718697;47.22461279
4906;16.54088826;47.22473891
4993;14.87407325;47.17456942
4994;14.95739002;47.17456853
4995;15.04071868;47.17457058
4996;15.12403433;47.17458343
4997;15.20736342;47.17459031
4998;15.29068012;47.17458112
4999;15.37399717;47.17459171
5000;15.45732661;47.1745863
5001;15.54065498;47.17459176
5002;15.62395748;47.17460003
5003;15.70728615;47.17460118
5004;15.79060133;47.17460442
5005;15.87394351;47.17460205
5006;15.95725874;47.17460082
5007;16.04057375;47.17461112
5008;16.12390384;47.17460602
5009;16.20721779;47.17461131
5010;16.29054641;47.17461164
5011;16.37386276;47.1746146
5012;16.45717798;47.17460983
5013;16.54052022;47.17462462
5100;14.87407256;47.12457516
5101;14.95738975;47.12458304
5102;15.04071955;47.12457633
5103;15.12403697;47.12458875
5104;15.20736635;47.12458647
5105;15.29068353;47.12459594
5106;15.3740014;47.12458809
5107;15.45733222;47.12460104
5108;15.54064916;47.12459823
5109;15.62396564;47.12459721
5110;15.70729552;47.12460778
5111;15.79061249;47.12460227
5112;15.87392889;47.12460801
5113;15.95725839;47.1246167
5114;16.04058845;47.1246178
5115;16.12389101;47.12461239
5116;16.20723341;47.12461801
5117;16.29054833;47.12461667
5118;16.37386574;47.12461964
5119;16.45719542;47.12462411
5120;16.54051192;47.12462176
5207;14.87407049;47.0745802
5208;14.95740201;47.07458829
5209;15.04071978;47.07459046
5210;15.12403786;47.07459475
5211;15.20736925;47.07459204
5212;15.29068715;47.07459281
5213;15.37400487;47.07460258
5214;15.45732387;47.07460597
5215;15.54064228;47.07460297
5216;15.62397398;47.07460239
5217;15.70730423;47.07460385
5218;15.79062231;47.07460748
5219;15.87394029;47.07461307
5220;15.95725728;47.07462148
5221;16.04058789;47.07462299
5222;16.12390384;47.07461753
5223;16.20722112;47.0746147
5224;16.29055059;47.07462331
5225;16.37386821;47.07462534
5226;16.45718722;47.07462982
5227;16.54051703;47.07463782
5314;14.87408078;47.02459481
5315;14.95741303;47.02459404
5316;15.04071935;47.02459554
5317;15.1240386;47.02459078
5318;15.20737055;47.02460626
5319;15.29068963;47.02460593
5320;15.37400887;47.02460764
5321;15.4573283;47.02461112
5322;15.54064743;47.0246082
5323;15.62398065;47.02460742
5324;15.70729956;47.02461786
5325;15.79063208;47.02461243
5326;15.87394995;47.02461854
5327;15.95726821;47.02462698
5328;16.04058708;47.02461968
5329;16.12391843;47.02462363
5330;16.20723447;47.02462962
5331;16.29055209;47.02462014
5332;16.37387153;47.02463117
5333;16.45719072;47.0246361
5334;16.54052315;47.02463435
5421;14.8740902;46.97460001
5422;14.95741105;46.97459866
5423;15.04073136;46.97460043
5424;15.12405116;46.9746045
5425;15.20737148;46.97460188
5426;15.29069223;46.97460945
5427;15.37401203;46.97460273
5428;15.45733193;46.97460675
5429;15.54065215;46.97461337
5430;15.62398611;46.97462073
5431;15.70729416;46.97462272
5432;15.79061338;46.97462638
5433;15.87394665;46.97462352
5434;15.95726598;46.974632
5435;16.0405984;46.97462495
5436;16.1239035;46.97462925
5437;16.20722137;46.97462701
5438;16.29055289;46.97463507
5439;16.37387461;46.97463683
5440;16.45719549;46.97463202
5441;16.54051617;46.97464836
5528;14.87408649;46.92460267
5529;14.95740786;46.92460238
5530;15.04072916;46.92460466
5531;15.12405125;46.92460867
5532;15.2073722;46.92460597
5533;15.29069368;46.92461457
5534;15.3740147;46.92461592
5535;15.45733433;46.92462013
5536;15.54065589;46.92461709
5537;15.62399281;46.924626
5538;15.70730106;46.92462722
5539;15.79062168;46.92463112
5540;15.87394239;46.92463761
5541;15.95727669;46.92463719
5542;16.0405836;46.92463083
5543;16.12391606;46.9246443
5544;16.20723599;46.92464151
5545;16.29055672;46.92464104
5635;14.87409285;46.87460618
5636;14.95741662;46.87461502
5637;15.04073861;46.87461769
5638;15.12404904;46.87461268
5639;15.20738463;46.87461913
5640;15.29069379;46.87461825
5641;15.37401719;46.87462868
5642;15.45733816;46.87462371
5643;15.54066057;46.87463011
5644;15.62398391;46.87462992
5645;15.70730646;46.87463165
5646;15.79062854;46.87463532
5647;15.8739519;46.87463277
5648;15.95727387;46.87463289
5649;16.04059558;46.87463533
5650;16.12391675;46.87464879
5651;16.20723859;46.87465501
5742;14.8740875;46.82460938
5743;14.95741144;46.82461826
5744;15.04073529;46.82462125
5745;15.1240582;46.82461724
5746;15.20738225;46.82462264
5747;15.29069321;46.82463086
5748;15.37401829;46.8246323
5749;15.45734099;46.8246364
5750;15.54066404;46.8246338
5751;15.62398815;46.82463348
5752;15.70731194;46.82463519
5753;15.7906359;46.82464818
5754;15.87396061;46.82464632
5755;15.95727037;46.82464616
5756;16.04060714;46.82465793
5757;16.12391677;46.82464412
5758;16.20796792;46.82488154
5849;14.87410616;46.77462121
5850;14.95741889;46.77462078
5851;15.04074382;46.77462268
5852;15.12406816;46.77462814
5853;15.20737968;46.77463481
5854;15.29070557;46.77462517
5855;15.37401784;46.77463521
5856;15.45734321;46.77463921
5857;15.54066737;46.77463687
5858;15.62399295;46.77463606
5859;15.70730458;46.7746385
5860;15.79062985;46.77464255
5861;15.8739554;46.77464927
5862;15.95728058;46.77464994
5863;16.04060565;46.77466152
5956;14.87411114;46.72462318
5957;14.95742488;46.72463214
5958;15.04073773;46.72462557
5959;15.12406163;46.72463931
5960;15.20738888;46.72463695
5961;15.29070296;46.72463617
5962;15.37402974;46.72463835
5963;15.45735622;46.72465133
5964;15.54068249;46.72464812
5965;15.623996;46.72464804
5966;15.70730966;46.72465006
5967;15.79063648;46.72465445
5968;15.87396314;46.72466167
5969;15.95729013;46.72465254
5970;16.04060385;46.72466383
6063;14.87410198;46.67463382
6064;14.95743097;46.67463464
6065;15.04074436;46.6746369
6066;15.12407024;46.67464147
6067;15.20738462;46.6746388
6068;15.29071317;46.67463871
6069;15.37402767;46.67464967
6070;15.45735559;46.67464474
6071;15.54067024;46.6746506
6072;15.62399906;46.6746593
6073;15.70731473;46.67465285
6074;15.79064325;46.67465738
6075;15.8739715;46.67465537
6076;15.95728625;46.67466412
6077;16.04061547;46.67466584
6170;14.87410479;46.62464477
6171;14.95743413;46.62464571
6172;15.04076272;46.62463896
6173;15.12407764;46.62464349
6174;15.20739321;46.62464972
6175;15.29070908;46.62464951
6176;15.37403838;46.62465167
6177;15.4573542;46.6246557
6178;15.54067053;46.62466173
6179;15.62400142;46.62466169
6277;14.87412057;46.57463636
6278;14.95743758;46.5746468
6384;14.87412061;46.52464424
6491;14.87411852;46.47465284
1558;13.95741527;48.77434785
1568;14.79062722;48.77438289
1663;13.79076405;48.72435439
1664;13.87409377;48.72435564
1665;13.95741118;48.72435935
1666;14.04072843;48.72436659
1667;14.12499209;48.72500335
1674;14.70731978;48.72437972
1675;14.79062593;48.72439206
1770;13.79077672;48.67435611
1771;13.87409183;48.67435762
1772;13.95740794;48.67436125
1773;14.04072379;48.67436839
1774;14.12405481;48.67436856
1777;14.37402214;48.67437539
1778;14.45735435;48.67438652
1779;14.54068485;48.67438133
1781;14.70732008;48.67438914
1782;14.79063934;48.67439174
1873;13.4574787;48.62435258
1874;13.54080635;48.62435234
1875;13.62413407;48.62435474
1877;13.79077626;48.62435801
1878;13.87409124;48.62436816
1879;13.9574196;48.62437163
1880;14.04073432;48.62437857
1881;14.12406437;48.62437816
1882;14.20739485;48.62438085
1883;14.29071178;48.62437721
1884;14.37402826;48.62438485
1885;14.45735846;48.62438647
1886;14.54067516;48.62439077
1887;14.62400555;48.62439719
1888;14.70732237;48.62439731
1889;14.79063943;48.62440025
1979;13.37499585;48.57500434
1980;13.45749527;48.57435336
1981;13.54082197;48.57436235
1982;13.62414893;48.574356
1983;13.70746235;48.57436948
1984;13.79078886;48.57436813
1985;13.87410314;48.5743692
1986;13.95741713;48.57437284
1987;14.04074506;48.57437914
1988;14.12407466;48.57437834
1989;14.20739049;48.57438138
1990;14.29070632;48.5743866
1991;14.37404872;48.57439375
1992;14.4573637;48.57439515
1993;14.54067988;48.57439946
1994;14.62399537;48.57439686
1995;14.7073248;48.574397
1996;14.79064193;48.57440844
2086;13.37418537;48.52435748
2087;13.45749803;48.52436327
2088;13.54082434;48.52436324
2089;13.62413642;48.52436532
2090;13.70746278;48.52437028
2091;13.79077574;48.52436893
2092;13.87411581;48.52437937
2093;13.95742945;48.52438226
2094;14.04074329;48.52438817
2095;14.12407187;48.52438773
2096;14.20739985;48.52439018
2097;14.29071476;48.52439535
2098;14.37404212;48.52439376
2099;14.45735664;48.52440391
2100;14.54068492;48.52439855
2101;14.62401322;48.52440478
2102;14.70732899;48.52440478
2103;14.79065817;48.52440685
2193;13.37418915;48.47436669
2194;13.4575007;48.474372
2195;13.54082653;48.47437213
2196;13.62413796;48.4743739
2197;13.707477;48.47437942
2198;13.7907893;48.47437791
2199;13.87410183;48.47438811
2200;13.95744131;48.47439135
2201;14.04075389;48.47438816
2202;14.12406844;48.47438797
2203;14.20739583;48.4743903
2204;14.2907231;48.47439514
2205;14.37405004;48.47440194
2206;14.45736386;48.47440265
2207;14.54069139;48.47441529
2208;14.62400554;48.47441259
2209;14.70733395;48.47441197
2210;14.79064879;48.47441437
2300;13.37419297;48.42437546
2301;13.45750419;48.42437223
2302;13.54082907;48.42438087
2303;13.62415435;48.42438312
2304;13.70747834;48.42438845
2305;13.79078996;48.42438706
2306;13.87411532;48.42439658
2307;13.95744064;48.42439126
2308;14.04076718;48.42439643
2309;14.12407956;48.42439668
2310;14.20740565;48.42440714
2311;14.2907192;48.42440269
2312;14.3740455;48.4244098
2313;14.45737241;48.42441033
2314;14.54069909;48.42441399
2315;14.62401186;48.42441055
2316;14.70733957;48.424419
2317;14.79065443;48.42442138
2406;13.29085958;48.37437137
2407;13.37419653;48.3743748
2408;13.45750675;48.37437165
2409;13.54083205;48.37438889
2410;13.62415717;48.37439167
2411;13.70746733;48.37438781
2412;13.79080447;48.37439489
2413;13.87411533;48.37439568
2414;13.95744011;48.37439955
2415;14.0407515;48.3744049
2416;14.12409182;48.37440413
2417;14.2074172;48.37440593
2418;14.29072971;48.37441043
2419;14.37405555;48.3744174
2420;14.45736803;48.37441762
2421;14.54069377;48.37442112
2422;14.62401994;48.37441736
2423;14.70733321;48.37442531
2424;14.79066043;48.37442733
2510;13.04090992;48.32437766
2511;13.12423281;48.32437202
2512;13.20755584;48.32436972
2513;13.29086385;48.3243789
2514;13.37420069;48.3243827
2515;13.45751045;48.32437917
2516;13.54083459;48.32438739
2517;13.62415882;48.32439894
2518;13.7074821;48.32439472
2519;13.79079189;48.32439322
2520;13.87412878;48.32440327
2521;13.95743977;48.32439796
2522;14.04076453;48.3244034
2523;14.1240909;48.32441124
2524;14.20741505;48.32441348
2525;14.2907269;48.32441776
2526;14.3740529;48.32442413
2527;14.45737819;48.32442453
2528;14.54070285;48.32441869
2529;14.62401545;48.32443288
2530;14.70735515;48.32443125
2531;14.79066799;48.32443294
2616;12.95759131;48.27436567
2617;13.04090144;48.27437527
2618;13.12423794;48.27437945
2619;13.2075611;48.27438645
2620;13.29086901;48.27438627
2621;13.37420432;48.27438961
2622;13.45751455;48.27439515
2623;13.54083762;48.27439492
2624;13.62416175;48.27439707
2625;13.70748452;48.27439261
2626;13.7908068;48.27440889
2627;13.8741167;48.27440074
2628;13.95745434;48.27441282
2629;14.04077916;48.27441854
2630;14.12410365;48.27440883
2631;14.20741451;48.27441949
2632;14.29073942;48.27442418
2633;14.37406378;48.2744216
2634;14.45737535;48.27443078
2635;14.54070021;48.27442441
2636;14.62403812;48.27443813
2637;14.70735004;48.27443717
2638;14.79066319;48.27443822
2721;12.79095275;48.22437905
2722;12.87427409;48.22437482
2723;12.95759634;48.22438047
2724;13.04090685;48.2243827
2725;13.12424266;48.22437746
2726;13.20756537;48.22438447
2727;13.29087332;48.22438477
2728;13.37420937;48.22438764
2729;13.45751842;48.22439308
2730;13.54084095;48.22439236
2731;13.62417787;48.22440344
2732;13.70748653;48.2244076
2733;13.79080831;48.22440584
2734;13.87413188;48.22441535
2735;13.9574556;48.22440952
2736;14.04076586;48.2244157
2737;14.12408978;48.22442416
2738;14.20741393;48.22441645
2739;14.29073809;48.22442065
2740;14.37406272;48.22442748
2741;14.45738691;48.22442767
2742;14.54069685;48.22442998
2743;14.62403482;48.22444382
2744;14.70734628;48.22444222
2745;14.79068586;48.2244431
2827;12.70787003;48.17459026
2828;12.79095969;48.17437698
2829;12.87426657;48.17438147
2830;12.95758916;48.17437828
2831;13.04092539;48.17438954
2832;13.12424715;48.17439384
2833;13.20755608;48.17439159
2834;13.29087748;48.17440036
2835;13.37421307;48.17440295
2836;13.45753493;48.17439937
2837;13.54084396;48.17440754
2838;13.62416646;48.17440944
2839;13.70750131;48.17440458
2840;13.79081045;48.17441152
2841;13.87413299;48.17441272
2842;13.95745681;48.17442471
2843;14.0407806;48.17442144
2844;14.12410414;48.17442961
2845;14.20742824;48.17443095
2846;14.29075239;48.17443511
2847;14.37407535;48.1744328
2848;14.45738542;48.17443297
2849;14.54070933;48.17443527
2850;14.62403257;48.17443953
2851;14.70735785;48.17444732
2852;14.79068327;48.17444799
2934;12.70763143;48.12438047
2935;12.79095251;48.12439183
2936;12.87427354;48.12438746
2937;12.95760909;48.12439494
2938;13.04093016;48.12439591
2939;13.12425211;48.12439097
2940;13.20756044;48.12439718
2941;13.29088283;48.12439771
2942;13.37421763;48.12440011
2943;13.45753836;48.12440589
2944;13.54084761;48.12440495
2945;13.62416873;48.12441553
2946;13.70749045;48.12441957
2947;13.79082591;48.12441709
2948;13.8741487;48.12442757
2949;13.95747181;48.12442149
2950;14.04079551;48.12443583
2951;14.12411908;48.12443462
2952;14.20744294;48.12443594
2953;14.29075279;48.12444026
2954;14.37407643;48.12443782
2955;14.45739942;48.12443707
2956;14.54070913;48.1244488
2957;14.62404496;48.12444421
2958;14.7073559;48.12445152
2959;14.79068178;48.12446117
3041;12.70765076;48.07438596
3042;12.79097261;48.07439711
3043;12.87429302;48.07439307
3044;12.95761413;48.07439202
3045;13.04093544;48.07440258
3046;13.12424397;48.07440591
3047;13.20756449;48.07441254
3048;13.29088629;48.07441242
3049;13.37422084;48.07441538
3050;13.45754329;48.07442078
3051;13.54086473;48.07441998
3052;13.62417206;48.07442147
3053;13.707493;48.07441646
3054;13.79081485;48.0744227
3055;13.8741373;48.07443229
3056;13.95745989;48.07442568
3057;14.04078435;48.0744405
3058;14.12410734;48.07443067
3059;14.20743072;48.07444079
3060;14.29075419;48.07444443
3061;14.37409062;48.07444118
3062;14.45740048;48.07445005
3063;14.54072241;48.07445267
3064;14.62404512;48.07445734
3065;14.70735622;48.07445538
3066;14.790681;48.07445605
3148;12.70788299;48.02460079
3149;12.79097682;48.024403
3150;12.87429725;48.02440774
3151;12.95760504;48.02439799
3152;13.040927;48.02440804
3153;13.12424776;48.02441172
3154;13.20756876;48.02440956
3155;13.29089046;48.02441826
3156;13.37422491;48.02442095
3157;13.45754633;48.02441761
3158;13.5408678;48.02442551
3159;13.62418874;48.02442721
3160;13.70749628;48.0244222
3161;13.7908184;48.02443765
3162;13.87414114;48.02443735
3163;13.95746291;48.02444039
3164;14.04078603;48.0244364
3165;14.12412319;48.02443454
3166;14.20744636;48.02444538
3167;14.29075633;48.024449
3168;14.37407987;48.02444602
3169;14.45741441;48.0244544
3170;14.54072244;48.02445673
3171;14.62404633;48.02446104
3172;14.70737057;48.02446775
3173;14.7906956;48.0244684
3256;12.79096714;47.97439857
3257;12.87428818;47.97440366
3258;12.95760948;47.97441154
3259;13.04093139;47.97441274
3260;13.12425253;47.97440837
3261;13.20757301;47.97441449
3262;13.29089451;47.97441439
3263;13.37422873;47.97441708
3264;13.45754949;47.97442301
3265;13.54087099;47.97442161
3266;13.62419222;47.974432
3267;13.70751358;47.97443626
3268;13.79083497;47.97443357
3269;13.87415786;47.97443292
3270;13.95747886;47.97444413
3271;14.04080299;47.9744494
3272;14.1241251;47.97445717
3273;14.20743615;47.97444946
3274;14.29077275;47.97446165
3275;14.37409469;47.9744589
3276;14.45740415;47.9744584
3277;14.54072555;47.97446898
3278;14.62404846;47.97447359
3279;14.70737227;47.97446215
3280;14.79069691;47.97447133
3363;12.79166184;47.92500027
3364;12.87429208;47.92440791
3365;12.95761351;47.92441556
3366;13.04093463;47.92441792
3367;13.12425568;47.92442202
3368;13.20757678;47.92442835
3369;13.29089824;47.92441936
3370;13.37423259;47.92442205
3371;13.45755378;47.92443613
3372;13.54087478;47.92443471
3373;13.62419592;47.92443662
3374;13.70751677;47.92444047
3375;13.79083829;47.92443745
3376;13.87416094;47.92444638
3377;13.95748336;47.92444797
3378;14.04079294;47.92445314
3379;14.12411563;47.92446064
3380;14.20745338;47.92445263
3381;14.29077643;47.92446517
3382;14.37408445;47.92446233
3383;14.45742014;47.92447025
3384;14.54073027;47.92446291
3385;14.62405225;47.92446718
3386;14.70737559;47.92447392
3387;14.79070014;47.92448292
3471;12.87430892;47.87442078
3472;12.95763044;47.87441967
3473;13.0409383;47.87442183
3474;13.12425871;47.87442597
3475;13.2075801;47.87443268
3476;13.29091438;47.87443262
3477;13.37423565;47.8744353
3478;13.45755805;47.87444018
3479;13.54087814;47.87443884
3480;13.62419957;47.87444026
3481;13.7075208;47.87444388
3482;13.79082913;47.87445004
3483;13.87415161;47.87445863
3484;13.95747348;47.87445117
3485;14.04081009;47.87445657
3486;14.12413297;47.87446378
3487;14.20744365;47.87446456
3488;14.29076582;47.87445929
3489;14.37410194;47.87447408
3490;14.45741069;47.87447339
3491;14.54073447;47.87447449
3492;14.62406999;47.87447818
3493;14.70737915;47.87447609
3494;14.79070496;47.87448491
3578;12.87431212;47.82442389
3579;12.95763343;47.82442338
3580;13.04095538;47.82442525
3581;13.12427633;47.8244295
3582;13.20759696;47.82443623
3583;13.29091804;47.82443644
3584;13.3742393;47.82443856
3585;13.45756195;47.8244439
3586;13.5408709;47.82444274
3587;13.62419064;47.82444321
3588;13.7075124;47.82444736
3589;13.79083371;47.82445314
3590;13.87415599;47.82446196
3591;13.9574925;47.8244638
3592;14.04081458;47.82445945
3593;14.12412417;47.82446666
3594;14.20744689;47.82446725
3595;14.29078263;47.82447075
3596;14.37409219;47.82447664
3597;14.45741547;47.82447589
3598;14.54073885;47.82448602
3599;14.62406009;47.82448061
3600;14.70738446;47.82448673
3601;14.79070957;47.8244951
3685;12.87430127;47.77443577
3686;12.95763613;47.77442647
3687;13.04095808;47.77443747
3688;13.12427927;47.77444157
3689;13.20760035;47.77443979
3690;13.29092176;47.77443954
3691;13.37423046;47.77444111
3692;13.45755252;47.77444682
3693;13.54087434;47.774455
3694;13.62419618;47.77445608
3695;13.70751692;47.77445055
3696;13.79085262;47.77446513
3697;13.87417411;47.77446478
3698;13.95749685;47.77446643
3699;14.040806;47.7744619
3700;14.1241285;47.7744693
3701;14.20746428;47.77447877
3702;14.29077395;47.77447356
3703;14.3741104;47.77448781
3704;14.45742074;47.77448686
3705;14.54074244;47.77447904
3706;14.62406559;47.77449174
3707;14.70737659;47.77448859
3708;14.79070095;47.77449614
3783;12.12442894;47.7244143
3784;12.20773815;47.72442647
3785;12.29106116;47.72441544
3786;12.37437013;47.72442424
3787;12.4577057;47.72442597
3788;12.54101463;47.72442159
3789;12.62435025;47.72442893
3790;12.70767333;47.72442916
3791;12.79098228;47.72443214
3792;12.87430351;47.72443884
3793;12.95762461;47.72443827
3794;13.04096144;47.72443971
3795;13.12428293;47.72444449
3796;13.20760366;47.72444254
3797;13.29092609;47.72445148
3798;13.37423419;47.72445389
3799;13.45755672;47.72444994
3800;13.54087846;47.72445773
3801;13.62420051;47.72445897
3802;13.70752141;47.72446248
3803;13.79085677;47.72446847
3804;13.87417902;47.72446779
3805;13.95748861;47.72446943
3806;14.04081132;47.72447384
3807;14.12414676;47.72447197
3808;14.20745578;47.72448144
3809;14.29079228;47.72448443
3810;14.37410208;47.72448053
3811;14.45742602;47.7244973
3812;14.54074901;47.72448935
3813;14.6240724;47.72449262
3814;14.70739685;47.72449841
3815;14.7907078;47.72449789
3890;12.12441507;47.67442487
3891;12.20773796;47.67441915
3892;12.29107341;47.67442589
3893;12.37438339;47.67443518
3894;12.45770635;47.67443692
3895;12.5410284;47.67443264
3896;12.62433749;47.67443099
3897;12.70767459;47.67444037
3898;12.79099741;47.67444294
3899;12.87430532;47.67444992
3900;12.95762697;47.67445013
3901;13.04096301;47.67444262
3902;13.12428587;47.67444641
3903;13.2076073;47.67445348
3904;13.29092975;47.67445371
3905;13.37423766;47.67445612
3906;13.45756047;47.67446116
3907;13.54088237;47.67446011
3908;13.62420505;47.67446114
3909;13.70754006;47.67447374
3910;13.79086218;47.67447983
3911;13.8741711;47.67447942
3912;13.95749402;47.67448111
3913;14.04083057;47.67447608
3914;14.12413993;47.67448255
3915;14.20746282;47.67449247
3916;14.29078541;47.67449481
3917;14.37410852;47.67449068
3918;14.4574326;47.67448934
3919;14.54075678;47.6744995
3920;14.62406709;47.67450305
3921;14.70739126;47.6744997
3922;14.79071618;47.67450746
3994;11.87445109;47.624428
3995;11.95777686;47.62442522
3996;12.04110275;47.62442428
3997;12.12442685;47.62442575
3998;12.20774956;47.62442915
3999;12.29105945;47.62443605
4000;12.37438292;47.62442704
4001;12.45770519;47.62443899
4002;12.54102894;47.62443481
4003;12.62435154;47.62444177
4004;12.70767493;47.62444263
4005;12.79099696;47.62444637
4006;12.87431962;47.62445217
4008;13.04095179;47.62446286
4009;13.12428834;47.62445773
4010;13.20761039;47.62446444
4011;13.29093273;47.62445523
4012;13.37424172;47.62445736
4013;13.45756433;47.62447175
4014;13.5408861;47.62447069
4015;13.62420963;47.62448086
4016;13.70754532;47.62447553
4017;13.79085474;47.62448171
4018;13.87417767;47.62448128
4019;13.95750017;47.62448281
4020;14.04082309;47.62448687
4021;14.12414606;47.62448444
4022;14.20745623;47.62449437
4023;14.29079236;47.62448713
4024;14.37411629;47.62450096
4025;14.45742766;47.62449952
4026;14.54075176;47.62450056
4027;14.62407558;47.62450364
4028;14.70739971;47.62450911
4029;14.79072511;47.62451707
4101;11.87446062;47.57442772
4102;11.95777302;47.57443421
4103;12.041099;47.57443288
4104;12.1244242;47.57443505
4105;12.20774709;47.57443952
4106;12.29107056;47.57443768
4107;12.3743947;47.57443712
4108;12.45770532;47.5744398
4109;12.54104204;47.57444536
4110;12.62435174;47.5744526
4111;12.70768798;47.57445314
4112;12.79099777;47.57445716
4113;12.87432108;47.57445393
4115;13.04095404;47.5744637
4116;13.12429038;47.5744686
4117;13.20761341;47.5744656
4118;13.29093584;47.5744743
4119;13.3742461;47.57447643
4120;13.45756853;47.5744732
4121;13.54089101;47.5744812
4122;13.62422735;47.57448185
4123;13.70753764;47.57448555
4124;13.79086132;47.57448245
4125;13.8741839;47.57449114
4126;13.95749397;47.57449314
4127;14.04082956;47.57449751
4128;14.12413935;47.57449527
4129;14.20747663;47.5744948
4130;14.29078688;47.57449703
4131;14.37411139;47.57450193
4132;14.4574368;47.57450896
4133;14.54076154;47.57450968
4134;14.62408582;47.57451306
4135;14.70740985;47.57451838
4136;14.79072215;47.57451735
4208;11.8744566;47.52442796
4209;11.95778167;47.52443376
4210;12.04110823;47.52443304
4211;12.12443302;47.52443535
4212;12.20775744;47.52443986
4213;12.29106806;47.524447
4214;12.3743919;47.52444694
4215;12.45771662;47.52444955
4216;12.54104106;47.52445511
4217;12.62435209;47.524454
4218;12.70767474;47.52445427
4219;12.79101191;47.52445849
4220;12.87432241;47.52446426
4221;12.95764634;47.52446331
4222;13.04095654;47.52446475
4223;13.12429341;47.5244695
4224;13.20761687;47.52447607
4225;13.29094006;47.52447578
4226;13.37424994;47.52447791
4227;13.45757239;47.52448347
4228;13.54089631;47.52448246
4229;13.62423254;47.52448299
4230;13.70754338;47.52448609
4231;13.7908675;47.52449222
4232;13.87419072;47.52449186
4233;13.95750097;47.52449369
4234;14.04083699;47.52449807
4235;14.12414681;47.52450474
4236;14.2074718;47.52450427
4237;14.29079671;47.5245062
4238;14.37412102;47.52451135
4239;14.45743312;47.52450949
4240;14.54075781;47.52451016
4241;14.62408214;47.5245135
4242;14.70740704;47.52451867
4243;14.79073285;47.52451703
4315;11.87446341;47.47444565
4316;11.95779004;47.47444289
4317;12.04111631;47.47445085
4318;12.12444244;47.47445376
4319;12.20775365;47.47445029
4320;12.2910785;47.47445648
4321;12.37440359;47.47445616
4322;12.45771463;47.47445941
4323;12.54103986;47.47446442
4324;12.62436394;47.47446348
4325;12.7076743;47.47446449
4326;12.79101217;47.47446823
4327;12.87432339;47.47447387
4328;12.95764785;47.4744727
4329;13.04097194;47.4744743
4330;13.12429597;47.47447867
4331;13.20761998;47.47447673
4332;13.29094451;47.47448581
4333;13.37425438;47.47448822
4334;13.45757752;47.4744845
4335;13.54090199;47.47449219
4336;13.62422472;47.474493
4337;13.70754965;47.47449621
4338;13.79087356;47.47450211
4339;13.87418394;47.47450175
4340;13.95750854;47.47450373
4341;14.04083319;47.47450756
4342;14.1241568;47.4745135
4343;14.2074812;47.47451321
4344;14.29079317;47.47451569
4345;14.37411816;47.47452046
4346;14.45744302;47.47451853
4347;14.54076833;47.47452844
4348;14.62408045;47.47453122
4349;14.7074057;47.47452725
4350;14.79073215;47.47453445
4422;11.8744696;47.4244441
4423;11.9577968;47.42445124
4424;12.04110995;47.42445084
4425;12.12443642;47.42445307
4426;12.20776274;47.42444894
4427;12.2910747;47.42445624
4428;12.37440006;47.4244564
4429;12.4577119;47.4244681
4430;12.54105063;47.42446524
4431;12.62436198;47.42447273
4432;12.70768647;47.42447361
4433;12.79101202;47.42447735
4434;12.87433764;47.42447382
4435;12.95764907;47.42448192
4436;13.0409732;47.42448347
4437;13.12429758;47.42447897
4438;13.20762261;47.42448576
4439;13.29094745;47.42448558
4440;13.37425829;47.42448771
4441;13.45758258;47.42449354
4442;13.54090714;47.42449193
4443;13.62423152;47.42450226
4444;13.70755602;47.42450544
4445;13.79086653;47.42450206
4446;13.87419085;47.42451059
4447;13.95750417;47.42451183
4448;14.04084191;47.42451597
4449;14.12415289;47.4245132
4450;14.20749106;47.42452172
4451;14.29080299;47.42451538
4452;14.37412891;47.42452003
4453;14.45744032;47.42451811
4454;14.54076636;47.42452742
4455;14.62409339;47.42453066
4456;14.7074195;47.42453552
4457;14.79073216;47.42453308
4529;11.87447555;47.37445223
4530;11.95778952;47.37444982
4531;12.04111601;47.37445863
4532;12.12444282;47.3744608
4533;12.20776956;47.37446644
4534;12.29108291;47.37446393
4535;12.3744089;47.37446503
4536;12.45772153;47.37446803
4537;12.54104763;47.37446423
4538;12.62435978;47.37448127
4539;12.70769833;47.37448212
4540;12.79101138;47.37447703
4541;12.87433736;47.37448312
4542;12.95764897;47.37448255
4543;13.04097429;47.37448395
4544;13.12429927;47.37448782
4545;13.20762479;47.37448546
4546;13.29095054;47.37449428
4547;13.37426251;47.37449687
4548;13.45758725;47.37449314
4549;13.54091239;47.37450106
4550;13.62422358;47.37450268
4551;13.70756186;47.37450551
4552;13.79087449;47.37451182
4553;13.87419917;47.37451
4554;13.95751222;47.3745211
4555;14.04085096;47.37452506
4556;14.12416312;47.37451321
4557;14.20748838;47.37452145
4558;14.2908011;47.37452383
4559;14.37412709;47.37452856
4560;14.45744016;47.37453505
4561;14.54076635;47.37453561
4562;14.62409316;47.37453826
4563;14.70742002;47.37453444
4564;14.79073436;47.37454223
4636;11.87446633;47.32445922
4637;11.95779359;47.32446639
4638;12.0411208;47.32446635
4639;12.12443527;47.32446008
4640;12.2077623;47.32447374
4641;12.29107635;47.32447164
4642;12.37440377;47.32447257
4643;12.45773052;47.32447605
4644;12.54105741;47.3244728
4645;12.62437095;47.3244799
4646;12.70769686;47.32448149
4647;12.79102449;47.32448506
4648;12.87433703;47.32449059
4649;12.95766315;47.32449085
4650;13.04098853;47.32449265
4651;13.12431376;47.32449682
4652;13.20762714;47.32449361
4653;13.29095269;47.3244942
4654;13.37426592;47.32449633
4655;13.45759156;47.32450186
4656;13.54090402;47.32451006
4657;13.62422971;47.32450996
4658;13.70756795;47.32451405
4659;13.79088186;47.32451957
4660;13.87419449;47.32451886
4661;13.95752101;47.32452037
4662;14.04084757;47.32452389
4663;14.12416056;47.32452132
4664;14.20748652;47.32452966
4665;14.2908129;47.32453155
4666;14.3741269;47.32453611
4667;14.45745325;47.3245429
4668;14.54077973;47.32453416
4669;14.6241077;47.32454528
4670;14.70742141;47.32455019
4671;14.79074942;47.32454848
4743;11.87448217;47.27446612
4744;11.95781012;47.27446407
4745;12.04112489;47.27447329
4746;12.12443963;47.2744754
4747;12.2077678;47.27447119
4748;12.29109554;47.27447869
4749;12.37441087;47.27447979
4750;12.45773809;47.27448318
4751;12.5410529;47.27448011
4752;12.62436724;47.27447886
4753;12.70769436;47.27448867
4754;12.79102193;47.27449241
4755;12.87433588;47.27449002
4756;12.95766251;47.27449858
4757;13.04098922;47.27450106
4758;13.12431545;47.27449636
4759;13.2076293;47.27450245
4760;13.29095535;47.27450221
4761;13.37426965;47.27450462
4762;13.45759616;47.27450986
4763;13.54090983;47.27450877
4764;13.62423661;47.27451847
4765;13.7075624;47.27452182
4766;13.79088968;47.27451817
4767;13.87420344;47.27452639
4768;13.95753055;47.27452812
4769;14.04084362;47.27452292
4770;14.12417099;47.27452891
4771;14.20748524;47.27453781
4772;14.29081247;47.27453933
4773;14.37412668;47.2745435
4774;14.45745443;47.27454165
4775;14.54078195;47.27455031
4776;14.62409566;47.27455217
4777;14.7074109;47.27454777
4778;14.79073941;47.27455482
4850;11.87448423;47.22447187
4851;11.95779963;47.22447918
4852;12.04112856;47.22447942
4853;12.1244441;47.22448157
4854;12.20775932;47.22447735
4855;12.29108861;47.22447616
4856;12.37440403;47.22448619
4857;12.45773235;47.22448968
4858;12.54104799;47.22448624
4859;12.62438985;47.22448626
4860;12.70770422;47.22449615
4861;12.7910197;47.2244997
4862;12.87433403;47.22449745
4863;12.95767522;47.22449757
4864;13.04098993;47.22449986
4865;13.12431666;47.22450391
4866;13.20763074;47.2245012
4867;13.29095853;47.22451006
4868;13.37427369;47.22451219
4869;13.45760157;47.22450824
4870;13.54091556;47.2245152
4871;13.62424285;47.22451644
4872;13.70755654;47.22452007
4873;13.79089763;47.22452541
4874;13.87421253;47.22453405
4875;13.95752707;47.2245355
4876;14.04085418;47.22453043
4877;14.12418312;47.22453634
4878;14.20749765;47.22454514
4879;14.29081286;47.22454621
4880;14.37414028;47.22454135
4881;14.45746883;47.2245481
4882;14.54078423;47.22455731
4883;14.62409978;47.22455905
4884;14.70742852;47.22456279
4885;14.7907441;47.22456067
4957;11.87448436;47.17447803
4958;11.95780104;47.17447594
4959;12.04111777;47.17448572
4960;12.12444759;47.17447999
4961;12.20777685;47.17449299
4962;12.29109374;47.17449141
4963;12.3744233;47.17448394
4964;12.45773915;47.17449641
4965;12.54106896;47.17449314
4966;12.62438579;47.17449361
4967;12.70770134;47.17450386
4968;12.79101688;47.17450729
4969;12.87435878;47.17450483
4970;12.95767448;47.17450434
4971;13.04099037;47.17450731
4972;13.12431769;47.17452057
4973;13.20763334;47.1745177
4974;13.29096169;47.17451747
4975;13.37427776;47.17451988
4976;13.45760619;47.17452455
4977;13.5409212;47.17453177
4978;13.62425019;47.1745238
4979;13.70756413;47.17452711
4980;13.79087964;47.17453298
4981;13.87422256;47.17454099
4982;13.95753746;47.17454247
4983;14.04085255;47.17453732
4984;14.12416835;47.17454324
4985;14.20749724;47.17455196
4986;14.29081254;47.1745444
4987;14.3741421;47.17455715
4988;14.4574575;47.17456318
4989;14.54078732;47.17455397
4990;14.62411778;47.17456507
4991;14.7074334;47.17455983
4992;14.79075045;47.17456627
5064;11.87448339;47.12448322
5065;11.95781394;47.12449088
5066;12.04113177;47.1244829
5067;12.12444919;47.12449458
5068;12.20776725;47.12449005
5069;12.29109797;47.12449789
5070;12.37441613;47.12449059
5071;12.45774583;47.12450298
5072;12.54106388;47.12449999
5073;12.62438148;47.12450054
5074;12.70769781;47.12451086
5075;12.79104095;47.12450566
5076;12.87435735;47.12451139
5077;12.95767401;47.12451076
5078;13.041004;47.1245229
5079;13.12432003;47.12451769
5080;13.20763578;47.12452457
5081;13.29096454;47.12452417
5082;13.37428158;47.12452658
5083;13.45761098;47.12453207
5084;13.54092682;47.12453
5085;13.6242435;47.12453975
5086;13.70757136;47.12453455
5087;13.79088821;47.12453954
5088;13.87420488;47.12453863
5089;13.95754812;47.12454882
5090;14.04086352;47.12454313
5091;14.12418029;47.12454925
5092;14.20749722;47.12455798
5093;14.29082684;47.1245504
5094;14.37414341;47.12456298
5095;14.45747396;47.12455996
5096;14.54077874;47.12456926
5097;14.62410934;47.1245617
5098;14.70742643;47.12457496
5099;14.79075688;47.12457211
5171;11.87449476;47.07448787
5172;11.9578134;47.07449579
5173;12.04113145;47.07449694
5174;12.12445056;47.07449076
5175;12.20778268;47.07449574
5176;12.29110114;47.07450384
5177;12.37443359;47.07450602
5178;12.45775166;47.0745094
5179;12.54107063;47.07450667
5180;12.62438898;47.07450683
5181;12.70771996;47.07451775
5182;12.79103787;47.07451248
5183;12.87435585;47.07451808
5184;12.95767348;47.0745263
5185;13.04100391;47.07452855
5186;13.12432078;47.07452364
5187;13.20763785;47.07453064
5188;13.29096791;47.07453016
5189;13.37428543;47.07453257
5190;13.4576164;47.07453786
5191;13.54093301;47.07453661
5192;13.62425016;47.07454623
5193;13.70757985;47.07454954
5194;13.79089748;47.07454604
5195;13.87421408;47.07454498
5196;13.95753199;47.07455451
5197;14.04084962;47.07454932
5198;14.12419392;47.07455538
5199;14.20751187;47.07456319
5200;14.29081642;47.07456482
5201;14.37414719;47.07456837
5202;14.45746501;47.07456546
5203;14.54079666;47.07456455
5204;14.62411577;47.07457573
5205;14.70743355;47.07458061
5206;14.79075163;47.07457769
5278;11.87449162;47.02450231
5279;11.95781127;47.02450064
5280;12.04113065;47.02450155
5281;12.12446377;47.02450463
5282;12.20778352;47.02450987
5283;12.29110286;47.02449999
5284;12.37442276;47.02451098
5285;12.45774256;47.02451501
5286;12.54107623;47.02451283
5287;12.62439553;47.02452113
5288;12.70771483;47.02452332
5289;12.79103392;47.02451811
5290;12.8743529;47.02452376
5291;12.95768543;47.02453254
5292;13.04100412;47.0245256
5293;13.12432194;47.02453
5294;13.20765356;47.02452766
5295;13.29097125;47.02453626
5296;13.37428959;47.02453895
5297;13.45762135;47.0245357
5298;13.54093945;47.02454241
5299;13.62425755;47.02454329
5300;13.70757549;47.02455559
5301;13.79090737;47.02455173
5302;13.87422534;47.02455006
5303;13.95754378;47.02456008
5304;14.04086252;47.02456372
5305;14.12418127;47.02456126
5306;14.2075129;47.0245689
5307;14.29083224;47.02457023
5308;14.37415103;47.02456462
5309;14.45748325;47.02457946
5310;14.54079012;47.0245787
5311;14.62412213;47.02458063
5312;14.7074417;47.02458555
5313;14.79076135;47.02459222
5385;11.87448786;46.97449751
5386;11.95782152;46.97450514
5388;12.1244631;46.97450867
5389;12.20778416;46.9745143
5390;12.29110566;46.97451324
5391;12.37443973;46.97451544
5392;12.45774734;46.97451945
5393;12.54106761;46.97451671
5394;12.6243888;46.97452537
5395;12.70770953;46.97452791
5396;12.79102995;46.97452285
5397;12.87436332;46.97452879
5398;12.95768308;46.97452884
5399;13.04100239;46.97453103
5400;13.12432239;46.97453536
5401;13.20765569;46.97454268
5402;13.29097418;46.97454193
5403;13.37429295;46.97454489
5404;13.45761375;46.97455018
5405;13.54094603;46.97454832
5406;13.62426548;46.97454918
5407;13.70758479;46.9745518
5408;13.7909039;46.97455704
5409;13.87423644;46.97455554
5410;13.95755612;46.97456541
5411;14.04087564;46.97456879
5412;14.12419471;46.97456569
5413;14.20751488;46.97457445
5414;14.29083554;46.97457551
5415;14.37415573;46.97457898
5416;14.45747547;46.9745843
5417;14.54080976;46.97458372
5418;14.62411715;46.9745858
5419;14.70743793;46.97459032
5420;14.79077121;46.9745877
5495;12.12445993;46.92452183
5496;12.20778368;46.92450958
5497;12.29110711;46.92451735
5498;12.37442803;46.92451953
5499;12.45774998;46.92452346
5500;12.54108458;46.92452061
5501;12.62440753;46.92452988
5502;12.70772919;46.9245322
5503;12.79105055;46.92453729
5504;12.87437282;46.92453394
5505;12.95769453;46.92453393
5506;13.04100216;46.92454455
5507;13.12432321;46.924549
5508;13.2076571;46.92454725
5509;13.29097756;46.92454715
5510;13.374298;46.92454984
5511;13.45761947;46.92455485
5512;13.54095327;46.92456215
5513;13.62425999;46.92456282
5514;13.70758019;46.9245568
5515;13.79090079;46.92456191
5516;13.87422177;46.9245697
5517;13.95754276;46.92457053
5518;14.04086293;46.92457368
5519;14.12418329;46.9245707
5520;14.20751808;46.92457818
5521;14.29083938;46.92457999
5522;14.37416076;46.92458337
5523;14.45746866;46.92457999
5524;14.54080423;46.92459729
5525;14.62412652;46.92459828
5526;14.70744751;46.92459396
5527;14.79076935;46.92460026
5602;12.12500632;46.87499645
5603;12.20778225;46.87452178
5604;12.29112014;46.87452114
5605;12.37443041;46.8745233
5606;12.45775306;46.87452732
5607;12.5410758;46.87452501
5608;12.62439974;46.87453408
5609;12.70772191;46.87454454
5610;12.79104576;46.87454134
5611;12.87436829;46.87453805
5612;12.9576914;46.8745467
5613;13.04101359;46.87454877
5614;13.12433651;46.87454424
5615;13.20765861;46.87455157
5616;13.2909809;46.87455195
5617;13.37430253;46.87455435
5618;13.45762621;46.87455926
5619;13.5409472;46.87455739
5620;13.6242678;46.87456729
5621;13.7075899;46.87457022
5622;13.79091218;46.87456684
5623;13.87423369;46.87457458
5624;13.95755605;46.87458444
5625;14.04087776;46.87457862
5626;14.12419902;46.8745751
5627;14.20752129;46.8745825
5628;14.29084339;46.87458432
5629;14.37415347;46.87458744
5630;14.4574896;46.87459317
5631;14.54079951;46.87459217
5632;14.62413669;46.87459346
5633;14.70744658;46.87459769
5634;14.79076872;46.87460359
5710;12.20779364;46.82452505
5711;12.29110598;46.82452436
5712;12.37443052;46.82453563
5713;12.45776789;46.82453984
5714;12.54107821;46.8245375
5715;12.62440342;46.82453682
5716;12.70772655;46.82454826
5717;12.79103835;46.8245444
5718;12.87436362;46.82455015
5719;12.95768842;46.82455088
5720;13.04101251;46.82455279
5721;13.12434984;46.82455731
5722;13.20766067;46.82455536
5723;13.29098429;46.82456474
5724;13.37430765;46.82456742
5725;13.45763146;46.82456314
5726;13.54094118;46.82457129
5727;13.62427666;46.82457131
5728;13.70760028;46.82457523
5729;13.79092305;46.82458006
5730;13.87423262;46.82457882
5731;13.95755631;46.82458891
5732;14.04087834;46.82458311
5733;14.12420291;46.82458787
5734;14.20751304;46.82459622
5735;14.2908362;46.82459639
5736;14.37417347;46.82459084
5737;14.45748488;46.82459653
5738;14.5408094;46.82459566
5739;14.62413517;46.82460607
5740;14.70744555;46.82460981
5741;14.79076927;46.82461567
5818;12.29111706;46.77453675
5819;12.37442978;46.77453826
5820;12.45775636;46.77454273
5821;12.54108135;46.77453992
5822;12.62440728;46.77454895
5823;12.70773277;46.77454246
5824;12.79105915;46.77455643
5825;12.87438516;46.77455405
5826;12.95769811;46.77456291
5827;13.04102459;46.77455586
5828;13.12434966;46.77456092
5829;13.2076619;46.77455973
5830;13.29098693;46.77456031
5831;13.37431223;46.77456262
5832;13.45762426;46.77456752
5833;13.54094812;46.77457518
5834;13.62427208;46.77457604
5835;13.70759624;46.77458847
5836;13.79092043;46.77458409
5837;13.87424543;46.77459155
5838;13.95755649;46.77458338
5839;14.04088124;46.77459543
5840;14.12420532;46.7745915
5841;14.20753077;46.77459875
5842;14.2908555;46.77459956
5843;14.37416849;46.77460249
5844;14.45749356;46.77459897
5845;14.54080739;46.77460721
5846;14.62413331;46.77460898
5847;14.70745944;46.77461226
5848;14.79078322;46.77461836
5925;12.29111444;46.72453914
5926;12.37444168;46.72454113
5927;12.45776961;46.72454474
5928;12.54108334;46.72454246
5929;12.62441072;46.72455137
5930;12.70773783;46.72455402
5931;12.7910525;46.72455871
5932;12.87438008;46.72456556
5933;12.95770735;46.72455652
5934;13.04102251;46.72455928
5935;13.12434984;46.72457309
5936;13.20767629;46.7245711
5937;13.29099064;46.72457111
5938;13.37431658;46.72457426
5939;13.45762899;46.7245798
5940;13.54095571;46.72458735
5941;13.62428082;46.72457891
5942;13.70759431;46.72458199
5943;13.79091899;46.72459593
5944;13.87424407;46.72459408
5945;13.95755745;46.72459523
5946;14.04088345;46.72459794
5947;14.12420944;46.72459441
5948;14.20753606;46.72460131
5949;14.29084915;46.72460261
5950;14.3741764;46.72460571
5951;14.45749047;46.72461065
5952;14.54081817;46.7246093
5953;14.624146;46.72461947
5954;14.70746058;46.72462325
5955;14.79078657;46.72462033
6033;12.37444073;46.67455133
6034;12.45776961;46.67455568
6035;12.54109831;46.67455384
6036;12.62440111;46.67455383
6037;12.70772945;46.67455572
6038;12.79105825;46.67456025
6039;12.87437371;46.67455809
6040;12.95770394;46.67456764
6041;13.04103306;46.67456991
6042;13.12434911;46.67456572
6043;13.20767749;46.67458257
6044;13.29099274;46.67458306
6045;13.37432096;46.67458574
6046;13.45763538;46.67459072
6047;13.54096339;46.67458081
6048;13.62427731;46.67459038
6049;13.70760347;46.67459375
6050;13.79091757;46.67458944
6051;13.87424452;46.67459645
6052;13.95757222;46.67459739
6053;14.04088629;46.67460049
6054;14.1242015;46.67460653
6055;14.20752937;46.67461317
6056;14.29085733;46.6746142
6057;14.37417247;46.67461706
6058;14.45750094;46.67461251
6059;14.54081791;46.67462018
6060;14.62413359;46.6746214
6061;14.70746264;46.6746252
6062;14.79077913;46.67463131
6141;12.45776938;46.62455737
6142;12.54108678;46.62455496
6143;12.62441697;46.62456419
6144;12.70774691;46.6245664
6145;12.79105165;46.62456147
6146;12.87438241;46.62456823
6147;12.95770013;46.62456877
6148;13.04103097;46.62458008
6149;13.12434872;46.62457646
6150;13.2076792;46.62457506
6151;13.29099556;46.6245852
6152;13.3743262;46.62458835
6153;13.45764201;46.62458432
6154;13.54097119;46.62459211
6155;13.62428736;46.62460082
6156;13.70761515;46.62459563
6157;13.79093046;46.62460045
6158;13.87425789;46.62459833
6159;13.95757393;46.62460873
6160;14.0408896;46.62461187
6161;14.12421933;46.62460848
6162;14.20753636;46.62461533
6163;14.29085236;46.62461593
6164;14.37418278;46.62461886
6165;14.45749965;46.62462352
6166;14.5408168;46.62462173
6167;14.62414768;46.62463188
6168;14.70747916;46.624626
6169;14.79079831;46.62463254
6252;12.79107074;46.57457203
6253;12.87437688;46.57457872
6254;12.9577093;46.57457897
6255;13.04102862;46.57458173
6256;13.12436122;46.57458679
6257;13.20768012;46.57458538
6258;13.29099844;46.57458616
6259;13.37433091;46.57458968
6260;13.45764886;46.57459455
6261;13.54096619;46.57460253
6262;13.62429591;46.57460377
6263;13.70761375;46.57460656
6264;13.79094377;46.57461177
6265;13.87424649;46.57460944
6266;13.95757509;46.57461056
6267;14.04089333;46.57461401
6268;14.12422483;46.57461909
6269;14.20752981;46.57462606
6270;14.29086081;46.5746172
6271;14.37417999;46.57462035
6272;14.45751274;46.57462461
6273;14.54083097;46.5746318
6274;14.62415058;46.57463225
6275;14.7074715;46.57463523
6276;14.79079309;46.57464212
6363;13.12436027;46.52458794
6364;13.2076805;46.52459526
6365;13.29100083;46.52459614
6366;13.37433455;46.52459929
6367;13.45765506;46.52460499
6368;13.54097436;46.52460387
6369;13.62429303;46.52460492
6370;13.70762423;46.52460821
6371;13.79092997;46.52461358
6372;13.87424827;46.52462089
6373;13.95757905;46.52462113
6374;14.04089827;46.52462425
6375;14.12421747;46.52462036
6376;14.20753757;46.52462763
6377;14.29085729;46.5246277
6378;14.37419165;46.52463872
6379;14.45751243;46.52463513
6380;14.54083346;46.5246414
6381;14.62415474;46.52463247
6382;14.70747737;46.52464433
6383;14.79080055;46.52464972
6476;13.62430207;46.47461488
6477;13.707609;46.47461841
6478;13.79094232;46.47461475
6479;13.87426294;46.47463101
6480;13.9575833;46.47463172
6481;14.04088961;46.47463478
6482;14.12422306;46.47463037
6483;14.20753191;46.47463693
6484;14.29086752;46.47463674
6485;14.37419045;46.47463852
6486;14.45750069;46.47464332
6487;14.54083658;46.47464129
6488;14.62415925;46.47464099
6489;14.70748363;46.47465292
6490;14.79079475;46.47464918
6588;14.0409088;46.42463507
6589;14.12421789;46.42464005
6590;14.20754098;46.42463745
6591;14.29086447;46.4246371
6592;14.37418966;46.42464771
6593;14.45751465;46.42464303
6594;14.5408398;46.42464966
6595;14.62416502;46.42464935
6596;14.70747751;46.42465206
6699;14.37499783;46.37499776
6700;14.45833515;46.37499995
6701;14.54165945;46.37499551
6702;14.6241585;46.37465771
3968;9.708071314;47.62435985
3969;9.791394275;47.62436359
3970;9.874717535;47.62436082
3976;10.37499367;47.62500219
3977;10.45797681;47.62438838
3978;10.54128582;47.62438652
3990;11.54116843;47.62441084
3991;11.6244928;47.62441364
3992;11.70781666;47.62441846
3993;11.7911273;47.62441705
4074;9.624760586;47.57436879
4075;9.708085215;47.57436109
4076;9.791394711;47.57436483
4077;9.874718305;47.57437116
4078;9.958041992;47.57437944
4079;10.04146748;47.57458858
4083;10.37500696;47.57499736
4084;10.45796723;47.57438912
4085;10.54129045;47.57439684
4086;10.62462679;47.57439796
4087;10.70793838;47.5744024
4088;10.79126381;47.57440858
4089;10.87458918;47.57440809
4090;10.95818197;47.57480444
4097;11.54117728;47.57442023
4098;11.62448892;47.57442294
4099;11.70782596;47.57442727
4100;11.79113734;47.57442587
4180;9.541434996;47.52436112
4181;9.624759532;47.52436936
4182;9.708084773;47.52437092
4183;9.791409223;47.52437479
4184;9.874719629;47.52438092
4185;9.958042945;47.52438944
4186;10.0413668;47.524391
4187;10.12469098;47.52438575
4190;10.37499411;47.5250018
4191;10.45798601;47.52439011
4192;10.54129668;47.52439801
4193;10.62461954;47.52439913
4194;10.70794468;47.52440294
4195;10.79125691;47.52440885
4196;10.87459572;47.52440852
4197;10.95792165;47.52440983
4202;11.37453629;47.5244233
4203;11.45786149;47.52442037
4204;11.54117386;47.52442953
4205;11.62449847;47.52443222
4206;11.70780997;47.52442762
4207;11.79114831;47.52442611
4287;9.541433055;47.47437015
4288;9.624758104;47.47437821
4289;9.708083402;47.47437984
4290;9.79140763;47.47438388
4291;9.87473312;47.47438076
4292;9.958057105;47.47438032
4293;10.04136833;47.47439143
4294;10.12469295;47.47438606
4297;10.37466597;47.47439478
4298;10.45797754;47.47440859
4299;10.54130181;47.47440719
4300;10.6246391;47.47440824
4301;10.70795095;47.47441131
4302;10.79127663;47.4744083
4303;10.87458941;47.47440803
4304;10.95791595;47.47441855
4305;11.04124254;47.47442219
4306;11.12456889;47.47441923
4307;11.20789481;47.4744271
4308;11.29122079;47.47442855
4309;11.37453344;47.47443185
4310;11.45785811;47.474429
4311;11.54118331;47.47442917
4312;11.62449517;47.47444094
4313;11.70782144;47.47443669
4314;11.79114706;47.47444324
4394;9.541430522;47.42437857
4395;9.624768967;47.42437743
4396;9.708081471;47.42438834
4397;9.791406468;47.42438391
4398;9.874733192;47.42438966
4399;9.958044603;47.42438904
4400;10.04136959;47.42439986
4401;10.1246948;47.42439508
4402;10.20801992;47.42440113
4403;10.29133179;47.42440141
4404;10.37465662;47.4244041
4405;10.45799527;47.42440889
4406;10.54130742;47.42440684
4407;10.62463203;47.42440771
4408;10.7079575;47.42441998
4409;10.79127051;47.42441669
4410;10.8745964;47.42442531
4411;10.95792416;47.4244174
4412;11.04125117;47.42443032
4413;11.12457809;47.42442755
4414;11.20789063;47.42442597
4415;11.29121744;47.42442788
4416;11.37454335;47.4244317
4417;11.45786904;47.42443836
4418;11.54118126;47.42443788
4419;11.62450644;47.42443983
4420;11.70781996;47.42444485
4421;11.79114667;47.42445096
4501;9.541590881;47.37479683
4502;9.624766472;47.37438569
4503;9.708078333;47.37439639
4504;9.791404439;47.37440056
4505;9.874732165;47.37438857
4506;9.958058326;47.37439703
4507;10.04138411;47.3743987
4508;10.12469649;47.37440338
4509;10.20802283;47.37440945
4510;10.29134832;47.37441002
4511;10.3746738;47.37440371
4512;10.45798678;47.37440833
4513;10.54131286;47.37441514
4514;10.62462552;47.37441657
4515;10.70795158;47.37441953
4516;10.79127801;47.37442543
4517;10.87460473;47.37442388
4518;10.95791926;47.37443406
4519;11.04124624;47.37443783
4520;11.12457325;47.37443471
4521;11.2079007;47.37443405
4522;11.29122784;47.37444373
4523;11.3745407;47.37443967
4524;11.45786728;47.37443732
4525;11.54119375;47.37444575
4526;11.62450649;47.37444742
4527;11.70783419;47.37444259
4528;11.79114797;47.37444936
4607;9.45833524;47.32500068
4608;9.541585183;47.32480101
4609;9.624776954;47.3243936
4610;9.708088714;47.32439519
4611;9.791415883;47.32439895
4612;9.874730642;47.32440531
4613;9.958058148;47.32440455
4614;10.04138529;47.32440626
4615;10.12471185;47.32440171
4616;10.2080251;47.32440852
4617;10.2913513;47.3244092
4618;10.37466426;47.32441161
4619;10.45800507;47.32441666
4620;10.5413186;47.32441493
4621;10.62464511;47.32441593
4622;10.70795873;47.32441935
4623;10.79128558;47.32442446
4624;10.87461383;47.32443213
4625;10.95792814;47.32443343
4626;11.04125609;47.32443639
4627;11.12457028;47.32443327
4628;11.20789782;47.32444133
4629;11.2912254;47.32444266
4630;11.37453913;47.32444694
4631;11.45786659;47.32445402
4632;11.54119382;47.32445334
4633;11.62452082;47.32444462
4634;11.70783543;47.32444925
4635;11.79114971;47.32445698
4714;9.4583271;47.27500206
4715;9.541591799;47.27479505
4716;9.624772838;47.27440043
4717;9.708087044;47.27440155
4718;9.791413684;47.27439694
4719;9.874742072;47.27441212
4720;9.958057692;47.27441163
4721;10.04138566;47.27440429
4722;10.12469969;47.27441811
4723;10.20804048;47.27441608
4724;10.29135424;47.27441619
4725;10.37466882;47.27442778
4726;10.45799663;47.27442384
4727;10.54131168;47.2744221
4728;10.62463851;47.27442337
4729;10.70796697;47.27442671
4730;10.79129401;47.27444077
4731;10.87460983;47.27443862
4732;10.95793768;47.27444062
4733;11.04125281;47.27444404
4734;11.12458071;47.27444002
4735;11.20789626;47.2744479
4736;11.29123753;47.27444987
4737;11.37455139;47.27444578
4738;11.45788042;47.27445245
4739;11.54118251;47.27445182
4740;11.62450989;47.27445207
4741;11.70782414;47.27445713
4742;11.79116558;47.27446382
4821;9.458331516;47.22500311
4822;9.541597739;47.2248066
4823;9.624768874;47.22439729
4824;9.708097002;47.22440754
4825;9.791425493;47.2244118
4826;9.874741402;47.22440917
4827;9.95805742;47.22441828
4828;10.04138516;47.22442034
4829;10.12471389;47.22441585
4830;10.20802878;47.22442279
4831;10.29135752;47.22442284
4832;10.37467286;47.22442524
4833;10.45800234;47.22443029
4834;10.54133046;47.22443825
4835;10.62464568;47.22443821
4836;10.70795968;47.22443257
4837;10.79128952;47.22443815
4838;10.87460618;47.22443595
4839;10.95793428;47.22443762
4840;11.04125027;47.22445034
4841;11.12457964;47.22444754
4842;11.20790861;47.22444597
4843;11.2912369;47.22445749
4844;11.37455268;47.22446118
4845;11.45788197;47.22445865
4846;11.54119764;47.22445795
4847;11.62451289;47.22445895
4848;11.70782758;47.22446386
4849;11.79115743;47.22447002
4929;9.541662626;47.17499814
4930;9.624776343;47.17440445
4931;9.708106578;47.17440466
4932;9.791422757;47.17440882
4933;9.874752396;47.17441567
4934;9.958069663;47.17441554
4935;10.0413987;47.17442634
4936;10.12471491;47.17443112
4937;10.20804424;47.17441983
4938;10.29136002;47.17442886
4939;10.37467692;47.17443155
4940;10.45800647;47.17443631
4941;10.5413232;47.17443509
4942;10.62465274;47.17444418
4943;10.70796932;47.17443832
4944;10.79128483;47.17444437
4945;10.87462812;47.17445155
4946;10.95794468;47.17445321
4947;11.04127474;47.17445706
4948;11.12457807;47.17445296
4949;11.20790709;47.17445288
4950;11.29123783;47.17446412
4951;11.37455442;47.17445844
4952;11.4578843;47.17447351
4953;11.54120067;47.17447297
4954;11.6245166;47.17446595
4955;11.70784562;47.17446927
4956;11.79116295;47.1744759
5036;9.541666656;47.12499841
5037;9.624770922;47.12441026
5038;9.708101737;47.12441129
5039;9.791419437;47.12442293
5040;9.874737502;47.12442079
5041;9.958080801;47.12442099
5042;10.04138587;47.12442313
5043;10.12471558;47.12442769
5044;10.2080331;47.12443439
5045;10.29136324;47.12443417
5046;10.37468102;47.12443686
5047;10.45799733;47.12444135
5048;10.54132895;47.12444084
5049;10.62464572;47.1244503
5050;10.70797679;47.12445309
5051;10.79130824;47.12444921
5052;10.87462417;47.12444857
5053;10.95794327;47.12445889
5054;11.04127352;47.12445369
5055;11.12459029;47.12445924
5056;11.20792096;47.12446779
5057;11.29123943;47.12445985
5058;11.37455675;47.1244727
5059;11.45787476;47.1244699
5060;11.54120553;47.12447829
5061;11.62452184;47.12447114
5062;11.70785155;47.12448276
5063;11.79116855;47.12448026
5143;9.541669946;47.07500724
5144;9.624778421;47.07441572
5145;9.708109959;47.07442544
5146;9.791428515;47.07442007
5147;9.874747438;47.07443512
5148;9.958066323;47.07442573
5149;10.0413984;47.07442798
5150;10.1247163;47.07444153
5151;10.20804778;47.07443917
5152;10.29136578;47.07443932
5153;10.37468487;47.07444173
5154;10.45801611;47.07443859
5155;10.54133477;47.07444577
5156;10.62466639;47.07445537
5157;10.70797196;47.0744581
5158;10.79130387;47.07445465
5159;10.87462213;47.07445386
5160;10.95794095;47.07445468
5161;11.04127186;47.07445887
5162;11.12460337;47.07446454
5163;11.20792206;47.07447291
5164;11.29124041;47.07447443
5165;11.37455952;47.07446966
5166;11.45787955;47.07447565
5167;11.54121158;47.07448373
5168;11.62452883;47.07448573
5169;11.7078453;47.07448894
5170;11.7911759;47.0744853
5250;9.541672894;47.02499764
5251;9.624785256;47.02442974
5252;9.708105018;47.02443092
5253;9.791424572;47.02443414
5254;9.874758003;47.02443076
5255;9.958078365;47.02443049
5256;10.04139758;47.02444154
5257;10.12471639;47.02443722
5258;10.20804854;47.02444397
5259;10.29136828;47.02444432
5260;10.37470163;47.02444672
5261;10.45800813;47.02445203
5262;10.54134121;47.02445037
5263;10.62466061;47.02445051
5264;10.70798068;47.02446272
5265;10.79129978;47.02445956
5266;10.87461941;47.02445845
5267;10.95795313;47.0244686
5268;11.04127213;47.02446343
5269;11.12460443;47.0244695
5270;11.20792374;47.02447741
5271;11.291244;47.02447922
5272;11.37456509;47.02448362
5273;11.45788454;47.02448978
5274;11.54121724;47.02448004
5275;11.62453518;47.02449063
5276;11.70785271;47.02449444
5277;11.79117116;47.02450074
5360;9.791433648;46.97442986
5361;9.874754708;46.97443518
5362;9.958075947;46.97443412
5363;10.04139669;46.97444549
5364;10.12471708;46.97445074
5365;10.20805007;46.97443924
5366;10.29135762;46.9744484
5367;10.37469183;46.97445128
5368;10.45801345;46.97444748
5369;10.54134844;46.97445406
5370;10.62465539;46.97445504
5371;10.70798874;46.97446719
5372;10.7913089;46.97446398
5373;10.8746432;46.97447148
5374;10.95795187;46.97447326
5375;11.04127222;46.97447665
5376;11.12460609;46.97447402
5377;11.2079264;46.97447314
5378;11.29124769;46.97447486
5379;11.37456934;46.97448815
5380;11.45788973;46.97448605
5381;11.54121014;46.97449413
5382;11.62454252;46.97449565
5383;11.70784811;46.97449949
5384;11.79116804;46.9745051
5468;9.874764208;46.92443978
5469;9.958086477;46.92443875
5470;10.04140766;46.92444087
5471;10.12473026;46.92444503
5472;10.20805099;46.92445262
5473;10.29137284;46.92445271
5474;10.37470891;46.92445511
5475;10.4580191;46.92446012
5476;10.54134144;46.92446727
5477;10.62467668;46.9244588
5478;10.70798442;46.92447126
5479;10.79131881;46.92447742
5480;10.87464129;46.92447602
5481;10.95796339;46.92447713
5482;11.04127191;46.92448062
5483;11.12460753;46.92447755
5484;11.20792965;46.92448615
5485;11.29125169;46.92448805
5575;9.874760153;46.87445288
5576;9.958083405;46.87444317
5577;10.04140618;46.87445414
5578;10.12472953;46.87445851
5579;10.20805185;46.87445629
5580;10.29137562;46.87445648
5581;10.37470003;46.87446807
5582;10.45802474;46.87447298
5583;10.54134769;46.87447148
5584;10.62467053;46.87446301
5585;10.70799317;46.87446613
5586;10.79131625;46.87447157
5587;10.87464007;46.87447958
5588;10.95796289;46.87448119
5589;11.04128572;46.87448482
5590;11.12460943;46.87449048
5684;10.04140455;46.82445807
5685;10.12472895;46.82446256
5686;10.20805308;46.82446008
5687;10.29147465;46.82464739
5689;10.45802951;46.82446758
5690;10.54135462;46.82446597
5691;10.62466555;46.82448478
5692;10.70800306;46.82447866
5693;10.79131466;46.82448419
5694;10.87463993;46.82449198
5695;10.95796427;46.82448436
5696;11.04128787;46.82448802
5697;11.12461207;46.82449398
5799;10.70799988;46.77448188
5800;10.79132627;46.77448696
5801;10.87465284;46.77448533
5802;10.9579781;46.77448711
5803;11.04128982;46.77449079
5804;11.12460223;46.77449714
5907;10.79132446;46.7244988
5908;10.87465213;46.72449741
5909;10.95797886;46.72449858
5910;11.04141682;46.72466777